#BLTrackFile VirtualDetector/beamDet
#x y z Px Py Pz t PDGid EventID TrackID ParentID Weight
#mm mm mm MeV/c MeV/c MeV/c ns - - - - -
9.40276 20.8286 73810 -10.542 26.969 210.488 467.39 -13 2 1 0 1
20.4374 10.5742 73810 -6.07824 33.6178 206.423 467.243 -13 3 1 0 1
-25.6217 42.6213 73810 -56.4521 37.3547 203.699 467.458 -13 4 1 0 1
-25.492 5.08737 73810 -48.2789 -6.03031 203.038 467.341 -13 5 1 0 1
-24.3324 38.2957 73810 -34.8995 8.57724 198.339 467.147 -13 6 1 0 1
-17.6729 25.4583 73810 -25.2409 5.2809 204.949 467.084 -13 7 1 0 1
-12.3402 25.6453 73810 -16.6209 14.3084 212.385 467.32 -13 8 1 0 1
31.1393 6.94462 73810 2.37518 19.7314 212.896 467.051 -13 9 1 0 1
-2.84895 12.1802 73810 -36.983 15.3228 248.692 467.204 -13 11 1 0 1
-5.51218 -0.480027 73810 6.57043 -3.39351 223.919 466.987 -13 12 1 0 1
-9.54762 5.45884 73810 1.00905 19.1386 241.518 467.057 -13 14 1 0 1
-19.2504 25.7178 73810 -42.6195 5.06789 248.479 467.406 -13 15 1 0 1
-2.98863 20.6307 73810 3.91009 26.8865 260.068 467.546 -13 16 1 0 1
19.1729 30.9616 73810 -19.3472 40.7601 252.331 467.301 -13 17 1 0 1
-16.8186 -4.57375 73810 2.84733 -6.33336 225.741 467.076 -13 18 1 0 1
-6.6342 21.2112 73810 -25.3191 11.1879 211.106 467.118 -13 19 1 0 1
-31.8518 17.9286 73810 -26.0963 41.7928 243.199 467.181 -13 20 1 0 1
32.7899 37.0252 73810 5.86409 42.1608 204.718 467.309 -13 21 1 0 1
7.43108 1.28529 73810 -3.40096 1.89778 211.086 467.257 -13 22 1 0 1
-1.61585 36.4283 73810 -29.3354 46.0201 208.894 467.53 -13 23 1 0 1
11.4208 7.97583 73810 3.544 -7.6204 217.065 467.28 -13 24 1 0 1
32.9407 -12.4536 73810 40.3972 19.0051 225.809 467.267 -13 25 1 0 1
5.63016 22.8724 73810 -5.78088 19.3363 200.964 467.322 -13 26 1 0 1
6.05926 -5.89506 73810 6.47264 5.88015 223 467.087 -13 27 1 0 1
-28.4612 9.81485 73810 -37.239 -2.37936 251.588 467.233 -13 28 1 0 1
-34.8848 4.29237 73810 -29.2993 6.73346 225.409 467.929 -13 29 1 0 1
-8.21269 25.8193 73810 -15.849 28.6344 216.537 467.013 -13 30 1 0 1
-6.05749 -1.87101 73810 -10.2164 29.6634 244.63 467.116 -13 31 1 0 1
11.5912 22.7805 73810 -1.72946 54.2743 243.047 467.664 -13 32 1 0 1
-7.13132 17.8405 73810 -29.04 19.9551 226.286 466.981 -13 33 1 0 1
7.62994 43.9622 73810 -6.77224 60.3933 219.256 467.089 -13 36 1 0 1
-34.639 16.5005 73810 19.6019 -57.1743 281.687 467.008 -13 37 1 0 1
9.9592 13.363 73810 12.8965 32.801 220.9 467.171 -13 38 1 0 1
-9.94403 32.3649 73810 -35.9073 19.6548 216.886 467.21 -13 40 1 0 1
-24.6547 6.2471 73810 -34.4444 19.6121 240.788 467.179 -13 41 1 0 1
-3.63453 6.79129 73810 -17.3027 1.8817 222.524 467.095 -13 42 1 0 1
6.95111 18.5773 73810 0.53644 36.8704 236.699 467.228 -13 44 1 0 1
3.21493 22.2918 73810 -25.7592 19.4701 235.986 467.111 -13 45 1 0 1
13.0669 23.9717 73810 2.87088 40.6279 243.014 467.65 -13 46 1 0 1
-15.4091 -1.91447 73810 -18.908 3.34202 237.991 467.606 -13 48 1 0 1
-17.8025 -1.57638 73810 -21.1617 -19.723 221.199 467.159 -13 53 1 0 1
-6.13566 7.14746 73810 -14.3275 6.35841 215.959 467.133 -13 54 1 0 1
25.0734 -5.92675 73810 40.8177 38.2555 249.486 467.311 -13 55 1 0 1
-19.5919 8.56248 73810 -27.2488 -6.43111 202.995 467.107 -13 56 1 0 1
-7.10521 -8.10241 73810 -20.4456 -30.7132 253.526 467.499 -13 57 1 0 1
-9.71909 20.1084 73810 -30.8025 4.18124 202.076 467.286 -13 59 1 0 1
15.9407 -0.418735 73810 -8.73361 7.89671 207.169 467.261 -13 60 1 0 1
-2.03602 10.5236 73810 -28.0382 33.9351 215.287 467.217 -13 61 1 0 1
-10.697 26.2879 73810 -22.751 20.2921 224.193 467.109 -13 62 1 0 1
14.9214 -0.126862 73810 -7.13524 -12.0945 261.684 467.474 -13 63 1 0 1
-5.54801 7.52878 73810 -5.64058 20.6413 240.507 467.335 -13 64 1 0 1
24.7063 49.5263 73810 -17.5979 43.5495 197.614 467.896 -13 66 1 0 1
-46.5975 20.8853 73810 -73.2639 9.13676 221.15 467.901 -13 67 1 0 1
17.9153 8.09438 73810 1.62013 11.987 245.325 467.234 -13 68 1 0 1
-21.8096 0.889633 73810 -47.8196 -1.36141 223.793 467.169 -13 72 1 0 1
5.20954 17.1555 73810 -13.6175 -1.02319 213.512 467.287 -13 74 1 0 1
-17.8787 7.94197 73810 5.7971 19.0785 233.549 467.065 -13 75 1 0 1
-25.656 8.1985 73810 -32.0319 -3.76985 240.821 467.199 -13 76 1 0 1
-12.9569 -3.79265 73810 -32.1031 -2.35984 216.372 467.177 -13 77 1 0 1
-29.0404 16.6754 73810 -42.2624 -6.04495 200.672 467.107 -13 78 1 0 1
-39.5457 3.78002 73810 -49.5926 -30.4578 217.252 467.125 -13 79 1 0 1
7.48084 25.7831 73810 -28.2012 44.2892 216.001 467.074 -13 80 1 0 1
43.5702 43.3588 73810 -5.46548 53.4783 213.51 467.239 -13 81 1 0 1
11.967 28.3214 73810 -11.4254 33.7458 201.465 467.251 -13 82 1 0 1
-1.06909 24.2849 73810 -21.9087 25.3528 203.96 467.144 -13 83 1 0 1
-22.6358 33.6531 73810 -45.046 6.5211 212.123 467.196 -13 85 1 0 1
8.79037 -7.63743 73810 -2.31763 17.5717 248.554 467.272 -13 86 1 0 1
-22.3107 7.01531 73810 -17.2783 -19.6916 208.355 467.216 -13 87 1 0 1
9.59118 -4.14776 73810 10.1393 1.8863 211.372 467.228 -13 88 1 0 1
19.169 35.46 73810 -14.751 38.5912 221.527 467.168 -13 89 1 0 1
19.3651 22.3336 73810 22.2866 53.6116 244.848 467.591 -13 90 1 0 1
-0.837135 -6.88927 73810 -13.0905 4.30876 206.38 467.04 -13 91 1 0 1
-4.54518 29.8464 73810 -19.7684 30.4838 217.595 467.179 -13 92 1 0 1
-21.323 -47.2418 73810 8.0299 -28.5967 220.788 467.129 -13 93 1 0 1
-6.16361 5.28307 73810 -27.7394 -6.14732 213.863 467.129 -13 94 1 0 1
13.6181 40.8656 73810 -18.8364 10.2053 218.27 467.121 -13 95 1 0 1
-17.0412 17.6729 73810 -28.3972 27.778 207.51 467.226 -13 96 1 0 1
17.4391 37.284 73810 -9.58752 30.7239 212.303 467.183 -13 97 1 0 1
-12.8168 14.015 73810 -16.1688 2.25343 207.415 467.16 -13 98 1 0 1
-33.9363 13.3683 73810 -90.1204 43.0402 252.894 467.515 -13 99 1 0 1
1.88215 33.6025 73810 -28.6919 40.848 212.065 467.26 -13 100 1 0 1
8.92184 -19.2891 73810 0.725554 -15.6119 218.809 467.262 -13 101 1 0 1
2.26513 11.8317 73810 -11.9938 19.0093 253.048 467.316 -13 104 1 0 1
61.5772 10.3607 73810 60.5499 65.0363 238.77 467.851 -13 105 1 0 1
11.7326 9.12974 73810 -12.4341 27.5443 207.346 467.67 -13 106 1 0 1
2.52206 12.7642 73810 -12.1353 -3.32064 194.018 467.608 -13 108 1 0 1
25.3581 -1.42843 73810 23.6179 15.7793 251.457 467.601 -13 109 1 0 1
26.049 7.30344 73810 -55.366 0.396065 273.951 467.67 -13 110 1 0 1
-11.2204 -6.52979 73810 -15.9745 4.31633 250.968 467.524 -13 112 1 0 1
11.5731 -3.7355 73810 17.5894 31.4093 247.875 467.418 -13 115 1 0 1
4.3715 5.95721 73810 3.41371 14.8459 238.98 467.614 -13 116 1 0 1
1.10096 40.7926 73810 -23.5506 24.6229 218.222 467.235 -13 117 1 0 1
-4.97469 30.862 73810 -33.8738 23.729 214.023 467.921 -13 119 1 0 1
-4.29622 7.66199 73810 -27.9532 -31.1483 212.071 467.724 -13 121 1 0 1
-47.9988 20.9168 73810 -36.061 -8.47629 192.956 467.581 -13 122 1 0 1
-14.0946 19.9014 73810 -28.6971 13.9847 234.993 467.766 -13 123 1 0 1
24.513 32.2544 73810 -0.134289 56.4778 206.222 467.774 -13 125 1 0 1
1.48781 17.1708 73810 3.12279 -8.99839 230.19 467.61 -13 126 1 0 1
-23.0785 24.8117 73810 -42.2135 15.2579 220.221 467.788 -13 129 1 0 1
14.3784 39.4059 73810 19.9063 63.5958 229.434 467.772 -13 131 1 0 1
-30.0547 37.8993 73810 -60.6117 20.4175 199.837 467.417 -13 133 1 0 1
11.7793 12.504 73810 4.66135 47.238 231.891 467.959 -13 134 1 0 1
1.01313 -14.4077 73810 -14.6596 16.2742 239.465 467.032 -13 135 1 0 1
2.90324 7.07341 73810 4.85555 9.51161 223.171 467.005 -13 136 1 0 1
7.39549 22.2131 73810 0.107859 46.5599 248.601 467.557 -13 137 1 0 1
11.3869 20.0309 73810 -16.4739 31.0186 213.49 467.035 -13 139 1 0 1
16.9509 5.49111 73810 10.8152 40.4409 244.349 467.134 -13 140 1 0 1
14.9279 -16.498 73810 18.6303 4.53854 256.39 467.496 -13 141 1 0 1
9.80151 37.8179 73810 -1.23352 32.1901 236.319 467.207 -13 142 1 0 1
4.62417 34.6504 73810 -31.1961 21.5971 195.865 467.405 -13 144 1 0 1
6.64776 16.0012 73810 -5.73376 11.1018 197.399 467.155 -13 145 1 0 1
15.6485 39.6449 73810 -11.1664 32.7042 196.787 467.346 -13 146 1 0 1
13.3871 12.8689 73810 -6.17004 23.2326 205.604 467.419 -13 147 1 0 1
5.92999 20.1593 73810 -8.40321 36.0255 205.203 467.277 -13 148 1 0 1
-44.5535 27.4266 73810 -51.7124 6.45445 209.103 467.18 -13 149 1 0 1
21.2187 8.95241 73810 9.72301 9.21576 197.976 467.282 -13 150 1 0 1
19.56 25.198 73810 0.895624 30.6972 200.738 467.329 -13 151 1 0 1
12.2881 13.2085 73810 -2.74809 23.2185 209.881 467.282 -13 152 1 0 1
0.664283 33.9558 73810 -8.68834 -11.8607 198.706 467.217 -13 155 1 0 1
9.22903 18.9992 73810 -29.8425 19.5618 248.455 467.278 -13 156 1 0 1
-10.6902 -14.3574 73810 0.972087 -5.76008 226.469 467.805 -13 157 1 0 1
-8.79575 -3.54419 73810 -10.1733 5.48951 236.039 467.448 -13 159 1 0 1
-6.39796 7.84922 73810 -12.5848 24.049 245.2 467.37 -13 162 1 0 1
11.0872 -9.81444 73810 41.7041 -9.06107 236.051 467.076 -13 163 1 0 1
-18.6509 10.7909 73810 -12.9657 11.6413 208.15 467.04 -13 164 1 0 1
-10.6113 19.0492 73810 -23.2673 36.796 241.798 467.203 -13 167 1 0 1
-7.65081 1.96382 73810 -25.1804 2.00289 204.897 467.055 -13 168 1 0 1
10.2039 21.2068 73810 -13.0245 17.0053 199.18 467.183 -13 169 1 0 1
-0.208319 5.34272 73810 -17.9143 14.9411 252.715 467.201 -13 170 1 0 1
4.14516 4.8431 73810 -24.7409 0.980602 243.109 467.088 -13 171 1 0 1
-25.0065 9.66665 73810 -20.1527 -27.724 237.689 467.102 -13 172 1 0 1
19.42 13.4433 73810 2.22009 35.1393 219.359 467.737 -13 177 1 0 1
-3.69821 7.22927 73810 -36.4511 33.7805 242.776 466.989 -13 178 1 0 1
6.74971 34.632 73810 7.30604 65.4136 210.806 468 -13 179 1 0 1
-15.6596 -0.899038 73810 -0.446226 1.09105 234.149 467.048 -13 181 1 0 1
22.9712 14.1913 73810 -7.40756 20.8057 213.369 467.124 -13 183 1 0 1
16.2192 15.3292 73810 18.0479 45.8341 231.119 467.147 -13 185 1 0 1
-8.70496 13.4123 73810 -1.66356 37.7837 227.44 467.012 -13 186 1 0 1
-7.74079 12.6 73810 -6.2705 13.4152 248.581 467.179 -13 187 1 0 1
4.28251 24.807 73810 -1.01811 38.1377 231.593 467.098 -13 189 1 0 1
4.53206 0.977406 73810 36.1203 13.6019 259.352 467.423 -13 190 1 0 1
34.4948 47.9483 73810 -2.15459 57.5585 222.891 467.133 -13 193 1 0 1
11.4707 -0.512504 73810 -11.8 35.2183 258.55 467.179 -13 194 1 0 1
-52.3481 -4.97826 73810 12.2849 -50.3774 130.017 470.425 -13 195 1 0 1
-6.63991 5.63712 73810 35.6714 11.1534 253.157 467.632 -13 196 1 0 1
-6.54459 23.5386 73810 -38.5939 -20.5684 228.87 467.135 -13 198 1 0 1
21.8316 -9.17682 73810 7.43523 8.17571 220.306 467.99 -13 199 1 0 1
-0.710812 8.32477 73810 -28.7056 2.57375 238.112 466.997 -13 200 1 0 1
-5.46347 -4.0905 73810 -24.5797 3.63519 242.175 467.155 -13 201 1 0 1
-6.97943 44.6269 73810 -30.9413 25.2564 209.105 467.122 -13 202 1 0 1
-13.632 7.32242 73810 -19.565 14.8143 209.422 467.082 -13 203 1 0 1
26.3074 34.9241 73810 2.71435 40.4137 226.407 467.051 -13 204 1 0 1
9.67044 -1.04904 73810 -28.9371 9.95286 252.054 467.378 -13 205 1 0 1
21.4763 17.7875 73810 2.34419 38.1368 224.341 467.068 -13 206 1 0 1
-33.3862 24.2655 73810 -60.257 3.58772 224.011 467.122 -13 209 1 0 1
-2.06857 17.7212 73810 -5.15874 19.478 216.144 467.252 -13 213 1 0 1
-16.5193 50.716 73810 -42.1695 35.5408 238.208 467.72 -13 214 1 0 1
34.0493 12.1124 73810 33.4636 45.3748 224.117 467.312 -13 216 1 0 1
20.1988 35.1674 73810 1.9201 26.2937 211.233 467.48 -13 217 1 0 1
-27.7014 -2.26567 73810 -27.5784 -16.4871 219.514 467.212 -13 219 1 0 1
-6.47869 21.0925 73810 -22.5893 -0.878021 222.177 467.18 -13 220 1 0 1
-4.06568 45.4897 73810 -25.9473 37.4983 201.884 467.95 -13 228 1 0 1
-10.1949 52.5814 73810 -35.331 30.9276 185.02 467.215 -13 229 1 0 1
-5.39953 -5.43164 73810 -10.1907 6.88165 216.024 467.088 -13 230 1 0 1
7.40533 35.172 73810 -12.0402 20.8307 197.557 467.265 -13 232 1 0 1
-0.625565 2.4607 73810 2.56828 35.503 222.718 467.098 -13 233 1 0 1
-20.8036 4.42272 73810 -21.0299 18.1444 210.726 467.099 -13 234 1 0 1
59.0653 -10.5069 73810 63.723 15.0874 225.428 467.234 -13 235 1 0 1
10.6299 43.614 73810 -19.5657 52.8232 223.785 467.141 -13 236 1 0 1
-10.1229 26.4006 73810 -28.2742 8.50475 202.726 467.143 -13 237 1 0 1
37.1909 15.1068 73810 81.1596 63.3629 246.107 467.676 -13 238 1 0 1
-23.0863 2.06764 73810 5.00059 38.1357 234.261 467.283 -13 241 1 0 1
17.166 10.8004 73810 14.6277 26.2884 240.661 467.143 -13 243 1 0 1
-9.10331 2.95621 73810 29.088 34.2566 248.469 467.752 -13 244 1 0 1
-5.52957 3.06164 73810 -24.54 25.4365 245.444 467.096 -13 245 1 0 1
11.1539 38.446 73810 -21.072 25.2687 190.707 467.336 -13 246 1 0 1
2.3092 -20.4604 73810 13.6018 -16.7717 237.19 467.152 -13 247 1 0 1
8.7377 27.6344 73810 2.43969 46.904 205.556 467.096 -13 248 1 0 1
0.801654 21.25 73810 -5.84782 9.40928 207.384 467.156 -13 249 1 0 1
0.227474 3.57822 73810 -4.27616 8.29554 211.755 467.098 -13 250 1 0 1
-3.70149 13.9737 73810 -15.2638 0.159517 222.078 467.044 -13 251 1 0 1
7.55064 12.1128 73810 -7.59362 19.1135 213.083 467.079 -13 252 1 0 1
-17.5103 -0.56037 73810 -16.7953 -9.93797 209.601 467.048 -13 253 1 0 1
-26.0116 -3.31088 73810 -19.852 2.29039 256.741 467.209 -13 254 1 0 1
-27.1681 38.099 73810 -53.0303 8.78693 207.568 467.309 -13 255 1 0 1
3.37325 20.1427 73810 16.5896 35.4328 252.364 467.212 -13 256 1 0 1
8.23717 -6.26401 73810 33.1235 24.521 246.175 467.28 -13 257 1 0 1
16.217 44.6643 73810 -23.7743 71.0876 219.847 467.335 -13 258 1 0 1
4.11807 24.2925 73810 -30.6242 17.1914 237.596 467.813 -13 260 1 0 1
-21.3417 34.0042 73810 -31.3913 20.0976 200.299 468.227 -13 262 1 0 1
14.5331 12.8318 73810 3.93892 31.1488 236.699 467.139 -13 263 1 0 1
-13.6974 21.8308 73810 -6.14011 -8.72513 243.291 466.947 -13 264 1 0 1
-8.73634 33.5476 73810 -42.2375 8.11725 198.664 468.077 -13 265 1 0 1
21.2577 21.3214 73810 -3.82139 -8.6845 235.044 467.941 -13 266 1 0 1
11.3374 14.4106 73810 5.62831 34.7902 207.066 467.829 -13 267 1 0 1
12.1336 12.4394 73810 24.0093 39.631 258.238 467.442 -13 268 1 0 1
-3.62459 16.9707 73810 -7.07646 23.3551 202.963 467.66 -13 269 1 0 1
11.0313 34.5036 73810 -25.9293 38.6346 198.163 467.019 -13 270 1 0 1
17.624 33.8835 73810 -12.7174 42.927 206.595 467.956 -13 271 1 0 1
-4.47595 18.9033 73810 -11.9523 16.9942 236.202 467.828 -13 272 1 0 1
3.94394 16.5433 73810 -9.05781 31.3013 242.955 467.488 -13 275 1 0 1
-7.84641 20.7581 73810 51.4917 67.5156 261.912 467.574 -13 277 1 0 1
1.51639 14.1452 73810 -11.1144 3.63071 196.623 467.368 -13 279 1 0 1
-21.4647 -17.8629 73810 -26.4357 -14.9353 229.173 467.065 -13 280 1 0 1
2.71532 8.70421 73810 2.49734 23.9983 210.181 467.033 -13 281 1 0 1
-9.61945 -2.15539 73810 2.35667 3.15003 214.777 467.118 -13 282 1 0 1
-2.41608 29.0629 73810 -22.2981 41.3752 210.972 467.126 -13 283 1 0 1
-15.0606 37.0508 73810 -43.4616 15.8284 196.759 467.351 -13 284 1 0 1
-12.4262 14.6745 73810 -21.1567 16.1673 197.044 467.26 -13 285 1 0 1
-3.10879 1.33179 73810 14.5523 11.5152 240.312 467.058 -13 286 1 0 1
-10.8359 11.6624 73810 -38.4898 1.39569 228.479 467.718 -13 288 1 0 1
-2.24823 16.761 73810 -13.6471 24.955 221.105 467.131 -13 294 1 0 1
-0.158271 23.4958 73810 -3.84756 38.0104 231.009 467.8 -13 295 1 0 1
-11.8514 -10.1172 73810 -15.8119 -0.902915 251.68 467.451 -13 296 1 0 1
21.4772 -4.92402 73810 16.011 15.4538 217.841 467.109 -13 297 1 0 1
-12.5617 36.4782 73810 -40.3642 26.7622 209.748 467.139 -13 298 1 0 1
14.0769 -7.34488 73810 8.76478 6.71207 221.359 467.032 -13 299 1 0 1
24.0271 30.3715 73810 -1.29339 18.4023 208.317 467.16 -13 300 1 0 1
8.48095 49.9257 73810 -28.1727 41.5595 199.725 467.175 -13 301 1 0 1
-1.62789 14.5586 73810 0.644445 12.2689 208.982 467.355 -13 302 1 0 1
3.69409 6.05804 73810 -13.498 3.99529 224.088 467.037 -13 304 1 0 1
-10.6428 20.9473 73810 -34.6856 12.3357 208.719 467.165 -13 305 1 0 1
42.7913 16.7898 73810 16.5882 28.8123 214.658 467.229 -13 306 1 0 1
-1.10905 1.17631 73810 16.3153 -8.43056 248.631 467.451 -13 307 1 0 1
13.9064 -10.8751 73810 27.797 15.3677 240.491 467.138 -13 308 1 0 1
4.85628 1.8096 73810 -0.503694 38.2099 248.524 467.306 -13 309 1 0 1
59.2369 -19.019 73810 85.2759 22.8399 243.25 467.373 -13 310 1 0 1
21.5716 3.54163 73810 37.5208 24.9315 248.254 467.384 -13 312 1 0 1
9.75732 20.6036 73810 5.87838 11.3918 233.586 467.784 -13 313 1 0 1
-1.54891 18.4345 73810 4.81623 8.32795 220.791 467.19 -13 314 1 0 1
10.6423 12.2237 73810 0.322801 37.7363 226.609 467.15 -13 315 1 0 1
2.60067 6.71328 73810 11.5701 15.182 250.139 467.204 -13 316 1 0 1
-1.2829 6.19644 73810 -2.32802 -12.6257 203.566 467.463 -13 319 1 0 1
16.6341 1.38426 73810 15.1737 -5.47937 243.752 467.057 -13 321 1 0 1
-0.555608 22.5689 73810 0.0792608 11.4378 201.647 467.493 -13 324 1 0 1
-9.58861 32.5016 73810 -18.8679 34.5081 203.805 467.232 -13 325 1 0 1
14.722 27.7326 73810 -4.95399 23.0052 236.654 467.799 -13 327 1 0 1
26.6321 5.23333 73810 66.222 61.7073 251.252 467.405 -13 328 1 0 1
-11.7866 14.7309 73810 -27.3241 20.0071 227.613 467.095 -13 329 1 0 1
-79.9717 21.707 73810 -60.3635 -35.3914 198.235 468.642 -13 330 1 0 1
49.7827 1.72292 73810 97.6989 33.8171 244.542 467.743 -13 331 1 0 1
15.1959 22.0519 73810 -10.6894 30.8871 212.784 467.09 -13 332 1 0 1
20.8513 27.6583 73810 -34.5704 28.8736 256.572 467.498 -13 333 1 0 1
19.7837 13.0384 73810 -3.38756 35.8637 221.402 467.093 -13 334 1 0 1
12.1988 32.4684 73810 -7.66055 72.0248 243.362 467.281 -13 335 1 0 1
-10.1067 -4.10251 73810 -14.5595 10.4507 223.196 467.094 -13 336 1 0 1
20.9152 -10.4074 73810 18.7479 25.2465 231.994 467.072 -13 338 1 0 1
-6.25316 28.7697 73810 -14.8813 23.1382 202.082 467.253 -13 340 1 0 1
-0.0785812 17.5633 73810 -11.5027 23.6424 209.833 467.148 -13 341 1 0 1
-12.454 45.2846 73810 -28.3761 44.3929 204.946 467.296 -13 343 1 0 1
5.36905 26.5812 73810 -38.7753 24.1022 202.951 467.245 -13 344 1 0 1
8.13978 30.0274 73810 -26.5455 34.1606 213.341 467.136 -13 345 1 0 1
69.4892 18.099 73810 55.5778 67.1661 226.158 467.33 -13 346 1 0 1
16.4983 22.5605 73810 21.4451 8.12227 239.567 467.294 -13 351 1 0 1
15.6567 15.0346 73810 45.7865 26.2786 235.645 467.581 -13 352 1 0 1
-5.59995 15.127 73810 -24.3237 32.138 234.459 467.48 -13 355 1 0 1
-7.56177 -2.24192 73810 -1.77161 17.9372 254.367 467.418 -13 356 1 0 1
-14.4634 5.82443 73810 -19.2478 18.6725 232.357 467.655 -13 357 1 0 1
2.78614 12.9904 73810 -21.0842 17.968 212.295 468.028 -13 358 1 0 1
-25.9147 37.1519 73810 -32.3758 1.77536 188.027 467.096 -13 359 1 0 1
-5.84536 12.9971 73810 -6.87495 24.4073 196.947 467.58 -13 360 1 0 1
43.2352 1.08468 73810 36.003 23.0644 234.014 467.051 -13 364 1 0 1
-49.3779 22.4399 73810 -77.6081 -16.1864 218.048 468.023 -13 366 1 0 1
-14.2924 -18.1683 73810 -4.38253 -22.4915 251.007 467.268 -13 367 1 0 1
13.2039 -37.396 73810 2.75856 -2.69716 214.869 467.596 -13 370 1 0 1
-2.9287 7.50719 73810 -15.5137 6.21705 199.196 466.962 -13 371 1 0 1
37.1985 27.4969 73810 18.5285 44.9935 223.627 467.442 -13 372 1 0 1
-21.4091 30.2473 73810 -38.9647 26.5439 235.069 467.472 -13 374 1 0 1
44.9456 73.6936 73810 -29.562 50.3757 180.413 468.512 -13 376 1 0 1
3.7536 17.7274 73810 -9.58227 16.9971 228.359 467.803 -13 377 1 0 1
-22.9328 -6.98817 73810 -27.6804 7.84291 226.776 467.825 -13 381 1 0 1
-1.86703 17.5679 73810 4.19162 48.0902 245.561 467.664 -13 383 1 0 1
-30.0305 64.7522 73810 -43.7456 30.2894 176.1 468.702 -13 386 1 0 1
19.9486 -10.8246 73810 23.0017 30.3879 242.817 467.696 -13 387 1 0 1
-2.56818 -0.60426 73810 18.5141 20.4276 239.858 467.739 -13 389 1 0 1
1.94389 12.1908 73810 11.1222 19.8988 231.218 467.19 -13 391 1 0 1
-9.1342 6.52515 73810 -2.37616 -22.9073 251.676 467.387 -13 392 1 0 1
-8.54945 11.2059 73810 -8.35058 13.8896 201.847 467.107 -13 393 1 0 1
-14.1508 -5.81866 73810 -26.0106 -19.9283 237.983 467.922 -13 394 1 0 1
-2.13133 7.9404 73810 8.39097 42.7202 244.814 467.109 -13 395 1 0 1
55.2552 65.7378 73810 2.75978 92.6767 214.189 467.369 -13 397 1 0 1
-17.4219 10.6689 73810 -22.5735 28.1908 251.333 467.467 -13 398 1 0 1
-5.33146 -3.17724 73810 16.0057 17.3762 255.528 467.448 -13 399 1 0 1
-13.139 23.4343 73810 -19.8965 7.62524 207.265 467.142 -13 401 1 0 1
-0.560081 15.6577 73810 -6.58805 13.3678 237.854 467.025 -13 402 1 0 1
3.73578 9.70056 73810 24.9403 1.27957 254.776 467.604 -13 403 1 0 1
5.98863 12.0637 73810 8.16417 21.3387 226.979 466.964 -13 405 1 0 1
2.69387 34.5887 73810 -14.7914 42.9792 253.551 467.524 -13 407 1 0 1
10.2193 15.3816 73810 -8.05404 11.3932 206.668 467.035 -13 408 1 0 1
-33.0229 17.8921 73810 -41.0684 -30.683 171.478 467.272 -13 409 1 0 1
0.809064 -3.35043 73810 37.1922 22.7101 251.485 467.244 -13 411 1 0 1
-2.88385 0.128949 73810 -32.9579 33.1137 215.403 467.268 -13 413 1 0 1
-57.8867 26.2645 73810 -83.0306 2.66498 227.222 467.626 -13 414 1 0 1
-2.36526 -8.03022 73810 -7.31902 -8.02725 237.116 467.093 -13 415 1 0 1
15.0331 2.02401 73810 15.5676 31.4286 237.477 467.064 -13 416 1 0 1
-37.5093 15.8185 73810 -60.9119 27.6797 250.392 467.428 -13 417 1 0 1
0.744982 -1.80859 73810 37.9737 -2.70966 256.676 467.451 -13 418 1 0 1
9.95371 35.8877 73810 -17.9467 57.7365 235.227 467.319 -13 420 1 0 1
2.42323 7.89365 73810 32.3748 44.7741 256.339 467.37 -13 421 1 0 1
-12.934 4.73535 73810 -24.4571 5.31323 201.929 467.073 -13 422 1 0 1
-4.40203 1.39009 73810 -4.17305 6.34324 234.539 466.986 -13 423 1 0 1
-10.4401 16.4151 73810 4.93233 100.323 245.643 466.966 -13 424 1 0 1
11.7152 1.67591 73810 5.23622 5.36816 242.489 467.016 -13 425 1 0 1
8.85743 5.8734 73810 14.2635 13.5602 224.799 467.772 -13 426 1 0 1
-1.47368 7.80479 73810 7.97259 17.3545 254.464 467.271 -13 427 1 0 1
15.558 23.8311 73810 -30.1831 22.7725 258.754 467.378 -13 428 1 0 1
13.2953 34.0701 73810 35.9246 43.4486 250.637 467.529 -13 429 1 0 1
2.3715 -7.9413 73810 -7.52292 2.0139 234.774 467.047 -13 430 1 0 1
7.57889 1.12815 73810 1.07097 23.8054 248.689 467.606 -13 432 1 0 1
11.9616 -5.27546 73810 -1.67356 -6.57367 256.34 467.271 -13 433 1 0 1
-4.92354 -27.1726 73810 3.50443 -23.207 209.426 466.83 -13 434 1 0 1
28.1711 11.5162 73810 27.9115 41.0429 246.161 467.512 -13 435 1 0 1
-8.01928 -6.03607 73810 -37.8215 -6.44188 247.644 467.122 -13 436 1 0 1
9.50992 2.11722 73810 -5.19812 11.0204 249.565 467.579 -13 437 1 0 1
18.865 3.72896 73810 0.855414 7.22707 255.009 467.441 -13 438 1 0 1
19.3013 7.13257 73810 11.8756 20.2546 252.757 467.482 -13 439 1 0 1
-19.2154 22.8218 73810 -30.4918 28.792 241.549 467.259 -13 442 1 0 1
13.6298 0.651428 73810 -9.01484 -26.17 204.916 467.504 -13 447 1 0 1
5.64297 12.8372 73810 -14.4016 14.2352 211.588 467.221 -13 449 1 0 1
-0.316192 21.1039 73810 4.59357 46.5055 228.857 467.622 -13 450 1 0 1
18.1853 7.46875 73810 -8.76316 32.8509 241.516 467.606 -13 451 1 0 1
43.3589 -23.6763 73810 25.0172 51.6323 228.628 467.397 -13 452 1 0 1
46.6682 26.578 73810 36.593 39.8426 240.714 467.698 -13 454 1 0 1
-20.3188 -13.9416 73810 -38.6268 -2.69807 254.408 467.44 -13 455 1 0 1
13.3021 3.55459 73810 -3.27615 -17.6815 186.959 467.846 -13 456 1 0 1
22.8892 -5.12764 73810 1.20704 26.4881 247.487 467.703 -13 457 1 0 1
4.15633 21.7898 73810 -21.8836 20.454 200.254 467.73 -13 458 1 0 1
-6.93921 -8.96381 73810 3.47491 -11.257 207.527 467.183 -13 460 1 0 1
30.8023 28.1948 73810 14.4575 38.4284 208.896 467.31 -13 462 1 0 1
14.5286 31.5224 73810 -34.26 48.8995 211.453 467.334 -13 463 1 0 1
6.4146 27.2543 73810 -10.2894 4.81012 207.338 467.338 -13 464 1 0 1
-10.2058 27.1267 73810 -12.2172 14.6442 197.976 467.616 -13 465 1 0 1
-31.6361 4.09643 73810 -24.4047 -3.2731 193.615 467.261 -13 466 1 0 1
-6.8921 6.35429 73810 -20.4058 12.559 221.168 468.002 -13 469 1 0 1
-15.5402 18.0007 73810 -28.0077 33.6417 220.104 467.016 -13 470 1 0 1
5.00544 -3.53499 73810 6.73833 20.8779 230.137 467.897 -13 471 1 0 1
17.6872 57.7972 73810 -3.98782 38.0128 233.868 467.131 -13 472 1 0 1
-2.18083 22.1042 73810 -5.10173 61.272 245.276 467.354 -13 473 1 0 1
27.875 31.6064 73810 -13.5466 59.6855 214.566 467.226 -13 475 1 0 1
6.19077 30.9554 73810 -14.9207 37.5826 201.605 467.185 -13 476 1 0 1
-7.05568 -1.42305 73810 -9.13876 2.23985 233.242 467.112 -13 478 1 0 1
6.64746 18.4886 73810 -9.69545 34.1448 204.738 468.102 -13 479 1 0 1
38.7945 6.29006 73810 33.7715 29.5488 236.478 467.157 -13 480 1 0 1
-17.3168 36.8114 73810 -51.7975 21.7212 203.248 467.203 -13 481 1 0 1
10.9572 -2.5381 73810 -2.6098 11.2047 202.294 467.106 -13 482 1 0 1
-7.02236 16.9578 73810 -53.0998 39.9146 244.429 467.355 -13 483 1 0 1
34.1652 19.9391 73810 47.5378 40.693 248.09 467.252 -13 484 1 0 1
-1.37954 -11.9043 73810 -5.15393 -12.3974 211.747 467.087 -13 485 1 0 1
-11.8479 14.6176 73810 -22.7029 14.1186 209.671 467.166 -13 486 1 0 1
12.5668 9.52076 73810 -1.26095 14.2809 230.945 467.011 -13 487 1 0 1
-61.9406 -9.42062 73810 -58.541 -13.6381 218.174 467.498 -13 488 1 0 1
14.7692 3.74799 73810 -16.4373 8.41773 228.958 467.919 -13 489 1 0 1
24.6424 -0.967617 73810 11.6306 10.6563 248.799 467.497 -13 491 1 0 1
14.5561 21.0705 73810 27.7414 38.0504 241.026 467.754 -13 492 1 0 1
5.3001 5.84624 73810 12.3215 7.62483 244.734 467.466 -13 493 1 0 1
50.3277 78.5168 73810 29.4774 79.862 205.531 467.701 -13 494 1 0 1
35.7053 19.597 73810 21.3681 16.8968 236.787 467.681 -13 495 1 0 1
-16.2546 20.5557 73810 -25.976 36.0163 249.546 467.491 -13 498 1 0 1
-28.0844 3.05276 73810 -24.7305 41.1293 250.129 467.929 -13 500 1 0 1
6.64554 -6.01319 73810 -5.47897 39.1284 246.779 467.733 -13 502 1 0 1
8.69597 -0.467132 73810 -7.02438 7.02554 243.516 467.197 -13 503 1 0 1
36.6092 35.2568 73810 -11.7657 44.1849 242.083 467.81 -13 504 1 0 1
-1.29262 -31.3193 73810 -16.0414 -10.2763 266.881 466.751 -13 505 1 0 1
-3.95249 9.30759 73810 -3.11344 37.2017 220.163 467.786 -13 509 1 0 1
-32.5525 27.7526 73810 -53.6553 -1.86153 206.071 467.965 -13 510 1 0 1
6.11702 26.6403 73810 5.47912 11.6179 189.566 467.14 -13 512 1 0 1
25.0909 22.879 73810 21.9612 30.9096 240.048 467.811 -13 513 1 0 1
1.12023 13.5511 73810 -13.0722 17.6724 249.094 467.365 -13 514 1 0 1
-2.00247 -32.5385 73810 12.2141 -4.1503 232.179 468.1 -13 515 1 0 1
32.5359 1.52522 73810 29.2551 9.26562 253.599 467.358 -13 517 1 0 1
6.28324 -7.47873 73810 -18.1093 -1.10307 252.23 467.272 -13 518 1 0 1
-1.5125 14.1058 73810 5.72558 17.635 256.597 467.012 -13 519 1 0 1
-3.59508 10.5005 73810 -4.29108 31.5854 249.027 467.472 -13 520 1 0 1
23.3243 52.5168 73810 3.25452 76.1572 240.895 467.264 -13 521 1 0 1
-5.1421 -13.8535 73810 -18.2761 -6.28995 248.506 467.488 -13 522 1 0 1
25.9845 -7.26304 73810 11.9502 1.1315 247.205 467.13 -13 523 1 0 1
10.7529 54.3477 73810 -13.7898 78.4179 219.882 467.276 -13 524 1 0 1
-10.9369 -2.84578 73810 -13.9449 4.71907 211.667 467.066 -13 525 1 0 1
20.4933 20.1849 73810 18.2298 47.4162 244.255 467.464 -13 526 1 0 1
-3.0824 -13.4577 73810 -13.6377 -26.996 245.506 467.208 -13 527 1 0 1
30.5532 22.3843 73810 34.7213 -41.3233 220.969 466.751 -13 528 1 0 1
22.348 12.403 73810 11.3497 23.8759 217.343 467.158 -13 529 1 0 1
3.00113 -19.0178 73810 -2.78732 9.18892 252.588 467.296 -13 530 1 0 1
5.88814 36.012 73810 -22.645 47.2781 225.777 467.229 -13 531 1 0 1
-7.57541 15.2236 73810 -39.4371 48.8221 249.643 467.028 -13 532 1 0 1
-5.73235 -9.48859 73810 2.31016 14.0701 245.286 467.22 -13 539 1 0 1
0.517917 24.1984 73810 -10.5674 15.8962 204.4 467.742 -13 540 1 0 1
-38.1007 21.9124 73810 -61.8814 0.8432 258.585 467.45 -13 542 1 0 1
4.22761 3.43821 73810 -9.77166 11.5678 250.958 467.617 -13 543 1 0 1
32.0766 -7.04204 73810 16.4371 19.1126 226.946 468.012 -13 546 1 0 1
3.59739 14.876 73810 -6.43442 48.8424 227.66 468.009 -13 550 1 0 1
-21.9869 32.0235 73810 5.45368 -8.08487 229.383 467.527 -13 551 1 0 1
-6.9792 29.7594 73810 -20.138 23.7997 208.656 467.838 -13 553 1 0 1
21.6632 4.48994 73810 27.5438 41.1335 246.825 467.579 -13 554 1 0 1
-10.3826 -15.8339 73810 -17.2755 -18.5571 216.575 467.828 -13 558 1 0 1
-10.0333 -0.774183 73810 -15.6932 -0.749428 205.88 467.621 -13 560 1 0 1
-0.587019 14.9991 73810 -19.6372 19.2917 255.329 467.363 -13 564 1 0 1
-13.2146 2.89495 73810 -20.1328 8.7795 255.755 467.369 -13 567 1 0 1
-12.8569 -48.5177 73810 8.04926 -61.7525 238.466 467.935 -13 568 1 0 1
2.48578 9.76471 73810 -19.3978 -1.50042 179.756 467.259 -13 570 1 0 1
-16.5697 -17.6243 73810 -10.3103 -25.8993 241.69 467.557 -13 571 1 0 1
-4.60462 -1.46299 73810 -20.4407 -0.579127 217.204 467.036 -13 572 1 0 1
-13.8387 26.3898 73810 -38.8064 17.9167 194.866 467.38 -13 573 1 0 1
13.7814 0.398106 73810 -16.3928 32.4356 225.709 467.234 -13 576 1 0 1
35.6666 9.5682 73810 6.61959 41.0951 206.88 467.095 -13 577 1 0 1
-8.68599 -7.18347 73810 -14.1594 -15.056 235.813 467.072 -13 578 1 0 1
5.54599 17.2692 73810 -10.323 17.9627 200.721 467.094 -13 579 1 0 1
16.8373 26.7937 73810 -14.6994 34.1641 198.019 467.233 -13 580 1 0 1
9.67906 18.5079 73810 -11.546 36.4905 201.262 467.162 -13 581 1 0 1
2.77585 12.8448 73810 16.5502 17.1193 231.735 467.981 -13 584 1 0 1
29.7133 -16.5934 73810 33.8813 23.0454 219.468 468.111 -13 585 1 0 1
10.9892 39.0811 73810 -30.0801 18.6478 180.583 467.542 -13 586 1 0 1
8.85494 24.1968 73810 -8.84474 45.6352 237.513 467.721 -13 587 1 0 1
18.5037 -9.67104 73810 18.5778 10.7294 218.593 467.673 -13 588 1 0 1
-39.8712 43.9698 73810 -77.6825 12.1826 207.911 467.406 -13 592 1 0 1
7.16833 -0.539208 73810 -7.86531 -2.99989 249.897 467.287 -13 593 1 0 1
13.4552 2.66885 73810 29.0783 19.2904 247.48 467.479 -13 594 1 0 1
33.6965 -7.39714 73810 36.973 -0.907193 242.448 467.749 -13 595 1 0 1
14.8207 -16.4001 73810 11.2558 -23.6831 253.004 467.115 -13 596 1 0 1
-12.8167 21.9108 73810 -23.7673 50.9428 235.537 467.282 -13 597 1 0 1
7.05825 11.0032 73810 17.6024 40.2707 248.403 467.288 -13 598 1 0 1
1.73767 12.8374 73810 -5.60382 24.3853 224.525 467.091 -13 599 1 0 1
13.9609 10.7252 73810 23.4618 19.2491 238.518 467.124 -13 600 1 0 1
13.6504 5.86953 73810 -18.8327 -14.629 211.048 467.711 -13 601 1 0 1
3.40104 24.7753 73810 18.4834 35.9978 233.209 467.995 -13 602 1 0 1
2.1447 2.17603 73810 -1.66101 -11.2014 250.364 467.5 -13 603 1 0 1
-3.58414 17.8738 73810 19.5051 22.9249 224.316 468.163 -13 604 1 0 1
-31.2756 0.85073 73810 -71.5195 27.3067 237.052 467.816 -13 605 1 0 1
13.0746 9.98137 73810 11.7983 21.8156 211.122 468.203 -13 607 1 0 1
28.9231 -75.4636 73810 50.8006 -58.5258 175.871 467.631 -13 608 1 0 1
-3.64077 8.23215 73810 -17.3449 12.8989 232.281 467.087 -13 611 1 0 1
-7.31745 7.04696 73810 -8.03404 1.20549 211.758 467.055 -13 612 1 0 1
9.74441 7.94894 73810 6.0424 22.6378 218.045 467.023 -13 613 1 0 1
-8.47931 8.74373 73810 -28.753 -3.96601 206.536 467.331 -13 614 1 0 1
-26.1315 -7.82886 73810 -25.4628 -19.9979 215.832 467.095 -13 616 1 0 1
49.2209 17.8208 73810 53.8171 69.2759 222.895 467.926 -13 617 1 0 1
-38.2744 25.7853 73810 -55.3754 30.077 239.694 467.734 -13 618 1 0 1
39.6438 24.853 73810 -19.7677 18.0122 197.704 467.14 -13 620 1 0 1
-2.60957 24.5615 73810 -17.7376 53.7481 235.859 467.249 -13 626 1 0 1
3.5358 13.5361 73810 -21.6755 -8.08134 202.509 468.312 -13 627 1 0 1
8.10725 14.4764 73810 -20.9833 9.91527 200.203 467.37 -13 628 1 0 1
-1.50582 7.83322 73810 6.26312 44.8133 252.985 467.235 -13 638 1 0 1
-25.6283 11.4456 73810 -45.3832 19.3449 230.46 467.936 -13 639 1 0 1
12.466 -2.26968 73810 34.7115 39.9003 250.507 467.231 -13 641 1 0 1
22.2199 10.3862 73810 7.65503 29.9144 228.683 467.087 -13 643 1 0 1
-4.21902 1.08734 73810 -13.7161 4.38438 223.419 467.06 -13 644 1 0 1
1.00714 17.3471 73810 -14.5834 20.1344 255.092 467.289 -13 645 1 0 1
5.39346 6.68404 73810 -4.72424 12.9881 231.356 467.154 -13 646 1 0 1
5.31943 32.324 73810 -19.4413 59.5006 212.452 467.898 -13 648 1 0 1
0.756411 26.5408 73810 20.7001 34.4205 241.19 467.599 -13 651 1 0 1
33.3991 3.50659 73810 0.441906 18.6025 194.76 467.677 -13 652 1 0 1
-2.622 8.81219 73810 -12.2092 23.6171 242.368 467.585 -13 657 1 0 1
9.47398 12.362 73810 -21.6352 32.5905 228.099 467.147 -13 658 1 0 1
9.1486 -47.9198 73810 44.4545 -38.889 256.794 467.641 -13 660 1 0 1
-14.1341 14.4017 73810 -29.2595 19.2989 218.981 467.084 -13 661 1 0 1
-12.649 -10.8905 73810 -11.7866 -24.4715 243.478 467.457 -13 662 1 0 1
2.57922 6.67669 73810 -0.326565 27.7535 249.413 467.578 -13 664 1 0 1
-62.402 88.443 73810 -118.949 31.8243 195.433 467.747 -13 665 1 0 1
-5.51553 7.53088 73810 -13.9679 15.8371 250.93 467.633 -13 666 1 0 1
8.02256 13.9675 73810 30.9112 50.9556 248.843 467.418 -13 667 1 0 1
1.923 8.71173 73810 2.72134 1.07361 217.46 467.008 -13 668 1 0 1
-13.191 8.96827 73810 -27.2613 10.2084 213.762 467.082 -13 669 1 0 1
8.41175 -44.4883 73810 34.3352 -57.2721 253.229 467.507 -13 670 1 0 1
18.0881 22.16 73810 9.35779 28.3766 234.513 467.147 -13 671 1 0 1
-3.9816 17.8096 73810 7.11644 55.2178 245.626 467.318 -13 672 1 0 1
7.04856 36.5804 73810 -26.8483 49.6574 245.592 467.436 -13 673 1 0 1
6.48567 19.829 73810 15.4848 94.2042 254.99 467.551 -13 674 1 0 1
-4.06057 33.7413 73810 -26.9417 30.3749 199.695 467.273 -13 675 1 0 1
-1.15495 11.8296 73810 -23.2887 19.6645 232.346 467.875 -13 676 1 0 1
6.46464 -11.0771 73810 90.5481 -8.99022 260.209 467.55 -13 677 1 0 1
-12.3498 -14.943 73810 -6.15414 -6.96112 239.727 467.42 -13 678 1 0 1
33.0778 73.594 73810 -25.8666 97.7558 208.354 468.058 -13 680 1 0 1
29.977 -6.30159 73810 44.9091 17.8152 247.78 467.28 -13 683 1 0 1
12.1782 -3.30575 73810 -46.2306 73.5067 248.141 467.78 -13 686 1 0 1
11.6932 -21.4505 73810 10.8832 5.79611 257.811 467.348 -13 687 1 0 1
-57.0876 -19.1647 73810 -19.474 -46.7942 142.983 469.353 -13 689 1 0 1
13.6976 -7.07107 73810 6.45978 28.1178 247.064 467.14 -13 691 1 0 1
-5.49701 -0.531423 73810 -3.15178 -3.1276 253.948 467.336 -13 692 1 0 1
-6.9377 -12.2871 73810 -4.09961 22.2374 254.477 467.704 -13 693 1 0 1
-7.89923 55.9552 73810 -50.0507 34.1815 233.082 468.022 -13 694 1 0 1
-11.8265 -28.6309 73810 0.478669 -40.7128 237.233 467.616 -13 695 1 0 1
-42.6753 57.031 73810 -39.9377 -10.0406 148.342 469.292 -13 696 1 0 1
12.7561 -2.93251 73810 -9.83543 11.1999 211.146 466.895 -13 697 1 0 1
9.83284 11.3746 73810 9.05119 30.901 250.855 467.391 -13 698 1 0 1
7.86907 72.1261 73810 -40.9707 46.6224 191.277 468.105 -13 699 1 0 1
-0.0584957 24.8353 73810 -22.2453 38.7684 236.661 467.627 -13 700 1 0 1
-9.72705 -9.11313 73810 -11.1734 16.7254 220.168 467.993 -13 701 1 0 1
-14.1714 -4.03104 73810 -35.7433 6.35491 219.357 467.79 -13 702 1 0 1
-10.9826 28.4076 73810 -46.2411 32.6212 222.69 467.108 -13 703 1 0 1
17.3417 23.3527 73810 14.7706 40.4069 253.313 467.627 -13 705 1 0 1
-9.86134 8.34051 73810 -34.5864 -2.24835 185.749 467.03 -13 709 1 0 1
-12.177 -2.58055 73810 -6.22992 9.69134 233.484 467.716 -13 711 1 0 1
-17.2121 76.0633 73810 -42.3755 33.55 169.207 468.825 -13 713 1 0 1
-33.1444 17.4887 73810 -47.1678 -1.15763 250.162 467.312 -13 715 1 0 1
-2.4841 15.694 73810 -9.16233 56.2597 251.131 467.502 -13 716 1 0 1
-2.99567 -19.6448 73810 17.2291 19.4936 256.746 467.645 -13 717 1 0 1
7.4546 16.3593 73810 8.23436 34.7322 220.683 467.085 -13 719 1 0 1
-7.19557 14.8354 73810 -3.3834 34.0711 231.302 467.114 -13 720 1 0 1
14.3498 31.9718 73810 -2.91702 43.292 221.844 467.205 -13 721 1 0 1
8.56207 23.2508 73810 -13.9734 33.7166 238.349 467.127 -13 722 1 0 1
18.3198 0.683241 73810 6.89563 20.6739 203.954 467.142 -13 723 1 0 1
-1.27902 -3.33715 73810 -3.95781 4.94389 219.604 467.105 -13 724 1 0 1
3.23106 20.7844 73810 -8.86249 39.6584 246.627 467.219 -13 725 1 0 1
-2.94759 -5.36224 73810 6.34542 8.79423 228.453 467.153 -13 726 1 0 1
20.9074 -13.8933 73810 23.4438 14.4095 210.111 467.285 -13 727 1 0 1
16.2028 51.1566 73810 -12.5382 50.1171 211.944 467.19 -13 728 1 0 1
6.30918 10.7126 73810 -0.294481 23.4109 220.53 467.13 -13 729 1 0 1
10.2614 37.2602 73810 -7.32812 33.4735 213.668 467.143 -13 730 1 0 1
-7.42144 15.6019 73810 -20.1968 19.3461 202.159 467.132 -13 731 1 0 1
-26.4052 55.6974 73810 -33.856 35.6106 217.002 467.248 -13 732 1 0 1
-11.0797 11.0983 73810 -28.146 12.1141 222.471 467.035 -13 734 1 0 1
15.0461 24.5507 73810 -17.0201 33.7914 202.492 467.263 -13 735 1 0 1
25.114 -6.81113 73810 29.0042 -3.01515 235.993 467.099 -13 736 1 0 1
23.0102 16.5413 73810 20.4876 49.5396 228.448 467.099 -13 737 1 0 1
-14.7719 29.2106 73810 -38.6915 18.0747 206.425 467.179 -13 738 1 0 1
-3.29388 -8.48387 73810 -7.63714 -8.21111 205.318 467.111 -13 739 1 0 1
-13.8224 41.3217 73810 -59.9348 55.5336 219.571 467.206 -13 740 1 0 1
30.239 20.202 73810 -3.68288 40.0114 215.751 467.131 -13 741 1 0 1
-14.7617 -1.52563 73810 -33.8825 2.83127 233.645 467.41 -13 742 1 0 1
15.109 -4.56238 73810 29.8524 -20.5432 253.448 467.482 -13 743 1 0 1
20.6426 25.5023 73810 -26.3218 -0.557125 240.7 466.917 -13 746 1 0 1
8.7419 19.6634 73810 2.73581 19.3417 205.75 467.383 -13 750 1 0 1
14 10.1145 73810 -6.28293 -3.63464 203.443 467.269 -13 751 1 0 1
10.4374 22.5356 73810 -18.065 16.3245 207.152 467.136 -13 752 1 0 1
9.00283 10.3977 73810 -3.92639 12.3385 192.932 467.129 -13 753 1 0 1
-6.88961 17.4864 73810 -6.5247 18.1224 207.023 467.051 -13 754 1 0 1
-20.1518 13.6456 73810 -51.6937 5.7099 234.686 467.096 -13 756 1 0 1
21.169 7.028 73810 4.3046 18.6961 246.275 467.09 -13 757 1 0 1
-23.9244 -22.283 73810 -10.2193 -33.1861 197.978 467.154 -13 758 1 0 1
-2.96066 -2.05027 73810 -10.9797 10.5263 228.557 466.992 -13 759 1 0 1
13.5824 39.7937 73810 -32.8311 37.5729 195.03 467.384 -13 760 1 0 1
4.91342 1.68474 73810 -17.8868 -17.665 209.136 467.432 -13 761 1 0 1
6.70176 46.476 73810 -18.6012 47.8007 200.418 467.381 -13 762 1 0 1
1.74443 27.6563 73810 -14.7831 9.47601 198.668 467.275 -13 763 1 0 1
8.72203 26.1309 73810 0.870029 53.3701 227.458 467.124 -13 764 1 0 1
14.8262 3.03844 73810 18.3574 -0.305107 245.575 467.228 -13 765 1 0 1
9.31932 -0.313363 73810 -2.87645 15.5816 248.859 467.093 -13 766 1 0 1
6.92683 20.7698 73810 -13.0767 21.74 204.355 467.357 -13 767 1 0 1
1.22798 43.1107 73810 -27.4089 43.8917 204.599 467.305 -13 768 1 0 1
-4.71061 25.8993 73810 -0.457514 21.9162 230.134 467.018 -13 769 1 0 1
-34.1433 -5.67845 73810 -50.8368 -15.6326 237.315 467.681 -13 770 1 0 1
0.917652 -14.3506 73810 13.2747 -17.004 200.838 467.685 -13 771 1 0 1
8.6831 -5.56303 73810 33.2485 8.95397 237.532 467.752 -13 772 1 0 1
-27.9521 4.08357 73810 -52.2749 -1.40094 210.006 467.745 -13 773 1 0 1
13.5328 17.769 73810 2.48817 3.3912 199.504 467.659 -13 774 1 0 1
1.76189 73.3293 73810 -44.4972 63.0701 201.375 467.079 -13 775 1 0 1
3.92106 26.6151 73810 -7.05448 18.3243 215.839 467.762 -13 776 1 0 1
-31.4045 -2.7513 73810 -46.0323 -11.7151 237.669 467.628 -13 777 1 0 1
7.57061 14.4788 73810 -33.6956 39.315 237.424 467.545 -13 778 1 0 1
-18.1706 23.9205 73810 -33.8979 14.0064 212.04 467.252 -13 779 1 0 1
8.88729 -2.04573 73810 4.61175 27.0443 256.521 467.459 -13 780 1 0 1
29.2259 1.41462 73810 -43.3128 -0.416679 204.87 467.402 -13 781 1 0 1
-1.49173 17.5382 73810 -7.5567 -7.52277 260.766 467.458 -13 782 1 0 1
1.83413 50.0387 73810 -30.7431 44.4272 205.853 468.321 -13 783 1 0 1
19.5501 0.567046 73810 16.9703 22.1516 246.215 467.068 -13 784 1 0 1
3.47196 13.7993 73810 -12.6038 13.75 229.42 467.078 -13 788 1 0 1
-22.2869 24.3543 73810 -51.5935 25.6762 228.975 467.146 -13 790 1 0 1
15.4264 -9.38287 73810 18.7401 7.25611 251.12 467.666 -13 791 1 0 1
-0.787303 18.0144 73810 -22.7154 39.2863 244.052 467.162 -13 793 1 0 1
-11.0798 6.78188 73810 -10.7165 3.58417 247.584 467.395 -13 794 1 0 1
1.26917 15.8525 73810 -17.3452 22.0915 247.269 467.211 -13 795 1 0 1
-20.669 -2.08446 73810 -29.6726 -0.260073 250.461 467.25 -13 796 1 0 1
-1.91596 18.426 73810 3.39474 27.3689 249.809 467.182 -13 797 1 0 1
-6.1297 3.97915 73810 -17.9747 -1.69033 197.778 467.122 -13 800 1 0 1
13.3833 31.3262 73810 -19.1553 15.2248 203.148 467.424 -13 801 1 0 1
3.90451 27.5852 73810 -28.1968 28.8727 208.211 467.107 -13 803 1 0 1
12.8151 4.89642 73810 -32.9114 29.565 258.41 467.587 -13 804 1 0 1
-3.973 10.6011 73810 -27.7171 23.0569 220.351 467.287 -13 806 1 0 1
5.90863 6.28344 73810 2.89949 24.8176 247.908 467.445 -13 807 1 0 1
-11.9974 -1.38913 73810 3.9113 1.35802 240.503 467.255 -13 809 1 0 1
-12.9318 -15.5098 73810 -6.57955 -4.6026 244.263 467.586 -13 811 1 0 1
-10.8734 -35.8368 73810 14.3291 -74.7413 231.905 466.994 -13 813 1 0 1
-7.31461 15.7829 73810 -32.3437 2.3244 234.813 467.07 -13 814 1 0 1
11.6299 -5.56204 73810 25.1868 11.5242 252.81 467.595 -13 815 1 0 1
6.97327 2.05398 73810 -15.1566 13.3634 246.523 467.049 -13 817 1 0 1
7.84242 20.9871 73810 -22.8301 41.0468 248.526 467.454 -13 819 1 0 1
-3.522 31.8089 73810 -14.0147 12.4956 200.024 468.402 -13 820 1 0 1
13.1921 6.82762 73810 -2.81519 -1.4883 208.612 467.132 -13 821 1 0 1
-0.251126 18.932 73810 6.51776 22.2603 256.509 467.473 -13 822 1 0 1
26.253 11.0911 73810 69.3612 49.1598 244.878 467.882 -13 823 1 0 1
-5.93879 -22.2098 73810 0.906075 5.494 186.737 468.674 -13 824 1 0 1
-14.7109 6.38581 73810 -21.8254 -5.21756 241.034 467.776 -13 825 1 0 1
-1.71387 19.904 73810 -14.782 22.2343 222.037 467.025 -13 827 1 0 1
5.03252 3.11286 73810 5.72649 8.6246 214.219 467.019 -13 828 1 0 1
-46.7095 41.236 73810 -55.2622 -4.62623 236.727 467.021 -13 830 1 0 1
10.0501 -9.09013 73810 31.107 5.98019 244.416 467.328 -13 831 1 0 1
-10.7259 10.9578 73810 -14.6801 -10.6001 256.097 467.348 -13 832 1 0 1
28.7963 15.3459 73810 -11.954 13.4174 234.076 467.932 -13 834 1 0 1
0.233646 8.32415 73810 59.6316 37.4734 255.437 467.425 -13 835 1 0 1
13.3673 29.2508 73810 -6.61414 26.2854 229.366 467.107 -13 837 1 0 1
1.76858 3.89386 73810 -13.4652 15.0993 248.705 467.156 -13 838 1 0 1
-6.44151 6.75053 73810 15.633 32.7453 261.216 467.534 -13 839 1 0 1
-1.01745 20.3933 73810 -14.9739 11.3605 198.214 467.272 -13 840 1 0 1
-11.3092 -5.16547 73810 18.9917 11.7657 253.894 467.559 -13 841 1 0 1
40.663 3.0645 73810 36.0832 33.9832 229.596 467.106 -13 842 1 0 1
13.828 -2.8635 73810 16.9369 -2.14247 244.719 467.231 -13 843 1 0 1
-28.1457 -6.89211 73810 -6.85323 -5.8617 220.294 467.079 -13 844 1 0 1
27.8477 -2.0936 73810 30.0822 24.1394 241.931 467.057 -13 845 1 0 1
-2.08578 10.2319 73810 -28.3557 1.75338 256.272 467.478 -13 846 1 0 1
0.374091 36.1064 73810 -15.1424 31.3728 225.112 467.014 -13 848 1 0 1
5.96467 2.44025 73810 2.78885 10.409 224.648 466.983 -13 849 1 0 1
-8.82657 15.2998 73810 -24.6482 29.2834 230.38 467.779 -13 851 1 0 1
-2.76783 0.618465 73810 15.7284 27.179 254.381 467.386 -13 853 1 0 1
12.0774 38.0564 73810 -12.5875 72.172 224.773 467.714 -13 854 1 0 1
5.93073 7.33303 73810 11.604 -12.9518 256.143 467.535 -13 855 1 0 1
-6.86894 -1.19311 73810 -21.027 -19.0519 204.502 467.661 -13 856 1 0 1
-0.24753 11.7171 73810 31.1341 46.5492 256.12 467.321 -13 859 1 0 1
-11.1138 -41.9812 73810 24.0411 -28.037 226.218 467.648 -13 861 1 0 1
-21.4703 -6.41764 73810 -4.45627 -1.85708 259.044 467.332 -13 862 1 0 1
3.02955 -4.51794 73810 21.9987 -11.3743 257.993 467.584 -13 863 1 0 1
-13.4725 9.04634 73810 7.94971 17.8037 254.196 467.269 -13 864 1 0 1
-9.40133 15.5213 73810 10.0828 5.45944 259.923 467.217 -13 865 1 0 1
-38.0165 28.8723 73810 -51.9067 2.03333 234.721 467.056 -13 867 1 0 1
-11.1445 20.5525 73810 -33.1594 6.50664 214.219 467.056 -13 870 1 0 1
-0.226497 19.5892 73810 -8.45846 19.891 241.935 467.198 -13 871 1 0 1
0.913658 15.8972 73810 7.3512 10.7344 245.961 467.703 -13 872 1 0 1
-10.1571 18.0733 73810 -19.1698 4.30887 205.337 467.12 -13 874 1 0 1
63.083 4.43333 73810 -13.2962 54.3337 305.362 467.103 -13 876 1 0 1
-10.1239 29.8615 73810 -6.5358 25.7268 227.84 467.122 -13 877 1 0 1
-9.27475 0.888853 73810 7.11871 1.56763 258.986 467.551 -13 878 1 0 1
30.1004 39.5301 73810 -8.43261 29.8526 266.801 467.368 -13 880 1 0 1
-2.08813 -4.74396 73810 -21.379 -0.699043 241.466 467.43 -13 881 1 0 1
-17.8513 38.1221 73810 -40.448 41.7314 227.572 467.78 -13 882 1 0 1
-9.08483 41.3886 73810 -32.3199 21.5432 225.897 467.997 -13 884 1 0 1
-16.5643 -3.08651 73810 -13.4499 -14.2756 247.96 467.573 -13 885 1 0 1
-0.340317 39.6456 73810 -8.52264 36.3866 208.291 467.632 -13 888 1 0 1
6.24672 25.8582 73810 -24.8066 32.6722 197.778 467.675 -13 890 1 0 1
42.0839 39.2784 73810 10.8637 50.693 201.533 467.982 -13 891 1 0 1
35.9329 1.84674 73810 68.1718 33.9459 236.735 467.018 -13 892 1 0 1
12.5227 4.47475 73810 10.2304 22.2881 219.687 467.059 -13 896 1 0 1
-10.947 15.9995 73810 -7.0928 12.1585 206.236 467.291 -13 897 1 0 1
6.93321 24.2606 73810 -27.7968 29.2558 243.501 467.184 -13 898 1 0 1
14.0044 29.2457 73810 -6.33697 36.2072 206.705 467.129 -13 900 1 0 1
11.1312 30.0503 73810 -19.0317 35.1521 202.59 467.395 -13 901 1 0 1
4.49535 7.04118 73810 -19.3538 5.97004 204.869 467.177 -13 902 1 0 1
5.33277 -2.50725 73810 -2.90058 -3.74489 212.363 467.058 -13 904 1 0 1
-15.8269 0.148811 73810 -6.82022 10.1802 211.813 467.3 -13 906 1 0 1
2.2742 -1.34795 73810 -0.345569 18.6585 203.38 467.34 -13 910 1 0 1
-11.8526 14.9578 73810 -26.6299 -11.2842 193.45 467.298 -13 912 1 0 1
-20.3733 4.23647 73810 -23.6463 7.26563 208.797 467.119 -13 913 1 0 1
6.99904 10.1373 73810 6.77049 21.8838 235.041 467.144 -13 915 1 0 1
13.2397 16.2721 73810 -7.33885 36.0224 236.862 467.135 -13 918 1 0 1
4.04278 -1.80402 73810 2.9932 18.6933 250.268 467.608 -13 919 1 0 1
-13.6251 21.6708 73810 -36.1697 52.4701 248.056 467.522 -13 920 1 0 1
3.6332 8.44898 73810 -7.75308 47.7178 247.128 467.678 -13 921 1 0 1
-10.5985 7.56945 73810 -29.7851 41.8454 250.3 467.288 -13 923 1 0 1
5.56133 -3.91167 73810 -15.3158 11.4569 246.666 466.995 -13 925 1 0 1
23.0719 32.1925 73810 -8.34203 27.7653 190.461 467.432 -13 926 1 0 1
-1.70816 35.0594 73810 -22.4183 17.3877 211.459 467.085 -13 927 1 0 1
-2.15433 41.1044 73810 -12.3691 41.3874 221.462 467.16 -13 928 1 0 1
3.28964 9.14864 73810 0.275707 8.01518 200.548 467.331 -13 929 1 0 1
0.290955 21.3989 73810 13.0219 29.8909 209.933 467.458 -13 930 1 0 1
2.70478 -10.172 73810 19.5834 -2.07671 221.121 467.098 -13 931 1 0 1
-7.58167 2.57045 73810 -25.3851 -10.7022 197.106 467.18 -13 932 1 0 1
-7.06512 9.95754 73810 -12.9441 1.27368 211.154 467.078 -13 933 1 0 1
19.0722 6.3093 73810 -3.57494 16.1526 221.752 467.891 -13 934 1 0 1
0.443354 -25.2901 73810 10.4607 34.2072 259.102 467.243 -13 937 1 0 1
-31.7276 -19.9059 73810 -31.4416 -19.6688 222.348 467.924 -13 938 1 0 1
-0.864525 -4.24623 73810 -29.1879 10.5441 232.496 467.052 -13 939 1 0 1
10.0334 -8.04863 73810 6.04184 15.8619 219.141 467.857 -13 940 1 0 1
7.31719 16.4236 73810 14.7213 60.2442 250.155 467.285 -13 941 1 0 1
-1.15847 52.0792 73810 -40.2002 24.4598 232.589 467.435 -13 942 1 0 1
4.74447 4.93781 73810 8.90731 37.1282 241.684 467.159 -13 943 1 0 1
-16.6946 19.6737 73810 -25.3284 42.2552 234.636 467.174 -13 944 1 0 1
25.7489 12.3092 73810 25.3303 47.6946 240.169 467.58 -13 946 1 0 1
14.6713 29.56 73810 -27.6746 27.7414 214.808 467.181 -13 947 1 0 1
-71.9786 33.2482 73810 -47.4241 15.7713 249.329 467.314 -13 948 1 0 1
11.8275 58.2872 73810 -33.2856 45.7301 199.254 467.439 -13 949 1 0 1
33.5826 -28.7262 73810 32.0535 -14.5307 180.401 467.34 -13 950 1 0 1
3.21541 36.3215 73810 -3.96896 76.0083 234.48 467.34 -13 951 1 0 1
-13.0522 25.6443 73810 -51.8407 35.9545 222.679 468.075 -13 953 1 0 1
-19.8981 3.12276 73810 -22.6087 18.1565 253.856 467.42 -13 955 1 0 1
-4.95522 6.58813 73810 25.0428 2.51998 258.116 467.367 -13 956 1 0 1
3.86485 -0.340825 73810 5.61642 7.32433 254.428 467.417 -13 957 1 0 1
-4.66773 11.2708 73810 -21.8596 13.6162 243.268 467.162 -13 958 1 0 1
-12.2594 3.69727 73810 -30.3861 17.6671 247.273 467.162 -13 959 1 0 1
17.3487 12.5048 73810 -12.1607 24.1581 211.463 467.174 -13 962 1 0 1
-14.5355 19.2136 73810 -13.2625 6.42616 224.229 467.231 -13 963 1 0 1
-20.9372 25.0453 73810 -39.0099 10.9034 205.673 467.115 -13 965 1 0 1
-27.4999 10.0846 73810 -38.5793 17.7275 233.554 467.153 -13 966 1 0 1
23.9619 22.5691 73810 -13.9821 22.915 215.964 467.182 -13 967 1 0 1
1.05758 17.8399 73810 8.30184 17.4961 219.62 467.047 -13 968 1 0 1
-10.5218 35.2052 73810 -46.976 37.6152 217.939 467.249 -13 969 1 0 1
0.263974 15.1869 73810 -17.259 -0.0331991 240.944 467.171 -13 970 1 0 1
-11.853 28.7849 73810 -39.164 20.3464 201.654 467.3 -13 971 1 0 1
-37.5457 19.9789 73810 -99.6615 14.8056 232.461 467.795 -13 972 1 0 1
-3.51942 -18.4162 73810 -5.42019 -27.2912 223.911 467.113 -13 973 1 0 1
7.05053 12.826 73810 -40.5591 33.1317 247.382 467.726 -13 974 1 0 1
12.2644 5.94785 73810 -10.1045 4.42763 232.412 467.172 -13 975 1 0 1
1.30602 0.82589 73810 6.20305 11.9464 233.164 467.087 -13 977 1 0 1
-1.21129 9.40249 73810 36.4348 5.75378 261.851 467.501 -13 978 1 0 1
-21.0821 14.4752 73810 -34.6107 -4.45396 193.009 468.471 -13 979 1 0 1
5.41679 7.51383 73810 -16.653 25.8327 225.003 467.134 -13 980 1 0 1
10.695 -9.85798 73810 10.6069 -1.43177 227.719 467.64 -13 982 1 0 1
22.6409 21.3737 73810 4.31403 53.9135 210.938 467.893 -13 983 1 0 1
1.39056 7.38365 73810 -13.743 18.07 227.602 467.145 -13 985 1 0 1
-28.881 3.87962 73810 -40.4061 -9.95162 217.228 467.183 -13 988 1 0 1
4.02397 11.8233 73810 15.565 9.18797 246.751 466.95 -13 991 1 0 1
1.95846 13.9023 73810 -14.9624 23.6585 239.351 467.07 -13 993 1 0 1
-20.8811 34.6465 73810 -49.6987 18.2653 201.107 467.313 -13 994 1 0 1
28.3948 36.8593 73810 2.31447 36.5792 221.717 467.168 -13 996 1 0 1
-29.4815 12.1542 73810 -40.4381 10.6014 208.32 467.15 -13 997 1 0 1
9.15051 6.91888 73810 12.7711 25.3955 205.265 467.267 -13 998 1 0 1
-1.05512 4.9729 73810 -19.2176 -20.7552 235.763 467.216 -13 999 1 0 1
0.807313 -32.7059 73810 33.9705 -5.29994 229.958 467.189 -13 1000 1 0 1
31.8501 34.5789 73810 21.3477 38.7197 208.537 467.191 -13 1001 1 0 1
13.8306 -15.6931 73810 30.4257 -63.0902 218.051 467.381 -13 1002 1 0 1
3.07153 1.07729 73810 -10.5407 -19.5635 208.468 467.78 -13 1003 1 0 1
12.3494 18.3194 73810 -4.95358 36.125 231.914 467.266 -13 1004 1 0 1
-3.00597 18.4189 73810 -22.3975 34.4276 227.127 467.549 -13 1005 1 0 1
-6.44422 -6.8379 73810 48.9288 65.0307 264.798 467.27 -13 1006 1 0 1
-12.5221 18.5246 73810 -32.0992 23.265 226.761 467.098 -13 1007 1 0 1
17.1824 13.3251 73810 14.811 40.2804 214.684 467.163 -13 1009 1 0 1
39.0485 11.7866 73810 61.4119 57.8204 239.972 467.426 -13 1010 1 0 1
-12.6864 5.7732 73810 -28.2585 8.01901 240.156 467.81 -13 1014 1 0 1
-17.7992 -19.2121 73810 -11.5584 -32.4386 210.71 466.919 -13 1017 1 0 1
5.16229 31.2112 73810 5.22895 65.7907 234.122 467.924 -13 1019 1 0 1
14.9931 16.5952 73810 44.2957 46.6786 255.789 467.492 -13 1021 1 0 1
5.40428 20.4977 73810 11.6649 -2.0975 221.096 467.348 -13 1022 1 0 1
-9.00502 22.1295 73810 -25.8243 11.6849 204.048 467.383 -13 1023 1 0 1
-9.93473 19.4782 73810 5.31598 6.1512 222.273 467.347 -13 1024 1 0 1
10.9688 4.90069 73810 14.4742 24.076 208.756 467.212 -13 1025 1 0 1
17.4358 33.3454 73810 3.22964 41.8888 207.434 467.286 -13 1026 1 0 1
-0.588516 2.53334 73810 -18.1493 17.0455 214.569 467.222 -13 1027 1 0 1
-0.602847 2.82552 73810 -3.23045 4.08882 212.541 467.213 -13 1028 1 0 1
20.7079 39.9156 73810 8.32232 50.9061 207.836 467.378 -13 1029 1 0 1
10.1379 -1.50101 73810 5.97875 38.1691 249.183 467.544 -13 1037 1 0 1
11.9956 40.9278 73810 17.582 99.3951 228.372 467.036 -13 1038 1 0 1
36.1175 45.4635 73810 -4.36344 52.2404 236.81 467.9 -13 1039 1 0 1
10.8044 -2.22751 73810 5.69036 13.7339 196.47 467.545 -13 1040 1 0 1
9.2573 38.4201 73810 -17.5848 35.745 205.367 467.795 -13 1041 1 0 1
-9.75583 29.0588 73810 -41.9993 22.3306 201.283 467.322 -13 1045 1 0 1
0.733894 16.2397 73810 -4.45091 -3.88215 185.736 466.999 -13 1051 1 0 1
-7.17797 11.2949 73810 -21.4556 19.6791 238.586 467.153 -13 1053 1 0 1
-24.7127 12.379 73810 -40.0852 6.41888 211.8 467.912 -13 1054 1 0 1
12.4243 -11.6145 73810 -0.906075 43.0331 251.314 467.492 -13 1055 1 0 1
17.7176 -23.2394 73810 20.4167 -4.10842 222.369 467.189 -13 1056 1 0 1
-6.29059 11.2723 73810 2.36368 45.2563 255.909 467.332 -13 1057 1 0 1
0.374662 3.13171 73810 11.6127 11.4314 244.919 467.089 -13 1059 1 0 1
-4.83409 -8.54797 73810 -23.0742 15.309 229.868 467.87 -13 1060 1 0 1
2.45903 4.30992 73810 27.9688 40.947 256.87 467.421 -13 1063 1 0 1
-0.321948 6.12044 73810 1.10376 7.47106 232.102 467.624 -13 1066 1 0 1
-26.6615 0.649397 73810 -28.3465 -4.71807 194.82 467.339 -13 1067 1 0 1
20.4403 11.5247 73810 9.80039 25.4846 249.489 467.445 -13 1068 1 0 1
-1.61379 15.9963 73810 -30.6105 40.357 244.456 467.55 -13 1069 1 0 1
2.05201 -1.81856 73810 -6.48752 25.6829 245.202 467.521 -13 1070 1 0 1
-1.10669 3.74657 73810 -47.0525 5.80681 215.378 467.648 -13 1073 1 0 1
-7.98859 77.8596 73810 -35.1393 95.6111 217.37 467.036 -13 1077 1 0 1
-8.54639 10.7694 73810 4.72864 15.5274 257.383 467.236 -13 1078 1 0 1
-30.1622 19.1726 73810 -42.2083 42.5421 223.226 468.169 -13 1079 1 0 1
3.02715 15.8507 73810 24.2278 12.9827 257.568 467.492 -13 1080 1 0 1
14.0388 -2.43239 73810 34.2571 -11.4094 254.321 467.668 -13 1081 1 0 1
-14.3 9.37825 73810 -9.29358 4.71401 250.571 467.49 -13 1082 1 0 1
-3.18593 6.97338 73810 -32.1229 23.2168 237.36 467.106 -13 1083 1 0 1
-10.5842 9.93137 73810 -36.7876 51.3337 255.265 467.436 -13 1084 1 0 1
38.5038 25.3119 73810 33.7387 56.7231 233.819 468.02 -13 1086 1 0 1
-10.1768 12.6346 73810 -32.5151 21.9604 240.65 467.857 -13 1088 1 0 1
-13.0941 30.7147 73810 1.53254 25.7432 235.328 468.008 -13 1090 1 0 1
1.30992 -1.5211 73810 -7.54031 13.9324 251.545 467.312 -13 1091 1 0 1
5.49087 -17.5627 73810 25.7705 -55.617 243.831 467.17 -13 1092 1 0 1
-4.34783 5.85366 73810 -11.7504 -8.73557 256.686 467.369 -13 1093 1 0 1
55.1329 66.1186 73810 -34.8806 12.4979 133.187 470.076 -13 1094 1 0 1
-18.0714 2.99035 73810 13.9356 8.33213 234.617 467.052 -13 1096 1 0 1
40.557 20.5186 73810 1.50085 11.3431 226.793 467.453 -13 1097 1 0 1
12.9933 9.37078 73810 -3.19386 20.3461 201.916 467.184 -13 1098 1 0 1
-2.92495 21.0631 73810 -22.0139 21.5131 200.167 467.434 -13 1099 1 0 1
-35.0962 19.1825 73810 -49.8474 -6.93794 197.164 467.224 -13 1100 1 0 1
-4.49045 -9.1557 73810 3.43308 25.003 231.144 467.112 -13 1101 1 0 1
11.9968 1.4092 73810 -11.1373 16.4596 207.625 467.23 -13 1102 1 0 1
36.5515 9.52634 73810 42.3874 38.2695 238.239 467.085 -13 1103 1 0 1
15.5094 -19.1083 73810 -11.0319 -51.0153 230.983 467.028 -13 1105 1 0 1
-10.4185 10.5404 73810 26.0807 38.0476 262.64 467.523 -13 1106 1 0 1
-11.7034 10.5457 73810 -31.6061 10.3347 233.688 467.089 -13 1109 1 0 1
-2.50358 20.0959 73810 -2.52649 23.5355 230.344 467.097 -13 1110 1 0 1
-0.451564 8.05099 73810 -15.7173 -21.2351 210.288 468.226 -13 1111 1 0 1
16.1822 34.4397 73810 -10.5403 29.6366 233.681 467.426 -13 1114 1 0 1
14.0352 9.83051 73810 -8.3513 2.94868 238.921 467.189 -13 1117 1 0 1
33.4085 -16.3596 73810 125.532 -12.9882 257.817 467.708 -13 1118 1 0 1
3.43044 3.64337 73810 1.42511 39.4248 242.744 467.78 -13 1119 1 0 1
0.929632 -2.20544 73810 -11.2521 23.1329 254.779 467.497 -13 1121 1 0 1
18.0031 18.5007 73810 13.8856 68.796 243.99 467.457 -13 1123 1 0 1
4.14829 79.4584 73810 -45.7012 128.668 227.773 467.371 -13 1124 1 0 1
-15.2567 12.9691 73810 6.88362 25.6105 240.842 467.768 -13 1126 1 0 1
7.70902 20.038 73810 5.35551 15.2965 243.738 467.591 -13 1128 1 0 1
-10.5945 25.0603 73810 -41.0235 56.8342 230.431 468.019 -13 1129 1 0 1
33.7246 14.3787 73810 19.0613 36.1548 219.616 467.74 -13 1131 1 0 1
12.8401 -10.0906 73810 9.70158 14.5773 238.783 467.898 -13 1132 1 0 1
-6.17614 16.8373 73810 -23.4288 29.0635 210.341 467.755 -13 1133 1 0 1
0.0736389 12.2648 73810 2.38437 31.4086 234.675 467.079 -13 1134 1 0 1
-14.6045 21.816 73810 -30.3553 2.61212 204.57 467.785 -13 1135 1 0 1
-0.0124657 -4.70367 73810 -17.7399 14.6068 243.615 467.545 -13 1136 1 0 1
-18.9357 23.8792 73810 -51.0318 47.3201 245.481 467.63 -13 1138 1 0 1
-5.4778 54.1428 73810 -13.5392 65.7882 210.246 467.963 -13 1139 1 0 1
-8.41679 2.63774 73810 -3.12857 17.5251 232.467 467.828 -13 1141 1 0 1
23.4566 -6.75047 73810 34.6378 26.0278 239.723 467.589 -13 1144 1 0 1
-13.1912 4.24526 73810 -16.2301 -4.63699 256.55 467.397 -13 1146 1 0 1
25.6971 -5.34804 73810 49.403 43.5334 232.747 467.739 -13 1149 1 0 1
27.761 23.9538 73810 -0.465708 27.9622 232.197 467.891 -13 1150 1 0 1
-35.8843 -5.93744 73810 -42.7065 -8.71949 226.815 467.77 -13 1152 1 0 1
5.81566 48.2237 73810 -39.8005 65.4884 239.442 467.386 -13 1154 1 0 1
-16.7278 4.95691 73810 -14.169 43.5902 244.164 467.853 -13 1155 1 0 1
-18.7432 6.70094 73810 -8.59243 -13.7302 248.089 467.258 -13 1156 1 0 1
16.3981 16.4139 73810 -4.94099 12.6492 197.306 467.269 -13 1158 1 0 1
11.7023 20.3894 73810 2.0131 44.0487 215.643 467.12 -13 1159 1 0 1
4.50077 16.3598 73810 5.78465 22.1393 229.137 467.028 -13 1160 1 0 1
-4.28831 2.19951 73810 -72.6694 -6.82083 253.34 467.27 -13 1161 1 0 1
-12.6612 5.08513 73810 0.174026 19.6324 229.554 466.92 -13 1162 1 0 1
6.9115 35.5089 73810 -26.7502 21.3526 203.735 467.101 -13 1163 1 0 1
-20.4389 -28.6252 73810 7.75699 4.21804 245.576 467.382 -13 1164 1 0 1
3.21316 30.0912 73810 -33.4941 26.8649 206.002 467.165 -13 1165 1 0 1
8.02839 1.59729 73810 11.0402 18.0391 250.547 467.378 -13 1166 1 0 1
-1.33777 15.5429 73810 -17.969 5.38953 205.446 467.128 -13 1170 1 0 1
-5.02004 -10.8363 73810 -3.3477 -23.3453 228.221 467.044 -13 1171 1 0 1
27.3164 24.746 73810 -2.81392 22.4107 209.141 467.225 -13 1172 1 0 1
-7.20633 15.4617 73810 -22.4875 15.0679 207.935 467.432 -13 1174 1 0 1
-3.67052 17.7874 73810 -19.3485 15.3384 201.743 467.342 -13 1176 1 0 1
6.75198 -8.58509 73810 4.27115 -2.00464 200.943 467.338 -13 1177 1 0 1
-14.0922 26.9391 73810 -39.021 16.9558 200.831 467.444 -13 1178 1 0 1
2.99228 -18.945 73810 12.1641 -29.5466 220.813 467.351 -13 1179 1 0 1
-12.0619 6.3204 73810 -12.9843 -18.4252 209.441 467.504 -13 1180 1 0 1
3.92221 24.9417 73810 -23.5616 16.5288 210.035 467.121 -13 1181 1 0 1
-12.0418 10.6535 73810 -14.8861 3.82461 213.375 467.151 -13 1182 1 0 1
-10.3091 18.5705 73810 -19.3694 -2.80463 209.348 467.183 -13 1183 1 0 1
-21.8956 11.6735 73810 -31.0168 3.37923 215.537 467.092 -13 1184 1 0 1
8.63618 28.594 73810 -14.3639 46.9756 234.745 467.108 -13 1185 1 0 1
-15.1759 -4.11117 73810 -3.64598 65.408 240.855 466.712 -13 1186 1 0 1
14.609 51.0499 73810 8.65939 80.51 226.688 467.108 -13 1187 1 0 1
-16.7468 6.60265 73810 -1.8622 -18.5344 210.928 467.103 -13 1188 1 0 1
-8.28934 24.3235 73810 -44.5779 8.22298 206.786 467.276 -13 1189 1 0 1
12.2587 17.1988 73810 36.3165 50.2202 235.042 467.058 -13 1190 1 0 1
4.20157 14.0878 73810 -33.0268 11.3819 197.86 467.23 -13 1191 1 0 1
-65.3992 63.6019 73810 -32.6311 -41.5146 132.635 469.877 -13 1193 1 0 1
44.2438 21.3226 73810 10.0446 50.1617 226.704 467.226 -13 1194 1 0 1
19.6865 28.0647 73810 -6.20304 39.3254 238.547 467.426 -13 1195 1 0 1
-0.548254 35.8906 73810 0.362627 38.9286 214.644 467.192 -13 1198 1 0 1
-5.3816 35.1795 73810 -25.3203 12.9463 196.266 467.144 -13 1199 1 0 1
-12.0108 12.7805 73810 -25.2187 20.7274 215.792 467.121 -13 1200 1 0 1
2.23827 6.2475 73810 -19.5422 9.06744 202.719 467.115 -13 1201 1 0 1
-13.6023 7.32925 73810 -12.5899 2.74562 211.263 467.101 -13 1202 1 0 1
8.33797 -1.74698 73810 -7.10061 -4.01172 228.099 467.045 -13 1203 1 0 1
-14.5963 37.1867 73810 -33.1434 37.3687 217.362 467.025 -13 1204 1 0 1
16.2392 15.5436 73810 59.2846 36.073 260.808 467.239 -13 1206 1 0 1
-3.92983 3.78638 73810 -5.73852 11.9771 209.696 467.119 -13 1207 1 0 1
36.8275 17.0309 73810 22.7982 54.2248 222.173 467.836 -13 1209 1 0 1
-16.3563 14.1153 73810 -11.7356 8.56275 185.903 467.517 -13 1210 1 0 1
12.1715 33.0788 73810 -20.6818 23.519 177.029 467.366 -13 1211 1 0 1
-24.4768 -2.66965 73810 -31.4738 5.80646 209.632 467.48 -13 1212 1 0 1
92.0085 -72.4589 73810 27.7027 37.9883 136.289 470.379 -13 1214 1 0 1
10.6423 10.3496 73810 -24.8619 50.2656 240.266 467.799 -13 1215 1 0 1
-5.57064 8.87807 73810 -21.8275 24.6357 234.085 467.651 -13 1216 1 0 1
-0.55642 17.089 73810 -24.9929 20.8296 237.573 467.676 -13 1217 1 0 1
25.5165 12.3219 73810 8.45996 35.2234 235.626 467.862 -13 1218 1 0 1
-7.30714 26.5595 73810 -4.34836 29.5592 195.375 468.354 -13 1224 1 0 1
2.63436 17.4071 73810 -12.8776 28.8802 223.486 467.125 -13 1225 1 0 1
5.22198 23.7547 73810 -21.615 34.7727 219.252 467.948 -13 1231 1 0 1
15.8242 19.6135 73810 -6.09739 39.8482 217.409 467.149 -13 1234 1 0 1
-9.79959 0.201502 73810 -1.19308 -26.7806 222.191 467.611 -13 1235 1 0 1
-4.17998 4.46684 73810 8.01813 -10.2159 188.753 467.185 -13 1237 1 0 1
5.56843 -12.8894 73810 4.26378 22.3872 207.338 467.557 -13 1238 1 0 1
12.9826 54.495 73810 -25.7533 69.0461 225.136 467.525 -13 1239 1 0 1
-3.16619 16.1029 73810 -23.8748 -5.76925 186.523 467.505 -13 1240 1 0 1
15.5747 15.2164 73810 7.6214 12.0712 236.235 467.645 -13 1241 1 0 1
5.41453 18.1544 73810 5.82039 51.4724 235.104 467.7 -13 1243 1 0 1
-5.9003 11.4269 73810 26.2846 38.5972 254.018 467.399 -13 1247 1 0 1
-17.4056 -11.1241 73810 -21.2213 -44.4448 231.716 467.055 -13 1252 1 0 1
-14.9721 19.0384 73810 -20.4396 2.73878 215.427 467.133 -13 1255 1 0 1
-16.1481 22.4733 73810 -17.0159 18.2337 207.062 467.088 -13 1256 1 0 1
-5.61182 16.7264 73810 -52.0116 14.5938 226.851 467.199 -13 1257 1 0 1
0.537934 15.0933 73810 -2.40302 17.8934 196.244 467.133 -13 1258 1 0 1
4.3933 14.6052 73810 -21.2346 5.3534 234.947 467.049 -13 1259 1 0 1
-12.9874 9.9413 73810 -29.4157 -7.24598 197.193 467.272 -13 1260 1 0 1
-27.0378 19.8931 73810 -45.8815 33.8746 228.478 466.973 -13 1261 1 0 1
-16.0727 24.9903 73810 -36.0712 11.3364 198.617 467.322 -13 1262 1 0 1
-76.5112 117.745 73810 -118.622 30.6836 190.177 467.999 -13 1263 1 0 1
8.87975 16.2633 73810 -4.46485 13.5825 210.963 467.084 -13 1264 1 0 1
20.3451 10.1669 73810 1.74138 16.1279 202.08 467.234 -13 1265 1 0 1
15.8639 38.1406 73810 -20.8142 21.2399 199.251 467.289 -13 1266 1 0 1
-5.90701 3.07027 73810 -15.5149 -8.34146 212.896 467.269 -13 1267 1 0 1
-24.3262 27.3553 73810 -48.3812 3.02212 198.808 467.376 -13 1268 1 0 1
-1.28299 41.3535 73810 -28.2561 42.5778 211.481 467.188 -13 1269 1 0 1
25.027 21.1213 73810 11.2524 53.0477 225.839 467.059 -13 1270 1 0 1
2.34463 27.5875 73810 -17.8883 33.2555 206.77 467.064 -13 1271 1 0 1
8.10259 -10.7942 73810 9.19212 -5.0345 246.308 467.143 -13 1273 1 0 1
-3.45482 6.32444 73810 -13.2147 -4.30132 194.309 467.117 -13 1275 1 0 1
-0.25719 2.08087 73810 12.3124 17.191 234.46 467.031 -13 1276 1 0 1
-9.37291 -9.82987 73810 1.58123 -20.0465 222.651 468.044 -13 1279 1 0 1
-16.0298 18.3294 73810 -48.5644 11.3943 239.19 467.132 -13 1282 1 0 1
9.52055 17.0845 73810 32.504 52.5742 255.752 467.63 -13 1283 1 0 1
7.11037 14.1185 73810 -11.813 -0.935981 206.802 467.236 -13 1284 1 0 1
1.45379 -4.25732 73810 -17.4894 25.5478 237.176 467.869 -13 1285 1 0 1
-15.613 43.945 73810 -25.8115 29.9575 222.376 467.245 -13 1286 1 0 1
21.6488 29.3161 73810 -4.52885 57.4028 225.543 467.154 -13 1287 1 0 1
9.50173 -8.77445 73810 3.1166 -4.67692 222.348 466.99 -13 1288 1 0 1
27.0752 3.84835 73810 56.7638 22.621 251.863 467.653 -13 1289 1 0 1
13.819 4.00545 73810 -5.19141 17.76 236.598 467.789 -13 1290 1 0 1
-15.4845 -3.85113 73810 0.488895 38.4871 257.213 467.455 -13 1291 1 0 1
-6.96852 12.4871 73810 -32.7198 13.1908 243.954 467.709 -13 1292 1 0 1
-1.87355 20.8214 73810 -9.22431 49.971 247.579 467.398 -13 1293 1 0 1
-10.3273 -1.67418 73810 -9.53671 24.486 246.244 467.129 -13 1294 1 0 1
-3.80501 -0.673314 73810 7.31872 5.40811 251.272 467.457 -13 1295 1 0 1
-10.4274 -0.642786 73810 -21.6379 -11.4104 251.651 467.331 -13 1297 1 0 1
-2.10169 10.8714 73810 -26.7874 24.6438 219.83 467.104 -13 1299 1 0 1
-5.90495 34.1232 73810 10.4154 49.754 234.491 467.155 -13 1300 1 0 1
-20.9004 37.6966 73810 -29.499 15.5694 211.263 467.131 -13 1303 1 0 1
-3.39879 20.6996 73810 -28.2924 20.6901 217.757 467.08 -13 1304 1 0 1
14.5584 11.0675 73810 -2.57558 22.9387 213.116 467.093 -13 1305 1 0 1
28.1745 28.7626 73810 -17.2138 39.9032 227.996 467.235 -13 1307 1 0 1
-4.40258 43.5539 73810 -25.7007 33.3765 205.238 467.231 -13 1308 1 0 1
16.225 32.2447 73810 -18.5958 42.3249 202.279 467.211 -13 1309 1 0 1
-9.39734 22.1169 73810 -20.3993 42.0651 255.976 467.452 -13 1310 1 0 1
3.32265 -11.1958 73810 16.8093 -10.5217 228.185 467.091 -13 1311 1 0 1
24.4238 8.14634 73810 12.9144 28.7759 235.342 467.055 -13 1312 1 0 1
28.8621 3.72322 73810 23.5893 17.4944 237.288 467.8 -13 1313 1 0 1
-22.0351 7.569 73810 -43.0835 15.2694 254.196 467.341 -13 1314 1 0 1
-13.7995 -4.91044 73810 -19.5792 -13.2154 230.583 467.092 -13 1315 1 0 1
5.30751 19.8367 73810 -24.4225 3.92891 253.43 467.362 -13 1316 1 0 1
7.32473 -3.26936 73810 7.7932 -21.4024 196.028 467.853 -13 1317 1 0 1
-11.7839 -47.209 73810 24.4426 11.8501 225.992 467.848 -13 1318 1 0 1
-2.65756 6.4343 73810 -17.1155 14.4178 229.885 467.146 -13 1320 1 0 1
2.84799 7.6183 73810 -3.3049 60.6062 245.667 467.603 -13 1323 1 0 1
5.00514 -4.19375 73810 28.3926 3.64038 239.83 467.181 -13 1327 1 0 1
-28.9085 26.9394 73810 -47.9009 7.90644 206.714 467.246 -13 1328 1 0 1
-9.54558 0.206464 73810 1.5405 11.2309 245.875 467.094 -13 1330 1 0 1
-0.0630292 -2.44099 73810 -13.4681 22.8525 249.891 467.121 -13 1331 1 0 1
-52.2724 6.80913 73810 -53.6085 -0.643881 210.644 467.207 -13 1332 1 0 1
6.33296 14.1749 73810 -20.6644 30.278 251.457 467.27 -13 1333 1 0 1
76.8843 3.75303 73810 88.6937 63.9708 233.342 467.43 -13 1334 1 0 1
-18.78 10.7776 73810 -29.7527 -13.9265 192.796 467.213 -13 1335 1 0 1
2.30241 3.99787 73810 1.79789 2.07652 210.456 466.983 -13 1336 1 0 1
8.53134 44.2857 73810 -29.6461 19.5145 220.198 467.313 -13 1338 1 0 1
36.9094 -2.73728 73810 15.1306 28.6318 206.316 467.27 -13 1339 1 0 1
50.8905 25.9151 73810 30.6774 43.4355 206.603 467.28 -13 1340 1 0 1
-10.8934 -2.5187 73810 -34.4692 -18.2319 229.592 467.065 -13 1341 1 0 1
14.6869 21.9494 73810 3.96 39.392 221.083 467.068 -13 1342 1 0 1
-10.7157 15.3609 73810 -26.8433 -1.77675 218.992 467.137 -13 1343 1 0 1
29.2573 38.5614 73810 -0.325409 46.6274 225.088 467.115 -13 1344 1 0 1
1.28047 32.8211 73810 -38.9833 7.46952 204.456 467.302 -13 1345 1 0 1
-14.5396 -21.4974 73810 -5.72508 -26.8973 176.578 467.432 -13 1347 1 0 1
-20.8012 48.9915 73810 -20.2712 25.7839 217.233 467.487 -13 1348 1 0 1
8.25548 -18.3426 73810 23.5739 2.221 243.21 467.594 -13 1349 1 0 1
16.6883 -3.62769 73810 0.855166 10.9744 215.959 467.734 -13 1351 1 0 1
3.27315 7.48719 73810 -10.7295 22.5023 216.625 467.721 -13 1353 1 0 1
33.8024 30.317 73810 6.63388 44.0804 210.68 467.855 -13 1354 1 0 1
43.0809 15.2308 73810 23.7175 25.8125 203.38 467.901 -13 1355 1 0 1
-11.5756 17.1728 73810 -10.8431 68.8991 255.129 467.464 -13 1358 1 0 1
2.38639 -44.2895 73810 8.13103 -10.4653 236.918 467.263 -13 1359 1 0 1
-11.5771 27.8271 73810 -18.0433 28.2546 224.231 467.054 -13 1360 1 0 1
21.5488 25.9651 73810 28.3674 68.4017 245.889 467.257 -13 1361 1 0 1
30.4144 43.2732 73810 -16.9931 -1.18014 219.046 467.359 -13 1362 1 0 1
24.7088 9.78239 73810 31.9502 19.6243 209.203 466.827 -13 1365 1 0 1
-19.9211 15.6328 73810 -40.3097 9.21128 242.918 467.55 -13 1366 1 0 1
13.4427 14.3687 73810 24.49 35.8505 247.695 467.315 -13 1367 1 0 1
21.7971 7.09144 73810 8.05206 16.9833 224.982 467.014 -13 1368 1 0 1
-15.856 14.3251 73810 -26.8764 33.5104 254.146 467.262 -13 1369 1 0 1
3.31671 -3.1379 73810 -0.774376 10.1797 228.341 467.057 -13 1370 1 0 1
-3.21933 4.20752 73810 -0.440354 26.4525 250.016 467.322 -13 1371 1 0 1
-3.91637 4.65245 73810 -2.70372 28.6239 247.187 467.651 -13 1372 1 0 1
4.77397 15.3466 73810 -21.2491 17.5676 241.311 467.61 -13 1373 1 0 1
5.10484 4.07937 73810 11.7719 26.9075 222.991 467.098 -13 1374 1 0 1
14.2042 7.28132 73810 -25.2972 -4.09445 254.888 467.672 -13 1375 1 0 1
10.8674 5.11692 73810 30.1445 6.4473 242.167 467.682 -13 1377 1 0 1
-9.5753 14.2599 73810 -33.766 29.2462 215.679 468.101 -13 1378 1 0 1
24.0343 99.5313 73810 -45.6891 51.8885 203.568 467.188 -13 1380 1 0 1
7.16541 -13.4373 73810 30.9563 -2.67211 238.485 467.701 -13 1381 1 0 1
-24.1917 -1.62832 73810 -93.3642 -2.45933 257.21 467.346 -13 1382 1 0 1
9.9244 -2.28359 73810 27.6106 17.7455 255.962 467.314 -13 1383 1 0 1
26.0748 15.2974 73810 12.9493 38.5026 246.701 467.396 -13 1385 1 0 1
-51.5739 24.5987 73810 -54.1326 0.934505 212.859 468.009 -13 1388 1 0 1
-6.65745 10.7348 73810 -40.8551 -2.52222 228.669 467.81 -13 1393 1 0 1
0.0251517 9.89822 73810 -17.8244 12.6977 243.965 467.138 -13 1394 1 0 1
-9.95091 13.0431 73810 -10.1348 14.5598 224.993 467.014 -13 1396 1 0 1
9.27576 13.2644 73810 1.98343 24.5439 220.69 467.041 -13 1399 1 0 1
-13.726 17.2727 73810 -13.1295 39.9598 254.203 467.317 -13 1400 1 0 1
11.5508 5.95355 73810 18.2001 23.4611 250.593 467.545 -13 1401 1 0 1
-18.9285 3.85025 73810 -14.1167 -2.40963 210.834 467.24 -13 1404 1 0 1
-22.2341 36.9041 73810 -76.9943 71.5893 236.466 467.732 -13 1405 1 0 1
-9.38823 8.39826 73810 -28.5518 21.4373 238.178 467.217 -13 1406 1 0 1
22.3767 20.017 73810 -5.6384 19.5201 199.229 467.29 -13 1407 1 0 1
-6.83929 -5.65018 73810 2.89675 -20.726 234.762 467.104 -13 1408 1 0 1
-54.2524 32.5563 73810 -71.1403 -6.6736 215.364 467.33 -13 1409 1 0 1
-0.197184 27.903 73810 -19.7654 23.4482 205.005 467.177 -13 1410 1 0 1
-2.31667 9.38181 73810 -22.9994 -1.76085 248.991 467.437 -13 1411 1 0 1
16.7322 22.8075 73810 -15.4245 34.4939 201.933 467.379 -13 1412 1 0 1
-4.92891 11.4513 73810 -27.1917 20.8067 244.131 467.182 -13 1413 1 0 1
-51.9048 1.27301 73810 -64.5645 -4.72714 226.911 467.016 -13 1414 1 0 1
29.7419 49.5631 73810 -3.34719 65.8558 209.36 467.078 -13 1416 1 0 1
-15.4418 10.7544 73810 -35.4906 16.834 229.986 467.142 -13 1417 1 0 1
-4.84744 5.96118 73810 -18.64 -7.69087 207.149 467.194 -13 1418 1 0 1
-20.9751 7.01104 73810 -18.4999 -0.225575 213.365 467.145 -13 1419 1 0 1
11.9032 5.80544 73810 -7.77149 21.3124 232.145 467.134 -13 1420 1 0 1
39.171 -2.47371 73810 38.1671 40.0806 250.068 467.215 -13 1421 1 0 1
-20.6736 49.2082 73810 -56.0699 24.9185 210.225 467.324 -13 1422 1 0 1
5.27507 9.21989 73810 -28.1229 24.6238 215.938 467.101 -13 1424 1 0 1
-16.5278 29.7186 73810 -39.3657 13.3658 208.763 467.285 -13 1425 1 0 1
2.57819 -1.48952 73810 13.7334 -22.6369 215.557 467.207 -13 1426 1 0 1
3.71236 13.262 73810 -11.8632 6.80538 232.557 467.139 -13 1427 1 0 1
14.8972 16.8097 73810 6.38119 21.4887 247.732 467.224 -13 1428 1 0 1
-1.81469 10.9584 73810 2.27806 34.074 243.686 467.223 -13 1429 1 0 1
12.7711 -3.58144 73810 7.8131 -2.99174 239.455 467.083 -13 1430 1 0 1
16.205 19.415 73810 1.71439 46.77 248.098 467.393 -13 1431 1 0 1
-6.19795 16.3879 73810 3.97528 32.5744 231.16 467.113 -13 1432 1 0 1
-12.0273 8.12551 73810 -29.915 -3.24282 250.307 467.18 -13 1433 1 0 1
-10.4285 -5.48557 73810 -35.304 -13.7499 221.742 467.05 -13 1434 1 0 1
-11.13 4.55854 73810 5.52368 21.6736 256.519 467.266 -13 1435 1 0 1
8.79781 11.5958 73810 22.5406 41.2716 252.481 467.407 -13 1436 1 0 1
27.0735 32.8499 73810 -12.0118 62.8945 219.738 467.248 -13 1437 1 0 1
-5.10427 30.0966 73810 -19.5973 3.77797 193.048 467.474 -13 1438 1 0 1
-35.8068 2.19786 73810 -40.2496 -4.94965 237.678 467.158 -13 1440 1 0 1
-43.4991 58.1718 73810 -98.158 52.5543 226.866 468.119 -13 1442 1 0 1
6.01387 41.6895 73810 -8.9372 55.5203 233.468 467.251 -13 1443 1 0 1
-5.53432 32.9065 73810 -37.589 33.7194 215.692 467.123 -13 1444 1 0 1
8.79264 13.3626 73810 -0.124289 15.0466 218.444 467.11 -13 1445 1 0 1
19.489 18.7275 73810 -24.0526 -0.983958 250.792 467.491 -13 1446 1 0 1
22.6958 1.37674 73810 8.6057 33.6743 254.066 467.569 -13 1447 1 0 1
4.48797 16.8502 73810 -2.98508 26.3663 225.574 467.932 -13 1448 1 0 1
-19.3393 29.3205 73810 -52.1758 7.15777 184.016 467.241 -13 1449 1 0 1
-7.43166 25.6406 73810 -28.8758 33.8585 241.384 467.444 -13 1451 1 0 1
-12.5374 22.1584 73810 -25.7484 16.4294 196.641 468.238 -13 1453 1 0 1
-8.19037 14.7054 73810 -26.6248 23.9176 235.501 467.546 -13 1454 1 0 1
34.564 81.4421 73810 -25.2285 57.2823 179.117 468.799 -13 1456 1 0 1
-9.59244 -1.83129 73810 -16.8939 2.04798 199.8 467.577 -13 1459 1 0 1
30.2654 -6.85743 73810 13.3876 6.38822 220.525 467.99 -13 1460 1 0 1
-10.7547 51.1337 73810 -51.8394 31.328 225.539 467.483 -13 1463 1 0 1
28.0519 -6.77117 73810 25.2068 27.1506 227.987 467.726 -13 1465 1 0 1
10.0384 -2.59483 73810 24.6261 -7.00565 258.808 467.387 -13 1468 1 0 1
-6.10538 8.94745 73810 -22.2981 24.8456 214.84 467.788 -13 1472 1 0 1
2.4153 6.52903 73810 7.04776 -4.05568 260.06 467.131 -13 1473 1 0 1
-10.1969 21.0966 73810 -17.6474 20.2586 202.12 467.783 -13 1475 1 0 1
8.38742 11.8472 73810 10.1744 28.85 242.887 467.577 -13 1476 1 0 1
7.22388 23.3752 73810 -7.97492 83.3121 238.388 467.786 -13 1479 1 0 1
22.2214 22.5676 73810 50.9114 49.4718 250.179 467.459 -13 1481 1 0 1
-10.8405 0.626809 73810 -14.979 -6.709 245.177 467.349 -13 1482 1 0 1
8.8665 -7.91523 73810 29.9457 26.8869 253.213 467.622 -13 1483 1 0 1
3.96105 8.05842 73810 -0.584584 5.42505 242.491 467.083 -13 1484 1 0 1
12.6906 -5.73558 73810 24.1818 11.097 238.396 467.154 -13 1485 1 0 1
-12.9654 -7.11113 73810 7.72204 33.4357 246.676 467.137 -13 1486 1 0 1
-2.98 -14.9435 73810 5.7757 13.112 230.722 467.816 -13 1490 1 0 1
17.4231 29.0792 73810 -23.6396 49.6124 244.906 467.696 -13 1494 1 0 1
7.78895 15.1278 73810 -8.95908 45.9644 245.086 467.401 -13 1495 1 0 1
36.5298 42.0332 73810 -11.4916 38.9525 183.22 467.46 -13 1496 1 0 1
-13.9932 23.3662 73810 -11.4231 30.5243 223.88 467.233 -13 1497 1 0 1
-36.4916 42.2956 73810 -47.0708 6.09526 202.484 468.202 -13 1500 1 0 1
-40.985 39.4454 73810 -33.2341 13.4925 207.07 467.709 -13 1501 1 0 1
20.0271 6.68574 73810 17.7755 -4.53537 195.999 467.723 -13 1502 1 0 1
17.2934 19.663 73810 9.59584 25.3025 249.63 467.516 -13 1503 1 0 1
-12.8285 -10.1339 73810 -27.4747 4.48077 217.167 468.01 -13 1504 1 0 1
3.37653 7.31016 73810 -4.43288 21.8345 220.802 467.024 -13 1507 1 0 1
4.46497 15.8827 73810 -0.573324 10.1615 219.265 467.031 -13 1508 1 0 1
0.476286 27.7685 73810 -21.3306 13.6584 213.022 467.016 -13 1509 1 0 1
-13.9051 13.0736 73810 -27.5994 -8.78179 237.333 467.865 -13 1512 1 0 1
-10.4071 6.69565 73810 -18.6209 -2.39756 208.744 467.048 -13 1513 1 0 1
2.98551 -2.1055 73810 -2.05269 -15.9944 242.787 467.11 -13 1514 1 0 1
-0.220929 14.0046 73810 -0.201469 9.76549 225.375 467.025 -13 1515 1 0 1
-10.4603 -17.4901 73810 -2.52878 -9.75654 248.321 467.694 -13 1516 1 0 1
5.71729 -7.62116 73810 -20.7499 8.04961 235.104 467.874 -13 1517 1 0 1
-8.31578 11.624 73810 -12.6436 29.9666 247.561 467.381 -13 1518 1 0 1
22.2852 2.77842 73810 19.0584 11.2681 223.225 467.08 -13 1523 1 0 1
-33.5046 3.55769 73810 -12.0363 11.1539 207.848 468.221 -13 1525 1 0 1
8.83233 18.8221 73810 7.1055 14.3557 231.888 467.057 -13 1526 1 0 1
18.7303 27.6579 73810 -9.27299 54.2747 236.627 467.283 -13 1527 1 0 1
18.3779 3.92437 73810 14.492 30.7525 249.485 467.105 -13 1529 1 0 1
-4.39674 29.483 73810 -21.6684 32.6991 227.38 467.079 -13 1533 1 0 1
-0.855421 -3.52107 73810 -12.5513 36.0387 240.321 467.169 -13 1534 1 0 1
-15.7256 17.1115 73810 -29.6081 -2.70912 210.027 467.035 -13 1536 1 0 1
-9.93453 -22.6336 73810 25.1708 54.0304 271.268 467.404 -13 1537 1 0 1
0.946219 -1.79687 73810 10.3659 -6.57249 230.027 467.05 -13 1538 1 0 1
29.7598 5.91035 73810 16.1714 14.9039 222.06 468.234 -13 1539 1 0 1
9.49404 18.2165 73810 -2.34057 9.8118 200.486 467.117 -13 1540 1 0 1
-8.37828 10.2912 73810 -14.2251 40.7042 225.35 467.059 -13 1542 1 0 1
17.9877 16.135 73810 -4.23758 30.1841 203.709 467.449 -13 1543 1 0 1
3.55167 5.90853 73810 -9.8313 5.30731 202.655 467.187 -13 1544 1 0 1
-6.0157 20.9458 73810 -23.7078 21.0409 206.715 467.282 -13 1545 1 0 1
41.6664 4.32258 73810 47.3894 17.6075 197.911 467.592 -13 1546 1 0 1
14.8884 13.3927 73810 17.7247 34.6768 214.912 467.434 -13 1547 1 0 1
7.86923 12.0361 73810 -13.3307 6.69963 201.968 467.218 -13 1548 1 0 1
-11.9106 22.2826 73810 -19.1677 16.2762 202.765 467.348 -13 1549 1 0 1
-11.4728 4.18814 73810 2.41778 1.57651 213.251 467.156 -13 1550 1 0 1
0.382943 -0.220991 73810 -8.12653 -3.05211 203.961 467.117 -13 1551 1 0 1
-7.26981 8.95697 73810 -31.4416 20.3576 223.711 467.064 -13 1552 1 0 1
-9.89336 -1.56664 73810 -18.3365 35.0134 251.895 467.341 -13 1553 1 0 1
-5.94812 -4.79186 73810 -22.6053 11.4405 255.563 467.178 -13 1555 1 0 1
-10.9622 12.7667 73810 -1.03965 9.48634 244.859 467.289 -13 1556 1 0 1
0.619812 6.55531 73810 9.36599 15.3268 236.916 467.11 -13 1557 1 0 1
9.96251 25.5496 73810 -3.79446 27.0237 250.006 467.366 -13 1558 1 0 1
-11.0193 24.9845 73810 -23.5901 17.7603 219.768 467.102 -13 1559 1 0 1
15.97 41.7191 73810 -21.5789 42.7627 203.799 467.096 -13 1560 1 0 1
0.410858 39.3756 73810 -25.4844 29.3728 214.442 467.141 -13 1561 1 0 1
-19.0362 19.8872 73810 -42.577 8.53802 209.873 467.2 -13 1563 1 0 1
9.16898 19.4525 73810 -20.1086 21.2066 252.16 467.359 -13 1564 1 0 1
-19.8692 19.809 73810 -42.1333 21.7014 217.091 467.044 -13 1565 1 0 1
20.6973 12.6635 73810 19.8555 20.2906 217.072 468.151 -13 1566 1 0 1
-18.8875 9.79863 73810 -43.5841 25.7124 237.486 467.145 -13 1567 1 0 1
-21.4163 15.0404 73810 -53.0745 4.86664 222.773 467.164 -13 1569 1 0 1
10.6591 10.7239 73810 -19.216 25.6569 241.212 467.121 -13 1570 1 0 1
0.616054 38.886 73810 -16.8385 51.7642 231.179 467.162 -13 1571 1 0 1
-6.8163 15.4654 73810 -27.2303 36.3613 244.992 467.234 -13 1572 1 0 1
10.4712 11.2423 73810 17.6092 37.59 238.182 467.133 -13 1573 1 0 1
0.438403 18.5151 73810 -13.658 41.905 245.895 467.498 -13 1574 1 0 1
27.8823 18.5752 73810 9.46123 36.2189 227.94 467.249 -13 1575 1 0 1
-20.6852 23.759 73810 -29.6552 -6.45537 236.104 467.826 -13 1576 1 0 1
17.6572 40.3022 73810 -14.177 32.5463 219.074 467.182 -13 1577 1 0 1
12.1657 31.5459 73810 -6.80166 57.199 247.164 467.432 -13 1578 1 0 1
8.1012 33.0209 73810 -11.6117 35.0388 249.745 467.468 -13 1579 1 0 1
30.6795 18.2201 73810 17.5451 37.8151 224.192 467.134 -13 1580 1 0 1
24.9182 25.5797 73810 -1.88058 27.1213 208.026 467.109 -13 1581 1 0 1
8.13875 22.4976 73810 -18.0581 21.4179 236.971 467.727 -13 1582 1 0 1
2.24437 1.25973 73810 -3.39039 -1.87536 244.039 467.592 -13 1584 1 0 1
-31.2369 74.8938 73810 -59.4656 -2.54484 168.845 468.94 -13 1585 1 0 1
6.7223 11.7646 73810 0.676689 34.7898 233.568 467.187 -13 1586 1 0 1
-9.34179 19.5074 73810 -40.7212 31.7647 225.291 467.069 -13 1587 1 0 1
-12.274 29.5926 73810 -17.7561 19.8392 228.267 467.097 -13 1588 1 0 1
20.1239 25.6799 73810 0.778869 58.4472 215.492 467.166 -13 1589 1 0 1
-11.2794 23.7879 73810 -31.2529 21.5669 201.161 467.124 -13 1590 1 0 1
14.3942 23.5233 73810 7.72583 35.1079 230.936 467.166 -13 1591 1 0 1
-12.4531 -6.27822 73810 -15.5643 31.6312 253.346 467.597 -13 1592 1 0 1
18.5352 32.3102 73810 -8.5634 3.59113 232.994 467.061 -13 1594 1 0 1
20.5102 9.42041 73810 3.733 9.6856 214.403 467.127 -13 1595 1 0 1
2.52685 22.2775 73810 -21.2806 24.5554 221.098 467.135 -13 1596 1 0 1
-17.3181 -2.31365 73810 -26.8387 -17.9426 210.637 467.053 -13 1597 1 0 1
3.53811 -29.8764 73810 6.19836 -3.95135 221.567 467.049 -13 1598 1 0 1
6.63207 27.4202 73810 11.0328 55.0238 215.492 467.074 -13 1599 1 0 1
-25.5407 10.9268 73810 -33.7211 35.3371 250.686 467.128 -13 1600 1 0 1
9.27596 38.2628 73810 -19.3217 62.548 218.073 467.208 -13 1602 1 0 1
2.61444 -0.423025 73810 5.87925 4.72931 255.111 467.537 -13 1603 1 0 1
-10.1288 5.8447 73810 1.50491 44.567 238.964 467.848 -13 1604 1 0 1
32.7795 -4.29217 73810 41.6709 28.9197 238.143 467.232 -13 1605 1 0 1
-4.38138 1.41638 73810 41.9119 21.0465 256.098 467.4 -13 1606 1 0 1
-14.6898 -10.802 73810 8.76698 -7.76912 248.534 467.646 -13 1607 1 0 1
-10.3827 7.75852 73810 -30.5462 16.2728 232.74 467.043 -13 1608 1 0 1
12.1312 11.6539 73810 3.31841 34.5129 234.457 467.058 -13 1609 1 0 1
8.44991 22.9724 73810 -21.1995 25.1031 238.302 467.18 -13 1610 1 0 1
-19.1489 22.9597 73810 -52.3982 27.6993 234.18 467.23 -13 1611 1 0 1
6.55101 18.8302 73810 9.17417 18.216 220.582 467.037 -13 1612 1 0 1
-23.7016 -13.4604 73810 -43.1381 2.41025 252.077 467.195 -13 1613 1 0 1
33.4816 0.440896 73810 20.7522 30.2929 219.202 467.111 -13 1614 1 0 1
-20.2049 7.91682 73810 -45.4648 9.91286 246.833 467.212 -13 1615 1 0 1
-8.78144 28.3163 73810 -27.7996 28.5016 221.112 467.043 -13 1616 1 0 1
-36.889 40.5703 73810 -60.9677 35.3088 242.761 467.33 -13 1618 1 0 1
-7.9863 13.3248 73810 -0.0932603 14.7179 254.245 467.358 -13 1619 1 0 1
-5.09414 -12.0369 73810 0.0604439 4.32927 196.98 467.483 -13 1620 1 0 1
-0.475403 22.6081 73810 -7.9905 21.9536 214.27 467.472 -13 1623 1 0 1
9.28973 30.9439 73810 -22.4644 54.1069 243.037 467.373 -13 1625 1 0 1
-20.7062 14.4346 73810 -27.1279 -18.8509 169.014 467.39 -13 1626 1 0 1
29.5573 7.11002 73810 23.9361 41.2646 236.568 467.222 -13 1628 1 0 1
42.5554 14.8065 73810 39.1952 53.8675 240.934 467.202 -13 1629 1 0 1
8.79401 -0.205803 73810 38.4459 30.7442 252.613 467.49 -13 1630 1 0 1
-10.7439 33.7861 73810 -31.5013 15.6737 204.321 467.079 -13 1635 1 0 1
39.3762 21.4662 73810 -87.7261 -74.4498 123.346 471.244 -13 1636 1 0 1
8.67229 47.3568 73810 -22.6152 42.1971 192.555 467.727 -13 1653 1 0 1
41.501 -24.1825 73810 47.3887 11.2 236.401 467.157 -13 1654 1 0 1
-2.70013 37.8756 73810 -30.415 11.9837 207.969 467.213 -13 1656 1 0 1
-15.9814 24.4425 73810 -32.3958 17.9372 202.77 467.225 -13 1657 1 0 1
13.5189 10.5528 73810 -11.2128 10.2494 211.137 467.303 -13 1658 1 0 1
28.5865 3.39354 73810 12.1099 34.8635 197.521 467.108 -13 1659 1 0 1
-4.2854 15.076 73810 -32.3771 10.1345 204.378 467.327 -13 1660 1 0 1
-1.81315 22.3547 73810 -26.7002 20.5514 201.039 467.125 -13 1661 1 0 1
-7.8097 -6.02332 73810 -10.2587 -17.1809 198.805 467.316 -13 1662 1 0 1
-20.2974 4.00326 73810 -14.6578 -14.64 206.515 467.409 -13 1663 1 0 1
-2.66954 38.3132 73810 -46.6313 32.4827 210.316 467.344 -13 1664 1 0 1
-13.8277 -32.2785 73810 1.33239 -32.9128 213.957 467.144 -13 1665 1 0 1
-4.37372 18.1634 73810 -25.8089 35.8621 231.564 467.137 -13 1666 1 0 1
-17.6577 19.0641 73810 -36.0595 -12.6201 227.76 467.046 -13 1667 1 0 1
34.3405 -12.3936 73810 43.719 20.5902 249.156 467.115 -13 1669 1 0 1
6.03302 14.3687 73810 -25.354 18.5478 211.865 467.11 -13 1670 1 0 1
11.8892 -4.91349 73810 22.4752 3.19638 232.992 467.198 -13 1671 1 0 1
-0.65745 19.9498 73810 -13.2177 44.7278 254.569 467.5 -13 1672 1 0 1
-4.48488 21.6029 73810 -24.0618 45.2163 237.938 467.136 -13 1673 1 0 1
-18.5982 12.084 73810 -25.1896 -2.30216 250.069 467.633 -13 1674 1 0 1
-4.08799 9.4514 73810 -13.6646 44.9295 254.41 467.433 -13 1675 1 0 1
4.32264 7.10573 73810 -20.62 29.2586 216.459 467.223 -13 1677 1 0 1
14.5862 9.9444 73810 -15.2416 27.3464 228.126 467.178 -13 1678 1 0 1
-12.1724 22.6109 73810 -16.2722 43.6405 237.862 467.238 -13 1679 1 0 1
-41.8546 14.1063 73810 -57.3126 20.2005 241.224 467.296 -13 1680 1 0 1
5.55194 16.5126 73810 -32.478 38.6484 238.06 467.356 -13 1681 1 0 1
4.40832 17.9524 73810 1.89351 45.5923 234.827 467.166 -13 1682 1 0 1
26.6325 -1.82451 73810 27.644 4.45038 249.788 467.166 -13 1683 1 0 1
3.69654 18.7133 73810 6.83243 28.76 237.828 467.19 -13 1684 1 0 1
-1.29694 21.5059 73810 -20.5773 9.67192 193.232 467.285 -13 1686 1 0 1
17.6159 38.8971 73810 -11.778 30.4193 211.855 467.055 -13 1687 1 0 1
4.94559 5.97918 73810 -11.8973 7.30495 206.038 467.284 -13 1688 1 0 1
-32.4498 10.9316 73810 -36.6429 26.8012 253.572 467.594 -13 1689 1 0 1
-4.39851 29.7625 73810 -26.9325 20.7765 201.761 467.111 -13 1690 1 0 1
-57.6049 17.3894 73810 -61.8115 -26.3412 200.467 467.148 -13 1691 1 0 1
-6.16397 20.3795 73810 -22.2851 6.37019 210.765 467.056 -13 1692 1 0 1
15.7348 13.8712 73810 19.452 9.20656 211.945 467.208 -13 1693 1 0 1
7.26009 0.932574 73810 4.55396 5.11656 246.425 467.659 -13 1694 1 0 1
7.0503 11.2213 73810 -23.314 42.7832 225.112 467.158 -13 1695 1 0 1
-25.4502 4.71173 73810 -11.5001 18.6772 257.385 467.494 -13 1696 1 0 1
-3.46222 3.87984 73810 6.23023 21.5883 246.83 467.184 -13 1697 1 0 1
12.2053 17.2003 73810 7.16698 21.5093 219.761 467.099 -13 1698 1 0 1
-21.9352 -12.1813 73810 -73.0664 -27.4661 247.438 467.299 -13 1699 1 0 1
-2.7054 12.9116 73810 -28.0366 16.3297 248.851 467.515 -13 1700 1 0 1
-16.4052 62.0497 73810 -44.0766 23.5014 221.922 468.258 -13 1701 1 0 1
-17.4198 11.8809 73810 -32.9915 -6.1122 214.822 467.737 -13 1703 1 0 1
-6.02118 21.3197 73810 -13.2062 43.5727 241.268 467.453 -13 1705 1 0 1
16.0461 4.56243 73810 9.48503 17.4027 246.615 467.612 -13 1708 1 0 1
-30.5051 -18.1487 73810 -31.7338 -33.6413 217.114 466.935 -13 1709 1 0 1
22.942 3.7725 73810 -6.99152 5.97017 186.103 467.57 -13 1710 1 0 1
-22.0879 24.0217 73810 -45.4259 23.0218 206.068 468.115 -13 1712 1 0 1
7.58463 3.05247 73810 -2.46863 32.6852 247.259 467.328 -13 1715 1 0 1
-10.3828 -29.0461 73810 0.891539 2.00647 204.586 467.176 -13 1716 1 0 1
15.2125 0.800984 73810 32.6548 16.9622 231.901 467.949 -13 1717 1 0 1
34.5267 28.4357 73810 9.9458 43.8266 200.382 467.96 -13 1719 1 0 1
-7.43635 -1.8664 73810 -40.6438 9.17151 245.561 467.607 -13 1720 1 0 1
10.0443 0.330306 73810 9.94079 3.43966 257.923 467.458 -13 1721 1 0 1
8.1864 18.4314 73810 17.8179 10.8153 223.294 468.125 -13 1722 1 0 1
24.5244 1.03501 73810 11.7897 15.8928 243.664 467.091 -13 1723 1 0 1
-12.3815 -7.40248 73810 -49.07 57.5406 242.332 467.602 -13 1724 1 0 1
14.6012 11.6631 73810 20.0138 38.5675 252.63 467.566 -13 1725 1 0 1
3.38242 14.4599 73810 -9.14691 7.05967 251.397 467.738 -13 1726 1 0 1
17.1613 10.3299 73810 1.77247 51.9616 249.521 467.345 -13 1727 1 0 1
8.76344 1.65185 73810 -10.945 8.43804 236.212 467.049 -13 1728 1 0 1
20.8521 17.9045 73810 -11.1972 20.1891 203.744 467.154 -13 1730 1 0 1
17.1844 -8.078 73810 4.06325 8.96601 211.655 467.143 -13 1731 1 0 1
7.66954 32.1672 73810 -16.9921 36.1889 215.113 467.129 -13 1732 1 0 1
7.88693 15.274 73810 -17.5947 25.134 247.985 467.313 -13 1733 1 0 1
9.96716 36.1561 73810 -19.8051 56.3995 209.083 467.227 -13 1734 1 0 1
11.6762 5.38035 73810 -8.61243 11.4945 217.66 467.046 -13 1735 1 0 1
9.58299 3.63902 73810 -9.43194 6.54507 254.423 467.407 -13 1736 1 0 1
-10.2969 39.8481 73810 -22.5856 25.577 225.665 467.13 -13 1737 1 0 1
19.5811 46.8236 73810 9.56432 88.2695 239.179 467.464 -13 1739 1 0 1
-2.02483 -2.43014 73810 -2.04553 13.4474 203.686 467.269 -13 1740 1 0 1
-9.15169 29.1057 73810 2.51313 28.5941 228.331 467.132 -13 1741 1 0 1
27.3888 39.2492 73810 15.0743 58.9779 217.61 467.23 -13 1742 1 0 1
-14.0012 45.5934 73810 -30.7469 35.8328 199.828 467.339 -13 1743 1 0 1
-8.00007 -7.64411 73810 -8.73149 5.14349 207.968 467.366 -13 1744 1 0 1
-4.92347 -4.61029 73810 -1.80491 18.7167 221.711 467.101 -13 1745 1 0 1
-5.35705 9.89248 73810 -8.51188 -0.999949 203.942 467.241 -13 1747 1 0 1
-16.7001 15.7678 73810 -39.4508 -3.10355 205.834 467.24 -13 1748 1 0 1
7.2415 28.0089 73810 -18.8301 40.9094 222.478 467.049 -13 1749 1 0 1
-10.5163 8.23012 73810 -35.823 9.7656 219.854 467.152 -13 1750 1 0 1
-0.23109 1.07188 73810 11.4967 13.0638 245.947 467.25 -13 1755 1 0 1
-8.39974 32.2005 73810 -17.3042 9.66729 227.803 467.288 -13 1756 1 0 1
-2.1102 7.60528 73810 -26.193 43.0977 230.412 467.679 -13 1757 1 0 1
24.9212 10.2688 73810 23.3376 37.747 245.232 467.201 -13 1760 1 0 1
9.7555 23.4163 73810 11.3434 49.1983 236.979 467.879 -13 1763 1 0 1
13.3512 -6.20335 73810 -1.00572 39.3884 250.109 467.678 -13 1765 1 0 1
8.76115 27.3034 73810 -17.0638 35.2742 223.412 467.995 -13 1766 1 0 1
-0.682906 4.51095 73810 -28.7986 15.4397 250.438 467.344 -13 1767 1 0 1
-13.5571 -1.57137 73810 -41.3987 -1.7075 200.976 468.383 -13 1768 1 0 1
22.0334 -5.97685 73810 32.9836 9.70622 207.453 467.796 -13 1769 1 0 1
-12.7211 6.66661 73810 0.936625 25.1965 213.968 467.967 -13 1770 1 0 1
9.40775 -4.00941 73810 -9.21917 22.4138 253.143 467.596 -13 1771 1 0 1
-19.4423 17.1917 73810 -42.7142 5.75944 207.704 467.758 -13 1773 1 0 1
-4.97214 -11.344 73810 5.05014 16.9848 226.259 467.896 -13 1775 1 0 1
22.8827 19.7927 73810 25.6865 37.6456 206.581 468.377 -13 1776 1 0 1
-7.18871 -11.5347 73810 -4.36506 -23.875 208.342 467.747 -13 1777 1 0 1
-8.40171 29.9 73810 -39.7762 26.7433 223.36 466.983 -13 1778 1 0 1
-17.7525 19.8439 73810 -50.7588 9.56551 221.85 467.044 -13 1779 1 0 1
16.2537 24.1574 73810 -15.2414 19.2728 190.142 467.245 -13 1781 1 0 1
8.83499 12.4592 73810 -7.81419 8.34046 199.176 467.241 -13 1782 1 0 1
7.32529 31.3457 73810 -36.3393 27.6211 197.347 467.389 -13 1785 1 0 1
-26.2162 -7.91708 73810 -12.8713 -12.7926 200.985 467.13 -13 1787 1 0 1
7.04602 25.9743 73810 13.9853 71.8106 242.256 467.144 -13 1789 1 0 1
-28.3466 36.205 73810 -19.9777 20.5595 206.991 467.275 -13 1790 1 0 1
-2.50023 25.1345 73810 -26.2778 38.4949 209.834 467.843 -13 1792 1 0 1
23.2926 -2.61162 73810 34.3092 31.9428 241.324 467.297 -13 1793 1 0 1
6.58587 10.6535 73810 -10.3131 41.602 223.178 467.364 -13 1795 1 0 1
19.0066 43.8048 73810 -24.833 40.3726 204.816 467.221 -13 1797 1 0 1
-4.37937 8.72126 73810 -32.0118 59.0584 242.055 467.304 -13 1799 1 0 1
-6.69939 5.4269 73810 -21.421 11.9285 198.984 467.325 -13 1800 1 0 1
25.1683 53.9486 73810 -18.1434 57.2683 210.386 467.153 -13 1801 1 0 1
-12.0782 44.7852 73810 -38.4218 17.358 209.952 467.298 -13 1802 1 0 1
34.954 25.907 73810 6.65636 44.9014 214.482 467.087 -13 1803 1 0 1
2.8806 1.6369 73810 51.3571 36.0496 258.187 467.467 -13 1804 1 0 1
-10.3813 11.0175 73810 -26.5121 15.4941 223.537 467.003 -13 1805 1 0 1
-17.0643 20.3994 73810 -7.12251 8.00262 256.023 467.429 -13 1806 1 0 1
-32.0533 19.1708 73810 -33.0105 10.9007 228.022 467.014 -13 1807 1 0 1
-9.08301 -2.44997 73810 -2.94015 -3.46801 253.208 467.452 -13 1811 1 0 1
-18.8752 11.73 73810 -2.86908 16.3097 222.085 467.064 -13 1812 1 0 1
-17.4147 -26.5293 73810 15.7382 -43.44 253.5 467.273 -13 1813 1 0 1
-7.84627 9.62462 73810 -37.0786 9.9806 237.307 467.1 -13 1814 1 0 1
7.77142 -26.5135 73810 3.24555 -16.2131 172.186 468.752 -13 1815 1 0 1
-30.363 -3.85392 73810 -33.5118 -1.6132 216.349 467.742 -13 1817 1 0 1
-5.2963 24.3309 73810 -34.1724 -1.37429 209.263 467.867 -13 1818 1 0 1
37.1024 89.8538 73810 -27.2927 105.559 207.549 468.159 -13 1819 1 0 1
-3.87715 33.2612 73810 -23.8489 -27.8211 153.897 469.167 -13 1821 1 0 1
-2.97308 8.16188 73810 -10.545 7.98428 239.182 467.738 -13 1822 1 0 1
1.95548 0.102546 73810 0.535251 20.01 242.821 467.39 -13 1825 1 0 1
11.2789 28.9774 73810 26.0101 49.8153 233.748 467.005 -13 1826 1 0 1
58.0306 -12.5386 73810 50.2529 36.1441 218.061 467.127 -13 1827 1 0 1
-7.75744 43.8611 73810 -29.9128 16.6703 198.247 467.347 -13 1828 1 0 1
-8.35083 -33.633 73810 -5.28069 -25.8392 245.861 467.259 -13 1829 1 0 1
12.8704 16.9873 73810 -20.903 14.908 249.285 467.526 -13 1830 1 0 1
-9.36936 25.6046 73810 -25.676 17.4506 195.874 467.068 -13 1831 1 0 1
-12.0412 30.0725 73810 -27.0559 -1.4962 207.228 467.384 -13 1832 1 0 1
-14.2282 26.7748 73810 -52.9752 23.9226 229.869 467.241 -13 1834 1 0 1
19.9169 6.86388 73810 37.795 39.5214 239.017 467.223 -13 1837 1 0 1
6.20744 38.1012 73810 -8.82362 38.8057 227.363 467.138 -13 1838 1 0 1
-14.9899 25.1678 73810 -2.96493 11.1309 237.779 467.655 -13 1839 1 0 1
4.16522 49.4324 73810 -32.2423 52.2709 210.088 467.307 -13 1840 1 0 1
10.446 12.665 73810 1.0181 18.365 224.357 467.053 -13 1842 1 0 1
1.12674 30.4242 73810 -18.2052 26.3361 212.632 467.063 -13 1843 1 0 1
4.95766 0.98025 73810 -1.22919 0.592515 231.004 467.066 -13 1844 1 0 1
-4.71991 -9.39642 73810 21.376 30.9859 262.629 467.445 -13 1845 1 0 1
8.5062 53.0543 73810 -38.6231 50.0939 225.906 467.552 -13 1847 1 0 1
37.4165 38.278 73810 17.1689 58.8572 240.925 467.528 -13 1848 1 0 1
21.7759 47.5001 73810 -14.9468 57.9404 223.93 467.999 -13 1849 1 0 1
1.9103 -0.0447225 73810 16.8585 25.8875 254.611 467.364 -13 1850 1 0 1
7.81194 10.1018 73810 -9.77449 24.0161 249.157 467.525 -13 1851 1 0 1
21.1318 3.69141 73810 14.9151 3.00976 227.796 467.972 -13 1852 1 0 1
-8.29474 11.3782 73810 -43.6004 5.175 241.771 467.537 -13 1853 1 0 1
-4.94397 7.98421 73810 -33.9401 8.31837 247.969 467.378 -13 1854 1 0 1
-2.93951 12.382 73810 -6.1152 0.949915 249.511 467.349 -13 1855 1 0 1
-5.37057 27.5922 73810 -29.0077 6.81182 199.932 467.298 -13 1856 1 0 1
-24.7876 32.4956 73810 -31.3546 12.3923 207.829 467.142 -13 1857 1 0 1
27.6106 28.3153 73810 -23.475 -4.53624 289.595 466.98 -13 1859 1 0 1
7.52068 33.4848 73810 -16.5266 28.191 200.053 467.371 -13 1860 1 0 1
-5.7464 32.3009 73810 -26.5074 5.44996 197.774 467.405 -13 1861 1 0 1
-6.6623 -15.214 73810 -21.9519 -26.5219 214.621 467.183 -13 1862 1 0 1
-22.7154 7.63579 73810 -40.3178 -1.2095 205.562 467.168 -13 1863 1 0 1
2.03387 7.28982 73810 -24.3263 25.6221 235.421 467.072 -13 1864 1 0 1
4.37624 6.54689 73810 -5.74933 18.1486 245.482 467.173 -13 1865 1 0 1
3.82887 -6.34921 73810 9.79774 -3.49994 252.639 467.607 -13 1866 1 0 1
-5.13882 8.93501 73810 12.0323 7.52376 234.103 467.13 -13 1867 1 0 1
3.67003 13.4182 73810 1.25045 0.322038 230.128 467.019 -13 1868 1 0 1
-21.2819 41.7166 73810 -50.0722 11.7861 200.965 467.258 -13 1870 1 0 1
-6.33024 6.26142 73810 -13.8787 25.0367 241.896 467.184 -13 1874 1 0 1
3.16693 -7.19532 73810 7.35241 -1.85387 215.357 467.127 -13 1875 1 0 1
-16.4176 41.0161 73810 -38.6572 18.0093 202.837 467.144 -13 1876 1 0 1
17.4479 19.8066 73810 0.534795 9.77395 200.144 467.189 -13 1877 1 0 1
22.0547 -35.1799 73810 24.6077 -0.586674 202.917 467.351 -13 1878 1 0 1
0.834884 3.01759 73810 -0.61134 14.3563 203.574 467.383 -13 1879 1 0 1
7.8303 -28.3191 73810 12.9077 -18.7635 217.107 467.37 -13 1880 1 0 1
32.9839 5.78928 73810 12.5775 3.36959 204.968 467.256 -13 1881 1 0 1
18.56 11.5665 73810 5.76089 37.5625 222.022 467.319 -13 1882 1 0 1
-1.03945 22.1044 73810 -7.10807 15.547 204.159 467.278 -13 1883 1 0 1
32.8227 20.7817 73810 8.61145 29.5464 237.481 467.805 -13 1884 1 0 1
-67.9817 62.2389 73810 -57.949 4.00487 160.821 469.114 -13 1886 1 0 1
-1.30858 40.7696 73810 -30.6125 79.2064 239.199 467.125 -13 1888 1 0 1
30.5473 0.942091 73810 20.1847 21.7085 189.136 467.715 -13 1889 1 0 1
2.2321 -2.5156 73810 -10.0532 -3.51941 232.818 467.851 -13 1890 1 0 1
-11.1452 43.6461 73810 -36.1856 41.6642 204.802 468.12 -13 1891 1 0 1
-43.1485 22.7191 73810 -41.8419 10.592 213.237 467.945 -13 1893 1 0 1
1.58649 38.5797 73810 -23.3962 31.9221 203.134 467.15 -13 1894 1 0 1
-22.4714 1.5126 73810 -13.6049 -4.34249 249.275 467.203 -13 1895 1 0 1
-1.1364 7.13479 73810 -1.59078 31.2584 231.61 467.099 -13 1896 1 0 1
13.7971 34.4925 73810 -11.2953 35.6954 211.989 467.071 -13 1898 1 0 1
0.486435 18.4721 73810 -0.583262 14.2859 225.648 467.005 -13 1899 1 0 1
-14.193 -13.5905 73810 15.9701 -8.50141 260.056 467.501 -13 1900 1 0 1
21.2736 25.2708 73810 3.11369 50.1474 229.817 467.145 -13 1901 1 0 1
-7.22601 26.6927 73810 -44.5599 61.0209 244.852 467.04 -13 1903 1 0 1
10.1014 8.36016 73810 -4.54703 14.2719 187.621 467.375 -13 1904 1 0 1
-26.0167 -23.4805 73810 -11.229 -28.5064 225.509 467.354 -13 1905 1 0 1
16.0491 -9.19357 73810 20.1071 -4.9931 205.156 468.288 -13 1908 1 0 1
-15.5382 27.5426 73810 -23.4864 12.0264 197.887 467.225 -13 1910 1 0 1
-2.1467 1.19394 73810 -28.0722 7.37254 250.563 467.576 -13 1913 1 0 1
4.98492 13.8594 73810 10.7321 5.97466 248.915 467.381 -13 1918 1 0 1
-7.5561 22.728 73810 -12.6211 67.2428 250.188 467.319 -13 1919 1 0 1
-20.725 3.89601 73810 -29.2554 0.727922 239.486 467.127 -13 1920 1 0 1
-8.69236 25.5562 73810 -33.6326 35.9638 241.492 467.239 -13 1921 1 0 1
-0.0297303 38.483 73810 -19.1528 38.1254 224.101 467.18 -13 1923 1 0 1
35.691 -4.76812 73810 19.2736 28.4592 231.047 467.202 -13 1924 1 0 1
9.75965 9.52797 73810 -17.7729 42.1065 248.442 467.573 -13 1925 1 0 1
2.10578 1.13126 73810 -12.6052 0.149455 217.955 467.077 -13 1926 1 0 1
31.0721 33.488 73810 8.77192 60.1279 221.578 467.216 -13 1927 1 0 1
18.1786 32.0914 73810 -17.706 55.15 226.712 467.741 -13 1929 1 0 1
-10.5719 1.29526 73810 31.8231 96.8237 265.412 467.304 -13 1930 1 0 1
-30.163 -12.3866 73810 -60.8838 -15.3919 240.798 467.72 -13 1931 1 0 1
16.0823 40.4899 73810 11.4798 143.105 246.39 467.337 -13 1932 1 0 1
40.0029 29.8369 73810 42.6038 75.1974 243.498 467.518 -13 1936 1 0 1
36.4667 43.1352 73810 0.23475 46.6441 216.523 467.15 -13 1937 1 0 1
-3.88721 -41.8844 73810 15.0145 -87.1434 243.276 467.843 -13 1938 1 0 1
6.9062 7.16652 73810 -2.86981 24.1674 223.015 467.007 -13 1939 1 0 1
6.16294 17.6837 73810 11.245 56.6838 228.648 467.134 -13 1940 1 0 1
18.5924 8.39897 73810 -14.0941 17.5623 215.184 467.18 -13 1942 1 0 1
-1.39379 22.2364 73810 -30.3616 50.9619 249.491 467.53 -13 1943 1 0 1
8.21413 16.057 73810 -10.2105 45.1722 228.891 468.016 -13 1945 1 0 1
-8.71598 35.9728 73810 -32.4649 25.0491 209.375 468.204 -13 1946 1 0 1
-13.1039 6.91181 73810 -38.0567 5.49856 216.1 467.097 -13 1947 1 0 1
8.79292 16.8115 73810 2.39054 23.3902 205.249 467.298 -13 1948 1 0 1
14.373 30.038 73810 -30.3766 30.1953 223.393 467.197 -13 1949 1 0 1
20.9988 25.6174 73810 -10.5247 21.0854 203.789 467.18 -13 1950 1 0 1
-8.30468 29.9745 73810 -27.7364 5.90738 202.348 467.245 -13 1951 1 0 1
-2.70242 31.4568 73810 -27.6554 2.9869 202.279 467.193 -13 1953 1 0 1
2.56984 23.8425 73810 -17.3763 28.7385 202.678 467.24 -13 1955 1 0 1
-4.11407 8.99966 73810 10.4321 11.2667 207.639 467.314 -13 1956 1 0 1
1.57824 -4.29515 73810 4.16574 -2.78881 225.571 467.082 -13 1957 1 0 1
-2.00547 12.0149 73810 -8.67059 23.6094 242.228 467.216 -13 1958 1 0 1
6.3355 33.9071 73810 -13.2458 61.8972 229.209 467.206 -13 1959 1 0 1
0.116874 19.5302 73810 -24.241 45.9851 235.548 467.247 -13 1960 1 0 1
16.6857 26.2472 73810 8.47136 85.4363 248.072 467.395 -13 1961 1 0 1
5.40563 17.3633 73810 -2.84563 48.6295 246.541 467.225 -13 1962 1 0 1
6.5987 3.36373 73810 21.9732 13.3834 243.605 467.218 -13 1963 1 0 1
9.69676 6.88947 73810 -7.43574 8.62464 248.563 467.291 -13 1964 1 0 1
-16.4059 0.243119 73810 -17.8771 -1.47759 249.579 467.357 -13 1966 1 0 1
-17.9213 -16.4033 73810 -23.5416 -45.4321 237.007 467.106 -13 1968 1 0 1
28.5529 -3.3689 73810 17.4348 40.5995 259.992 467.366 -13 1970 1 0 1
7.34216 3.87887 73810 -6.73487 15.4346 249.055 467.56 -13 1973 1 0 1
8.49141 12.6572 73810 -8.26192 16.6991 197.995 467.041 -13 1975 1 0 1
11.5997 10.03 73810 4.8419 14.3753 208.58 467.104 -13 1976 1 0 1
-23.3896 18.7966 73810 -35.3466 1.36008 201.042 467.106 -13 1977 1 0 1
-1.06491 9.02805 73810 -18.3387 -3.73754 207.147 467.207 -13 1978 1 0 1
22.5265 -12.7509 73810 28.0035 -7.09995 256.909 467.475 -13 1979 1 0 1
-2.45554 44.4403 73810 -35.2606 24.2378 199.877 467.299 -13 1980 1 0 1
15.9004 25.203 73810 -8.77443 22.0953 201.716 467.226 -13 1981 1 0 1
-20.9093 37.9654 73810 -35.35 20.3393 214.894 467.091 -13 1982 1 0 1
-16.4059 16.8319 73810 -40.4504 22.4515 207.861 467.482 -13 1983 1 0 1
-22.304 39.6891 73810 -34.5292 13.0677 207.852 467.266 -13 1984 1 0 1
-15.6284 8.07888 73810 -4.57837 -10.9465 207.344 467.225 -13 1985 1 0 1
-11.1365 19.9232 73810 -22.1639 10.5418 198.64 467.742 -13 1986 1 0 1
11.2189 -11.8536 73810 19.6977 -1.97788 212.002 467.724 -13 1988 1 0 1
-10.1722 18.3832 73810 7.23015 15.586 196.943 467.118 -13 1989 1 0 1
3.32776 36.845 73810 -38.0969 31.5669 189.032 467.209 -13 1992 1 0 1
-15.7828 9.25021 73810 -45.1092 38.3696 241.665 467.527 -13 1994 1 0 1
-8.52634 -6.24853 73810 -4.04635 -4.65829 246.449 467.345 -13 1995 1 0 1
13.5237 7.34986 73810 22.4822 44.0496 260.443 467.618 -13 1996 1 0 1
-0.702425 37.5123 73810 -42.2441 43.2771 231.754 467.947 -13 1998 1 0 1
-12.4056 9.7568 73810 -25.704 -0.835738 239.295 467.56 -13 2000 1 0 1
