 #NTuple/Z0                                                                      
 output from Ecalc9f version   2.09
  settings: 
    particle type:  2
    pzmin/pzmax:   0./  100.
    transverse cuts:   0.  0.
    longitudinal cut:   0.
    RF frequency (MHz):   352.
    sigma cut:   4.
    subtract out amplitude correlation
    wrnew9 =  F

regn #   Z           Bz          eperp       elong       e6D         Ldim        Pzavg       beta        alpha       betaL       alphaL      n0          n1          n2          Lcan(eVs)   sigmaE      sigmaT      corrE       corrT       sigmaE_c    xavg        yavg        Dx          Dy          Dr          Dr2
     1  0.0000E+00  0.0000E+00  0.3681E-02  0.9805E-02  0.1097E-06  0.1089E+00  0.2040E+00  0.4815E+00  0.2388E+00  0.7110E+00  0.3480E+00  0.2000E+03  0.2000E+03  0.2000E+03  0.5163E-02  0.1730E-01  0.2360E-09 -0.4873E+00 -0.5574E-08  0.1621E-01 -0.1147E-01 -0.1481E-01  0.1420E+00  0.2305E-02 -0.9075E-01  0.5478E-01
     2  0.2200E+01  0.0000E+00  0.3895E-02  0.9706E-02  0.1203E-06  0.9577E-01  0.2018E+00  0.2641E+00  0.1064E+00  0.5692E+00 -0.2332E+00  0.2000E+03  0.2000E+03  0.2000E+03  0.2871E-02  0.1967E-01  0.2035E-09 -0.8567E+00  0.1868E-08  0.1734E-01 -0.6527E-02  0.1321E-02  0.1870E-01  0.7709E-01 -0.3152E-01  0.4573E-02
     3  0.4400E+01  0.0000E+00  0.5246E-02  0.1573E-01  0.4349E-06  0.1781E+00  0.2035E+00  0.3625E+00 -0.4852E+00  0.1597E+01 -0.9055E-01  0.1970E+03  0.1970E+03  0.1970E+03 -0.1855E-02  0.1929E-01  0.4410E-09 -0.5370E+00 -0.3803E-08  0.1297E-01 -0.1156E-01 -0.2581E-01  0.4020E-01  0.2422E-01 -0.1339E+00  0.9548E-01
     4  0.6600E+01  0.0000E+00  0.3726E-02  0.9071E-02  0.1178E-06  0.9438E-01  0.2159E+00  0.4500E+00  0.1572E+00  0.1367E+01 -0.2753E+00  0.1790E+03  0.1790E+03  0.1790E+03  0.3385E-02  0.1156E-01  0.3486E-09 -0.1175E+00  0.1559E-07  0.1146E-01 -0.3405E-02 -0.4552E-02 -0.8848E-01  0.9300E-01  0.4681E-01  0.2116E-01
     5  0.8800E+01  0.0000E+00  0.3537E-02  0.1076E-01  0.1428E-06  0.2749E-01  0.2154E+00  0.4730E+00  0.2212E+00  0.1304E+01 -0.7197E-01  0.1770E+03  0.1770E+03  0.1770E+03 -0.7985E-03  0.1283E-01  0.3623E-09  0.2712E+00  0.1463E-07  0.1234E-01 -0.7761E-02 -0.6265E-02 -0.8746E-01  0.1553E-01  0.1948E+00  0.5367E-01
     6  0.1100E+02  0.0000E+00  0.3281E-02  0.1205E-01  0.1420E-06  0.3212E-01  0.2151E+00  0.4508E+00  0.3267E+00  0.1118E+01  0.6220E-01  0.1740E+03  0.1740E+03  0.1740E+03  0.1269E-02  0.1677E-01  0.3339E-09  0.8025E+00  0.1252E-07  0.1408E-01 -0.1326E-01 -0.1993E-01 -0.8156E-01 -0.1732E-01  0.1524E+00  0.1321E+00
     7  0.1320E+02  0.0000E+00  0.3133E-02  0.1221E-01  0.1427E-06  0.3445E-01  0.2128E+00  0.3788E+00  0.3387E+00  0.8544E+00 -0.3159E-01  0.1710E+03  0.1710E+03  0.1710E+03  0.7804E-03  0.1905E-01  0.2852E-09  0.9248E+00  0.8781E-08  0.1606E-01 -0.4385E-04  0.7741E-03  0.5461E-01  0.4771E-02  0.1033E+00  0.6733E-02
     8  0.1540E+02  0.0000E+00  0.3277E-02  0.1052E-01  0.1165E-06  0.1036E+00  0.2128E+00  0.3499E+00  0.2317E+00  0.7526E+00 -0.1044E+00  0.1670E+03  0.1670E+03  0.1670E+03  0.1536E-02  0.1933E-01  0.2350E-09  0.9979E+00  0.2437E-08  0.1596E-01 -0.1588E-01 -0.1592E-01 -0.1286E+00 -0.3717E-01  0.1268E+00  0.8871E-01
     9  0.1760E+02  0.0000E+00  0.3106E-02  0.9536E-02  0.9746E-07  0.1011E+00  0.2136E+00  0.4092E+00  0.9584E-01  0.9038E+00 -0.1968E+00  0.1660E+03  0.1660E+03  0.1660E+03  0.4715E-03  0.1757E-01  0.2449E-09  0.1003E+01 -0.2918E-08  0.1409E-01 -0.1274E-02 -0.1002E-01 -0.2269E-01  0.7666E-01  0.7100E-01  0.2445E-01
    10  0.1980E+02  0.0000E+00  0.3208E-02  0.9075E-02  0.8870E-07  0.9993E-01  0.2150E+00  0.4301E+00  0.1644E+00  0.9404E+00  0.4227E-02  0.1660E+03  0.1660E+03  0.1660E+03  0.2999E-02  0.1487E-01  0.2533E-09  0.5902E+00 -0.6987E-08  0.1329E-01 -0.5310E-02 -0.5140E-02 -0.1547E+00 -0.1232E+00  0.1255E+00  0.2488E-01
    11  0.2200E+02  0.0000E+00  0.3050E-02  0.9289E-02  0.7791E-07  0.7410E-01  0.2166E+00  0.4027E+00  0.2789E+00  0.8335E+00  0.2349E+00  0.1650E+03  0.1650E+03  0.1650E+03 -0.5109E-03  0.1502E-01  0.2409E-09  0.2722E+00 -0.7332E-08  0.1474E-01 -0.1610E-01 -0.1394E-01  0.5020E-01  0.1537E+00 -0.3992E-01  0.1152E+00
    12  0.2420E+02  0.0000E+00  0.3146E-02  0.9368E-02  0.7855E-07  0.5045E-01  0.2162E+00  0.3215E+00  0.2173E+00  0.6426E+00  0.1563E+00  0.1650E+03  0.1650E+03  0.1650E+03 -0.8492E-04  0.1659E-01  0.2035E-09  0.2089E-01 -0.2586E-08  0.1659E-01 -0.2260E-03 -0.1079E-01 -0.8769E-01 -0.2572E-01  0.2895E-01  0.2786E-01
    13  0.2640E+02  0.0000E+00  0.3022E-02  0.9658E-02  0.7558E-07 -0.1360E-01  0.2144E+00  0.3781E+00 -0.1532E-01  0.6879E+00 -0.1692E+00  0.1650E+03  0.1650E+03  0.1650E+03  0.1960E-03  0.1623E-01  0.2129E-09  0.1058E-01  0.6915E-09  0.1623E-01 -0.8849E-02 -0.6141E-02 -0.9326E-01 -0.1502E-01  0.9739E-03  0.2617E-01
    14  0.2860E+02  0.0000E+00  0.3011E-02  0.9441E-02  0.8146E-07  0.1911E-01  0.2127E+00  0.4372E+00  0.1650E+00  0.8752E+00 -0.2257E+00  0.1650E+03  0.1650E+03  0.1650E+03 -0.1133E-02  0.1435E-01  0.2453E-09  0.1010E+00  0.4635E-08  0.1429E-01 -0.1156E-01 -0.1243E-01 -0.2055E-01 -0.5796E-01  0.6316E-01  0.8571E-01
    15  0.3080E+02  0.0000E+00  0.3030E-02  0.9740E-02  0.9331E-07 -0.4903E-01  0.2113E+00  0.4119E+00  0.1939E+00  0.1001E+01  0.4424E-01  0.1650E+03  0.1650E+03  0.1650E+03 -0.9364E-03  0.1386E-01  0.2702E-09  0.3147E+00  0.5368E-08  0.1320E-01  0.1988E-02 -0.8679E-02 -0.1852E-01  0.7258E-01  0.8291E-01  0.3037E-01
    16  0.3300E+02  0.0000E+00  0.3047E-02  0.1000E-01  0.9638E-07 -0.5781E-01  0.2086E+00  0.3881E+00  0.3430E+00  0.8870E+00  0.9546E-01  0.1650E+03  0.1650E+03  0.1650E+03 -0.4118E-03  0.1542E-01  0.2627E-09  0.5077E+00  0.6474E-08  0.1413E-01 -0.1590E-01 -0.1111E-01 -0.1271E+00  0.3872E-02  0.1198E+00  0.9670E-01
    17  0.3520E+02  0.0000E+00  0.2830E-02  0.1081E-01  0.9293E-07 -0.6181E-01  0.2100E+00  0.3353E+00  0.1879E+00  0.7683E+00  0.6322E-01  0.1650E+03  0.1650E+03  0.1650E+03 -0.3088E-02  0.1746E-01  0.2466E-09  0.6641E+00  0.4511E-08  0.1581E-01 -0.1766E-03 -0.9844E-02  0.9916E-02 -0.3137E-01  0.7515E-01  0.2363E-01
    18  0.3740E+02  0.0000E+00  0.3015E-02  0.1002E-01  0.8458E-07 -0.5618E-01  0.2125E+00  0.3790E+00  0.2062E+00  0.7341E+00 -0.1158E+00  0.1640E+03  0.1640E+03  0.1640E+03  0.1880E-03  0.1714E-01  0.2272E-09  0.5371E+00  0.2379E-08  0.1578E-01 -0.6879E-02 -0.8144E-02 -0.1557E+00  0.1620E-02  0.8688E-01  0.2911E-01
    19  0.3960E+02  0.0000E+00  0.2826E-02  0.1000E-01  0.7648E-07 -0.6572E-01  0.2131E+00  0.3565E+00  0.9815E-01  0.8832E+00 -0.2362E+00  0.1620E+03  0.1620E+03  0.1620E+03 -0.2793E-02  0.1608E-01  0.2464E-09  0.5653E+00 -0.2295E-10  0.1470E-01 -0.1153E-01 -0.1136E-01  0.6677E-01 -0.1610E-02  0.4447E-01  0.6241E-01
    20  0.4180E+02  0.0000E+00  0.2761E-02  0.9362E-02  0.6183E-07 -0.5231E-01  0.2125E+00  0.4080E+00  0.1878E+00  0.1024E+01 -0.1692E+00  0.1600E+03  0.1600E+03  0.1600E+03 -0.1534E-02  0.1355E-01  0.2587E-09  0.3608E+00 -0.2579E-08  0.1301E-01 -0.3979E-02 -0.1152E-01 -0.1500E+00 -0.5209E-02  0.5129E-01  0.5042E-01
    21  0.4400E+02  0.0000E+00  0.2658E-02  0.9842E-02  0.6003E-07 -0.5132E-01  0.2131E+00  0.3522E+00  0.1683E+00  0.1021E+01  0.6684E-01  0.1590E+03  0.1590E+03  0.1590E+03 -0.3913E-03  0.1335E-01  0.2629E-09  0.1545E+00 -0.7751E-09  0.1323E-01 -0.5870E-02 -0.7361E-02 -0.2153E-01  0.1529E-01 -0.3581E-03  0.3057E-01
    22  0.4620E+02  0.0000E+00  0.2684E-02  0.9888E-02  0.6582E-07 -0.5922E-01  0.2134E+00  0.3591E+00  0.8069E-01  0.8311E+00  0.1724E+00  0.1590E+03  0.1590E+03  0.1590E+03 -0.1935E-02  0.1489E-01  0.2394E-09  0.1378E-01  0.2588E-08  0.1489E-01 -0.1312E-01 -0.1135E-01 -0.1030E+00 -0.1059E-01  0.4058E-01  0.8096E-01
    23  0.4840E+02  0.0000E+00  0.2357E-02  0.9767E-02  0.5470E-07 -0.6087E-01  0.2132E+00  0.3816E+00 -0.6534E-02  0.7246E+00 -0.1962E-01  0.1570E+03  0.1570E+03  0.1570E+03 -0.1749E-02  0.1571E-01  0.2276E-09 -0.1645E+00  0.5545E-08  0.1562E-01  0.3342E-03 -0.1066E-01  0.1206E-01  0.2121E-01 -0.2597E-01  0.2462E-01
    24  0.5060E+02  0.0000E+00  0.2309E-02  0.9084E-02  0.4462E-07 -0.5616E-01  0.2150E+00  0.4579E+00  0.1782E+00  0.7526E+00 -0.6736E-01  0.1550E+03  0.1550E+03  0.1550E+03  0.3435E-04  0.1492E-01  0.2260E-09  0.9441E-01  0.7522E-08  0.1489E-01 -0.1400E-01 -0.7885E-02 -0.1539E+00  0.1363E-01  0.6157E-01  0.7201E-01
    25  0.5280E+02  0.0000E+00  0.2270E-02  0.8920E-02  0.5050E-07 -0.5833E-01  0.2138E+00  0.3841E+00  0.2204E+00  0.7837E+00 -0.6513E-02  0.1540E+03  0.1540E+03  0.1540E+03 -0.2496E-02  0.1489E-01  0.2366E-09  0.4232E+00  0.9817E-08  0.1438E-01 -0.3579E-02 -0.1126E-01  0.6397E-02 -0.2976E-01  0.6666E-01  0.4006E-01
    26  0.5500E+02  0.0000E+00  0.2337E-02  0.9190E-02  0.5162E-07 -0.4444E-01  0.2120E+00  0.3635E+00  0.1427E+00  0.7671E+00  0.1096E+00  0.1520E+03  0.1520E+03  0.1520E+03  0.4059E-03  0.1614E-01  0.2260E-09  0.7305E+00  0.5298E-08  0.1475E-01 -0.6782E-02 -0.8729E-02 -0.1111E+00  0.1687E-01  0.8557E-01  0.3264E-01
    27  0.5720E+02  0.0000E+00  0.2290E-02  0.9208E-02  0.5323E-07 -0.5317E-01  0.2085E+00  0.3567E+00  0.8033E-01  0.7191E+00  0.1386E-01  0.1520E+03  0.1520E+03  0.1520E+03 -0.1898E-02  0.1682E-01  0.2176E-09  0.9220E+00  0.2547E-08  0.1498E-01 -0.9032E-02 -0.9583E-02 -0.4231E-02 -0.3893E-02  0.5617E-01  0.3764E-01
    28  0.5940E+02  0.0000E+00  0.2406E-02  0.9130E-02  0.5303E-07 -0.2618E-01  0.2063E+00  0.3362E+00  0.1583E+00  0.7733E+00 -0.1194E+00  0.1520E+03  0.1520E+03  0.1520E+03 -0.8666E-03  0.1595E-01  0.2256E-09  0.6675E+00 -0.9214E-09  0.1438E-01 -0.3763E-02 -0.1155E-01 -0.8720E-01  0.2423E-01  0.6383E-01  0.3661E-01
    29  0.6160E+02  0.0000E+00  0.2346E-02  0.8897E-02  0.4960E-07 -0.4925E-01  0.2067E+00  0.3671E+00 -0.3671E-01  0.9731E+00 -0.9465E-01  0.1520E+03  0.1520E+03  0.1520E+03 -0.4789E-03  0.1434E-01  0.2514E-09  0.7097E+00 -0.3430E-08  0.1264E-01 -0.4235E-02 -0.9189E-02 -0.8510E-01  0.1695E-02  0.8426E-01  0.3405E-01
    30  0.6380E+02  0.0000E+00  0.2359E-02  0.9429E-02  0.5037E-07 -0.3689E-01  0.2090E+00  0.3762E+00  0.1238E+00  0.9040E+00  0.7582E-01  0.1500E+03  0.1500E+03  0.1500E+03 -0.5271E-03  0.1393E-01  0.2486E-09  0.3466E+00 -0.4449E-08  0.1358E-01 -0.1034E-01 -0.7266E-02 -0.9193E-02  0.3440E-02  0.6328E-01  0.5007E-01
    31  0.6600E+02  0.0000E+00  0.2300E-02  0.9603E-02  0.4615E-07 -0.6633E-01  0.2083E+00  0.3728E+00  0.7263E-01  0.8990E+00 -0.7041E-01  0.1490E+03  0.1490E+03  0.1490E+03 -0.2687E-02  0.1392E-01  0.2515E-09  0.2741E+00 -0.5041E-08  0.1371E-01 -0.5869E-02 -0.1451E-01 -0.1159E+00  0.2090E-01  0.6347E-01  0.7471E-01
