#NTuple/Z0
#Units are ns, meters, GeV/c, Tesla, and V/m
#IEVT IPNUM IPTYP IPFLG JSRG T X Y Z Px Py Pz Bx By Bz Weight Ex Ey Ez SARC POLx POLy POLz
0 1 2 0 1 1.90079e-07 -0.00641636 -0.0113534 0 0 0 0.204 0 0 0 1.0000 0 0 0 0   0 0 0
0 1 2 0 2 1.96841e-07 -0.00641636 -0.0113534 1.8 0 0 0.204 0 0 0 1.0000 0 0 0 0   0 0 0
0 1 2 0 3 2.03602e-07 -0.00641636 -0.0113534 3.6 0 0 0.204 0 0 0 1.0000 0 0 0 0   0 0 0
0 1 2 0 4 2.10364e-07 -0.00641636 -0.0113534 5.4 0 0 0.204 0 0 0 1.0000 0 0 0 0   0 0 0
0 1 2 0 5 2.17126e-07 -0.00641636 -0.0113534 7.2 0 0 0.204 0 0 0 1.0000 0 0 0 0   0 0 0
0 1 2 0 6 2.23887e-07 -0.00641636 -0.0113534 9 0 0 0.204 0 0 0 1.0000 0 0 0 0   0 0 0
0 1 2 0 7 2.30649e-07 -0.00641636 -0.0113534 10.8 0 0 0.204 0 0 0 1.0000 0 0 0 0   0 0 0
0 1 2 0 8 2.37411e-07 -0.00641636 -0.0113534 12.6 0 0 0.204 0 0 0 1.0000 0 0 0 0   0 0 0
0 1 2 0 9 2.44172e-07 -0.00641636 -0.0113534 14.4 0 0 0.204 0 0 0 1.0000 0 0 0 0   0 0 0
0 1 2 0 10 2.50934e-07 -0.00641636 -0.0113534 16.2 0 0 0.204 0 0 0 1.0000 0 0 0 0   0 0 0
0 1 2 0 11 2.57696e-07 -0.00641636 -0.0113534 18 0 0 0.204 0 0 0 1.0000 0 0 0 0   0 0 0
0 1 2 0 12 2.64458e-07 -0.00641636 -0.0113534 19.8 0 0 0.204 0 0 0 1.0000 0 0 0 0   0 0 0
0 1 2 0 13 2.71219e-07 -0.00641636 -0.0113534 21.6 0 0 0.204 0 0 0 1.0000 0 0 0 0   0 0 0
0 1 2 0 14 2.77981e-07 -0.00641636 -0.0113534 23.4 0 0 0.204 0 0 0 1.0000 0 0 0 0   0 0 0
0 1 2 0 15 2.84743e-07 -0.00641636 -0.0113534 25.2 0 0 0.204 0 0 0 1.0000 0 0 0 0   0 0 0
0 1 2 0 16 2.91504e-07 -0.00641636 -0.0113534 27 0 0 0.204 0 0 0 1.0000 0 0 0 0   0 0 0
0 1 2 0 17 2.98266e-07 -0.00641636 -0.0113534 28.8 0 0 0.204 0 0 0 1.0000 0 0 0 0   0 0 0
0 1 2 0 18 3.05028e-07 -0.00641636 -0.0113534 30.6 0 0 0.204 0 0 0 1.0000 0 0 0 0   0 0 0
0 1 2 0 19 3.11789e-07 -0.00641636 -0.0113534 32.4 0 0 0.204 0 0 0 1.0000 0 0 0 0   0 0 0
0 1 2 0 20 3.18551e-07 -0.00641636 -0.0113534 34.2 0 0 0.204 0 0 0 1.0000 0 0 0 0   0 0 0
0 1 2 0 21 3.25313e-07 -0.00641636 -0.0113534 36 0 0 0.204 0 0 0 1.0000 0 0 0 0   0 0 0
0 1 2 0 22 3.32074e-07 -0.00641636 -0.0113534 37.8 0 0 0.204 0 0 0 1.0000 0 0 0 0   0 0 0
0 1 2 0 23 3.38836e-07 -0.00641636 -0.0113534 39.6 0 0 0.204 0 0 0 1.0000 0 0 0 0   0 0 0
0 1 2 0 24 3.45598e-07 -0.00641636 -0.0113534 41.4 0 0 0.204 0 0 0 1.0000 0 0 0 0   0 0 0
0 1 2 0 25 3.52359e-07 -0.00641636 -0.0113534 43.2 0 0 0.204 0 0 0 1.0000 0 0 0 0   0 0 0
0 1 2 0 26 3.59121e-07 -0.00641636 -0.0113534 45 0 0 0.204 0 0 0 1.0000 0 0 0 0   0 0 0
0 1 2 0 27 3.65883e-07 -0.00641636 -0.0113534 46.8 0 0 0.204 0 0 0 1.0000 0 0 0 0   0 0 0
0 1 2 0 28 3.72645e-07 -0.00641636 -0.0113534 48.6 0 0 0.204 0 0 0 1.0000 0 0 0 0   0 0 0
0 1 2 0 29 3.79406e-07 -0.00641636 -0.0113534 50.4 0 0 0.204 0 0 0 1.0000 0 0 0 0   0 0 0
0 1 2 0 30 3.86168e-07 -0.00641636 -0.0113534 52.2 0 0 0.204 0 0 0 1.0000 0 0 0 0   0 0 0
0 1 2 0 31 3.9293e-07 -0.00641636 -0.0113534 54 0 0 0.204 0 0 0 1.0000 0 0 0 0   0 0 0
0 1 2 0 32 3.99691e-07 -0.00641636 -0.0113534 55.8 0 0 0.204 0 0 0 1.0000 0 0 0 0   0 0 0
0 1 2 0 33 4.06453e-07 -0.00641636 -0.0113534 57.6 0 0 0.204 0 0 0 1.0000 0 0 0 0   0 0 0
0 1 2 0 34 4.13215e-07 -0.00641636 -0.0113534 59.4 0 0 0.204 0 0 0 1.0000 0 0 0 0   0 0 0
0 1 2 0 35 4.19976e-07 -0.00641636 -0.0113534 61.2 0 0 0.204 0 0 0 1.0000 0 0 0 0   0 0 0
0 1 2 0 36 4.26738e-07 -0.00641636 -0.0113534 63 0 0 0.204 0 0 0 1.0000 0 0 0 0   0 0 0
0 1 2 0 37 4.335e-07 -0.00641636 -0.0113534 64.8 0 0 0.204 0 0 0 1.0000 0 0 0 0   0 0 0
0 1 2 0 38 4.40261e-07 -0.00641636 -0.0113534 66.6 0 0 0.204 0 0 0 1.0000 0 0 0 0   0 0 0
0 1 2 0 39 4.47023e-07 -0.00641636 -0.0113534 68.4 0 0 0.204 0 0 0 1.0000 0 0 0 0   0 0 0
0 1 2 0 40 4.53785e-07 -0.00641636 -0.0113534 70.2 0 0 0.204 0 0 0 1.0000 0 0 0 0   0 0 0
0 1 2 0 41 4.60546e-07 -0.00641636 -0.0113534 72 0 0 0.204 0 0 0 1.0000 0 0 0 0   0 0 0
