 #NTuple/Z0                                                                      
 output from Ecalc9f version   2.09
  settings: 
    particle type:  2
    pzmin/pzmax:   0./  100.
    transverse cuts:   0.  0.
    longitudinal cut:   0.
    RF frequency (MHz):   704.
    sigma cut:   4.
    subtract out amplitude correlation
    wrnew9 =  F

regn #   Z           Bz          eperp       elong       e6D         Ldim        Pzavg       beta        alpha       betaL       alphaL      n0          n1          n2          Lcan(eVs)   sigmaE      sigmaT      corrE       corrT       sigmaE_c    xavg        yavg        Dx          Dy          Dr          Dr2
     1  0.0000E+00  0.0000E+00  0.1790E-03  0.1737E-02  0.5565E-10  0.1620E+00  0.1943E+00  0.3477E-01  0.2293E-01  0.5721E+00  0.1563E-01  0.1941E+04  0.1941E+04  0.1941E+04  0.1761E-03  0.6992E-02  0.8834E-10  0.1784E+01  0.6856E-08  0.6937E-02 -0.1051E-02 -0.1578E-02 -0.6587E-02 -0.1260E-03  0.5820E-02  0.3654E-02
     2  0.7800E+00  0.0000E+00  0.1761E-03  0.1733E-02  0.5338E-10  0.1601E+00  0.1945E+00  0.2740E-01  0.7154E-01  0.5613E+00  0.6344E-01  0.1917E+04  0.1917E+04  0.1917E+04  0.2285E-03  0.7066E-02  0.8733E-10  0.1800E+01  0.6326E-08  0.7013E-02 -0.1123E-02 -0.1613E-02 -0.7598E-02 -0.1652E-02  0.6440E-02  0.3853E-02
     3  0.1560E+01  0.0000E+00  0.1721E-03  0.1718E-02  0.5053E-10  0.1673E+00  0.1950E+00  0.3046E-01 -0.3230E-01  0.5431E+00  0.8228E-01  0.1888E+04  0.1888E+04  0.1888E+04  0.2089E-03  0.7170E-02  0.8542E-10  0.1790E+01  0.9058E-08  0.7122E-02 -0.1301E-02 -0.1559E-02 -0.7798E-02 -0.1616E-03  0.5228E-02  0.3997E-02
     4  0.2340E+01  0.0000E+00  0.1695E-03  0.1714E-02  0.4905E-10  0.1649E+00  0.1954E+00  0.3156E-01  0.4576E-01  0.5169E+00  0.8098E-01  0.1870E+04  0.1870E+04  0.1870E+04  0.1326E-03  0.7358E-02  0.8304E-10  0.2006E+01  0.5463E-08  0.7302E-02 -0.1186E-02 -0.1591E-02 -0.7388E-02  0.9111E-03  0.6278E-02  0.3648E-02
     5  0.3120E+01  0.0000E+00  0.1677E-03  0.1705E-02  0.4759E-10  0.1655E+00  0.1956E+00  0.2853E-01  0.5781E-01  0.4938E+00  0.4476E-01  0.1857E+04  0.1857E+04  0.1857E+04  0.1944E-03  0.7490E-02  0.8094E-10  0.1937E+01  0.8149E-08  0.7440E-02 -0.1084E-02 -0.1673E-02 -0.7540E-02 -0.8401E-03  0.5012E-02  0.3549E-02
     6  0.3900E+01  0.0000E+00  0.1670E-03  0.1695E-02  0.4671E-10  0.1659E+00  0.1959E+00  0.3086E-01 -0.1839E-01  0.4933E+00 -0.9314E-02  0.1842E+04  0.1842E+04  0.1842E+04  0.2318E-03  0.7481E-02  0.8053E-10  0.2142E+01  0.4754E-08  0.7422E-02 -0.1243E-02 -0.1570E-02 -0.9237E-02  0.1574E-02  0.4205E-02  0.3593E-02
     7  0.4680E+01  0.0000E+00  0.1649E-03  0.1686E-02  0.4537E-10  0.1627E+00  0.1960E+00  0.2972E-01  0.2800E-01  0.5072E+00 -0.4986E-01  0.1832E+04  0.1832E+04  0.1832E+04  0.1549E-03  0.7359E-02  0.8137E-10  0.1925E+01  0.6817E-09  0.7311E-02 -0.1254E-02 -0.1578E-02 -0.6652E-02  0.1029E-02  0.5095E-02  0.3771E-02
     8  0.5460E+01  0.0000E+00  0.1624E-03  0.1683E-02  0.4418E-10  0.1703E+00  0.1959E+00  0.3025E-01  0.6737E-02  0.5320E+00 -0.6760E-01  0.1819E+04  0.1819E+04  0.1819E+04  0.1879E-03  0.7175E-02  0.8328E-10  0.1646E+01  0.7430E-10  0.7140E-02 -0.1173E-02 -0.1673E-02 -0.5196E-02 -0.2154E-02  0.5270E-02  0.4072E-02
     9  0.6240E+01  0.0000E+00  0.1622E-03  0.1683E-02  0.4372E-10  0.1696E+00  0.1958E+00  0.3035E-01  0.1657E-01  0.5571E+00 -0.4895E-01  0.1808E+04  0.1808E+04  0.1808E+04  0.2055E-03  0.7004E-02  0.8529E-10  0.1751E+01 -0.1580E-08  0.6965E-02 -0.1205E-02 -0.1564E-02 -0.8555E-02  0.9068E-03  0.5485E-02  0.3988E-02
    10  0.7020E+01  0.0000E+00  0.1599E-03  0.1687E-02  0.4258E-10  0.1688E+00  0.1954E+00  0.3052E-01  0.1336E-01  0.5719E+00 -0.7888E-02  0.1798E+04  0.1798E+04  0.1798E+04  0.1661E-03  0.6903E-02  0.8660E-10  0.1767E+01 -0.1425E-08  0.6864E-02 -0.1208E-02 -0.1579E-02 -0.7433E-02 -0.6352E-03  0.5012E-02  0.4145E-02
    11  0.7800E+01  0.0000E+00  0.1603E-03  0.1682E-02  0.4265E-10  0.1681E+00  0.1950E+00  0.3026E-01  0.1487E-02  0.5651E+00  0.3827E-01  0.1790E+04  0.1790E+04  0.1790E+04  0.1758E-03  0.6924E-02  0.8612E-10  0.1630E+01 -0.1921E-08  0.6891E-02 -0.1173E-02 -0.1641E-02 -0.8691E-02 -0.9859E-03  0.6463E-02  0.4234E-02
    12  0.8580E+01  0.0000E+00  0.1588E-03  0.1680E-02  0.4208E-10  0.1719E+00  0.1945E+00  0.2995E-01  0.1379E-01  0.5428E+00  0.7132E-01  0.1785E+04  0.1785E+04  0.1785E+04  0.1964E-03  0.7053E-02  0.8448E-10  0.1447E+01  0.4968E-09  0.7027E-02 -0.1139E-02 -0.1586E-02 -0.5951E-02  0.1443E-02  0.2940E-02  0.3795E-02
    13  0.9360E+01  0.0000E+00  0.1582E-03  0.1680E-02  0.4155E-10  0.1705E+00  0.1941E+00  0.3004E-01  0.8859E-03  0.5172E+00  0.7088E-01  0.1779E+04  0.1779E+04  0.1779E+04  0.1880E-03  0.7213E-02  0.8261E-10  0.1480E+01  0.1215E-08  0.7187E-02 -0.1191E-02 -0.1613E-02 -0.6113E-02 -0.5657E-03  0.4582E-02  0.3821E-02
    14  0.1014E+02  0.0000E+00  0.1580E-03  0.1685E-02  0.4135E-10  0.1728E+00  0.1937E+00  0.2953E-01  0.1049E-01  0.4985E+00  0.3991E-01  0.1775E+04  0.1775E+04  0.1775E+04  0.1690E-03  0.7327E-02  0.8135E-10  0.1296E+01  0.5131E-08  0.7308E-02 -0.1189E-02 -0.1605E-02 -0.7556E-02 -0.8509E-03  0.5492E-02  0.3670E-02
    15  0.1092E+02  0.0000E+00  0.1580E-03  0.1673E-02  0.4101E-10  0.1699E+00  0.1935E+00  0.3013E-01  0.1614E-01  0.4922E+00 -0.4463E-04  0.1769E+04  0.1769E+04  0.1769E+04  0.1567E-03  0.7339E-02  0.8064E-10  0.1336E+01  0.6248E-08  0.7318E-02 -0.1072E-02 -0.1582E-02 -0.9430E-02  0.1356E-02  0.4589E-02  0.3341E-02
    16  0.1170E+02  0.0000E+00  0.1560E-03  0.1675E-02  0.4026E-10  0.1679E+00  0.1934E+00  0.2892E-01  0.1721E-01  0.5018E+00 -0.3559E-01  0.1766E+04  0.1766E+04  0.1766E+04  0.1992E-03  0.7273E-02  0.8146E-10  0.1339E+01  0.4967E-08  0.7252E-02 -0.1061E-02 -0.1622E-02 -0.6923E-02 -0.5308E-03  0.4739E-02  0.3493E-02
    17  0.1248E+02  0.0000E+00  0.1556E-03  0.1666E-02  0.4000E-10  0.1719E+00  0.1935E+00  0.3103E-01  0.2459E-02  0.5220E+00 -0.5108E-01  0.1763E+04  0.1763E+04  0.1763E+04  0.2167E-03  0.7132E-02  0.8286E-10  0.1625E+01  0.7200E-08  0.7100E-02 -0.1232E-02 -0.1600E-02 -0.6781E-02  0.4249E-03  0.5155E-02  0.3946E-02
    18  0.1326E+02  0.0000E+00  0.1546E-03  0.1660E-02  0.3936E-10  0.1692E+00  0.1937E+00  0.2902E-01  0.5476E-01  0.5392E+00 -0.3868E-01  0.1760E+04  0.1760E+04  0.1760E+04  0.1402E-03  0.7018E-02  0.8400E-10  0.1917E+01  0.6148E-08  0.6973E-02 -0.1198E-02 -0.1572E-02 -0.7551E-02  0.2945E-03  0.4391E-02  0.3911E-02
    19  0.1404E+02  0.0000E+00  0.1538E-03  0.1646E-02  0.3887E-10  0.1690E+00  0.1941E+00  0.3042E-01 -0.3422E-01  0.5515E+00 -0.8950E-02  0.1751E+04  0.1751E+04  0.1751E+04  0.1616E-03  0.6914E-02  0.8445E-10  0.1888E+01  0.4895E-08  0.6870E-02 -0.1053E-02 -0.1631E-02 -0.5724E-02 -0.1272E-02  0.5072E-02  0.3901E-02
    20  0.1482E+02  0.0000E+00  0.1540E-03  0.1635E-02  0.3844E-10  0.1708E+00  0.1944E+00  0.3060E-01  0.8000E-01  0.5513E+00  0.2601E-01  0.1743E+04  0.1743E+04  0.1743E+04  0.2224E-03  0.6925E-02  0.8404E-10  0.2297E+01  0.5030E-08  0.6860E-02 -0.1167E-02 -0.1606E-02 -0.8739E-02 -0.8701E-03  0.6767E-02  0.4086E-02
    21  0.1560E+02  0.0000E+00  0.1524E-03  0.1633E-02  0.3778E-10  0.1690E+00  0.1948E+00  0.2913E-01 -0.9029E-02  0.5405E+00  0.5368E-01  0.1740E+04  0.1740E+04  0.1740E+04  0.1643E-03  0.7005E-02  0.8304E-10  0.2287E+01  0.3543E-08  0.6943E-02 -0.1263E-02 -0.1559E-02 -0.6661E-02  0.1300E-02  0.3769E-02  0.4068E-02
    22  0.1638E+02  0.0000E+00  0.1524E-03  0.1629E-02  0.3754E-10  0.1723E+00  0.1952E+00  0.3121E-01  0.1759E-02  0.5198E+00  0.5514E-01  0.1739E+04  0.1739E+04  0.1739E+04  0.1425E-03  0.7119E-02  0.8119E-10  0.1801E+01  0.1386E-08  0.7080E-02 -0.1164E-02 -0.1643E-02 -0.6227E-02  0.1822E-03  0.5410E-02  0.3995E-02
    23  0.1716E+02  0.0000E+00  0.1515E-03  0.1618E-02  0.3653E-10  0.1740E+00  0.1955E+00  0.3020E-01  0.6519E-01  0.5080E+00  0.3033E-01  0.1732E+04  0.1732E+04  0.1732E+04  0.1980E-03  0.7189E-02  0.7991E-10  0.2039E+01 -0.1533E-08  0.7141E-02 -0.1140E-02 -0.1644E-02 -0.9170E-02 -0.9875E-03  0.6044E-02  0.3883E-02
    24  0.1794E+02  0.0000E+00  0.1509E-03  0.1624E-02  0.3649E-10  0.1781E+00  0.1957E+00  0.2981E-01 -0.1324E-01  0.5043E+00 -0.3180E-03  0.1728E+04  0.1728E+04  0.1728E+04  0.2031E-03  0.7220E-02  0.7969E-10  0.1824E+01 -0.4080E-09  0.7181E-02 -0.1218E-02 -0.1525E-02 -0.7453E-02  0.1381E-02  0.3797E-02  0.3656E-02
    25  0.1872E+02  0.0000E+00  0.1497E-03  0.1618E-02  0.3590E-10  0.1801E+00  0.1959E+00  0.3095E-01  0.2369E-01  0.5100E+00 -0.2536E-01  0.1720E+04  0.1720E+04  0.1720E+04  0.1623E-03  0.7175E-02  0.7996E-10  0.1948E+01 -0.1503E-08  0.7133E-02 -0.1250E-02 -0.1637E-02 -0.6428E-02 -0.4752E-03  0.5917E-02  0.4135E-02
    26  0.1950E+02  0.0000E+00  0.1482E-03  0.1607E-02  0.3501E-10  0.1843E+00  0.1958E+00  0.3022E-01  0.1074E-01  0.5251E+00 -0.4032E-01  0.1713E+04  0.1713E+04  0.1713E+04  0.1913E-03  0.7043E-02  0.8091E-10  0.1735E+01 -0.3984E-08  0.7009E-02 -0.1207E-02 -0.1649E-02 -0.6631E-02 -0.1557E-02  0.5373E-02  0.4218E-02
    27  0.2028E+02  0.0000E+00  0.1487E-03  0.1609E-02  0.3511E-10  0.1820E+00  0.1956E+00  0.3069E-01  0.1423E-01  0.5426E+00 -0.4071E-01  0.1708E+04  0.1708E+04  0.1708E+04  0.1840E-03  0.6922E-02  0.8232E-10  0.1572E+01 -0.2262E-08  0.6893E-02 -0.1174E-02 -0.1531E-02 -0.7089E-02  0.1886E-02  0.4096E-02  0.3881E-02
    28  0.2106E+02  0.0000E+00  0.1478E-03  0.1611E-02  0.3458E-10  0.1878E+00  0.1953E+00  0.3063E-01  0.5644E-02  0.5542E+00 -0.1006E-01  0.1700E+04  0.1700E+04  0.1700E+04  0.1789E-03  0.6831E-02  0.8334E-10  0.1267E+01 -0.1335E-08  0.6812E-02 -0.1196E-02 -0.1617E-02 -0.7934E-02 -0.2378E-02  0.5949E-02  0.4331E-02
    29  0.2184E+02  0.0000E+00  0.1473E-03  0.1615E-02  0.3443E-10  0.1850E+00  0.1949E+00  0.3014E-01 -0.6009E-02  0.5502E+00  0.2118E-01  0.1694E+04  0.1694E+04  0.1694E+04  0.1821E-03  0.6847E-02  0.8329E-10  0.9148E+00 -0.4631E-09  0.6837E-02 -0.1192E-02 -0.1623E-02 -0.8891E-02 -0.2430E-03  0.6014E-02  0.4309E-02
    30  0.2262E+02  0.0000E+00  0.1457E-03  0.1613E-02  0.3397E-10  0.1833E+00  0.1945E+00  0.3086E-01  0.2396E-01  0.5385E+00  0.4581E-01  0.1690E+04  0.1690E+04  0.1690E+04  0.1788E-03  0.6908E-02  0.8246E-10  0.8839E+00  0.1531E-08  0.6900E-02 -0.1134E-02 -0.1576E-02 -0.4961E-02  0.6972E-03  0.2668E-02  0.3901E-02
    31  0.2340E+02  0.0000E+00  0.1466E-03  0.1608E-02  0.3398E-10  0.1887E+00  0.1940E+00  0.2937E-01 -0.3937E-02  0.5227E+00  0.4408E-01  0.1688E+04  0.1688E+04  0.1688E+04  0.1846E-03  0.6994E-02  0.8130E-10  0.1099E+01  0.5786E-08  0.6980E-02 -0.1195E-02 -0.1603E-02 -0.7170E-02 -0.3363E-03  0.4247E-02  0.4035E-02
    32  0.2418E+02  0.0000E+00  0.1468E-03  0.1605E-02  0.3396E-10  0.1849E+00  0.1937E+00  0.3048E-01  0.1364E-01  0.5122E+00  0.3044E-01  0.1683E+04  0.1683E+04  0.1683E+04  0.1505E-03  0.7044E-02  0.8053E-10  0.1038E+01  0.7413E-08  0.7032E-02 -0.1164E-02 -0.1616E-02 -0.8761E-02  0.1678E-02  0.4195E-02  0.3934E-02
    33  0.2496E+02  0.0000E+00  0.1461E-03  0.1601E-02  0.3375E-10  0.1780E+00  0.1935E+00  0.2966E-01  0.5325E-02  0.5073E+00  0.8177E-02  0.1679E+04  0.1679E+04  0.1679E+04  0.1696E-03  0.7069E-02  0.8018E-10  0.1369E+01  0.1176E-07  0.7048E-02 -0.1052E-02 -0.1626E-02 -0.7810E-02  0.3060E-03  0.4462E-02  0.3695E-02
    34  0.2574E+02  0.0000E+00  0.1457E-03  0.1588E-02  0.3336E-10  0.1797E+00  0.1934E+00  0.3028E-01  0.4617E-01  0.5107E+00 -0.7169E-02  0.1677E+04  0.1677E+04  0.1677E+04  0.2142E-03  0.7032E-02  0.8013E-10  0.1822E+01  0.1022E-07  0.6996E-02 -0.1122E-02 -0.1595E-02 -0.7590E-02 -0.1340E-02  0.4583E-02  0.3779E-02
    35  0.2652E+02  0.0000E+00  0.1450E-03  0.1596E-02  0.3333E-10  0.1842E+00  0.1934E+00  0.2945E-01 -0.3220E-01  0.5170E+00 -0.1606E-01  0.1672E+04  0.1672E+04  0.1672E+04  0.1782E-03  0.7012E-02  0.8077E-10  0.1930E+01  0.9287E-08  0.6971E-02 -0.1220E-02 -0.1549E-02 -0.6975E-02  0.4610E-03  0.4973E-02  0.3889E-02
    36  0.2730E+02  0.0000E+00  0.1457E-03  0.1591E-02  0.3366E-10  0.1808E+00  0.1936E+00  0.3078E-01  0.6262E-01  0.5283E+00 -0.1378E-01  0.1667E+04  0.1667E+04  0.1667E+04  0.1401E-03  0.6942E-02  0.8142E-10  0.2060E+01  0.5289E-08  0.6891E-02 -0.1138E-02 -0.1630E-02 -0.6669E-02  0.8211E-04  0.4758E-02  0.4043E-02
    37  0.2808E+02  0.0000E+00  0.1440E-03  0.1586E-02  0.3272E-10  0.1875E+00  0.1939E+00  0.2962E-01 -0.1340E-01  0.5318E+00 -0.7178E-02  0.1664E+04  0.1664E+04  0.1664E+04  0.1947E-03  0.6913E-02  0.8146E-10  0.2101E+01  0.6015E-08  0.6864E-02 -0.1098E-02 -0.1651E-02 -0.6558E-02 -0.1688E-02  0.5463E-02  0.4063E-02
    38  0.2886E+02  0.0000E+00  0.1435E-03  0.1580E-02  0.3211E-10  0.1919E+00  0.1943E+00  0.3090E-01  0.5744E-01  0.5364E+00  0.1604E-02  0.1658E+04  0.1658E+04  0.1658E+04  0.2068E-03  0.6878E-02  0.8157E-10  0.2012E+01  0.6972E-08  0.6832E-02 -0.1182E-02 -0.1533E-02 -0.9064E-02  0.7505E-03  0.5538E-02  0.3926E-02
    39  0.2964E+02  0.0000E+00  0.1410E-03  0.1567E-02  0.3096E-10  0.1909E+00  0.1947E+00  0.2963E-01 -0.1638E-02  0.5373E+00  0.1797E-01  0.1651E+04  0.1651E+04  0.1651E+04  0.1555E-03  0.6858E-02  0.8113E-10  0.2166E+01  0.3003E-08  0.6809E-02 -0.1193E-02 -0.1577E-02 -0.6652E-02  0.4733E-03  0.4034E-02  0.4124E-02
    40  0.3042E+02  0.0000E+00  0.1411E-03  0.1556E-02  0.3064E-10  0.1933E+00  0.1951E+00  0.3124E-01  0.1184E-01  0.5311E+00  0.2621E-01  0.1646E+04  0.1646E+04  0.1646E+04  0.1844E-03  0.6871E-02  0.8024E-10  0.1857E+01  0.5707E-09  0.6834E-02 -0.1177E-02 -0.1687E-02 -0.7873E-02 -0.1784E-03  0.5778E-02  0.4465E-02
    41  0.3120E+02  0.0000E+00  0.1412E-03  0.1553E-02  0.3053E-10  0.1888E+00  0.1954E+00  0.3051E-01  0.4882E-01  0.5235E+00  0.2478E-01  0.1642E+04  0.1642E+04  0.1642E+04  0.2013E-03  0.6931E-02  0.7951E-10  0.2043E+01 -0.2431E-08  0.6887E-02 -0.1172E-02 -0.1588E-02 -0.8723E-02  0.1406E-02  0.4849E-02  0.4047E-02
    42  0.3198E+02  0.0000E+00  0.1407E-03  0.1555E-02  0.3056E-10  0.1892E+00  0.1956E+00  0.3010E-01 -0.7819E-02  0.5180E+00  0.1778E-01  0.1637E+04  0.1637E+04  0.1637E+04  0.1895E-03  0.6974E-02  0.7908E-10  0.2012E+01 -0.4301E-08  0.6932E-02 -0.1198E-02 -0.1554E-02 -0.6022E-02 -0.5534E-04  0.3938E-02  0.3955E-02
    43  0.3276E+02  0.0000E+00  0.1411E-03  0.1549E-02  0.3056E-10  0.1925E+00  0.1958E+00  0.3070E-01  0.1752E-01  0.5131E+00  0.3794E-02  0.1630E+04  0.1630E+04  0.1630E+04  0.1807E-03  0.6985E-02  0.7850E-10  0.1678E+01 -0.2654E-08  0.6954E-02 -0.1254E-02 -0.1632E-02 -0.6762E-02 -0.1177E-02  0.5680E-02  0.4350E-02
    44  0.3354E+02  0.0000E+00  0.1406E-03  0.1545E-02  0.3014E-10  0.2014E+00  0.1958E+00  0.3100E-01  0.4751E-02  0.5162E+00 -0.1458E-01  0.1627E+04  0.1627E+04  0.1627E+04  0.1781E-03  0.6946E-02  0.7866E-10  0.1425E+01 -0.2399E-08  0.6925E-02 -0.1206E-02 -0.1609E-02 -0.7697E-02 -0.7135E-03  0.5742E-02  0.4198E-02
    45  0.3432E+02  0.0000E+00  0.1399E-03  0.1539E-02  0.2971E-10  0.1988E+00  0.1956E+00  0.3049E-01  0.1990E-01  0.5252E+00 -0.2407E-01  0.1619E+04  0.1619E+04  0.1619E+04  0.1897E-03  0.6870E-02  0.7923E-10  0.1447E+01 -0.6387E-09  0.6849E-02 -0.1149E-02 -0.1581E-02 -0.7508E-02  0.1395E-02  0.4068E-02  0.4041E-02
    46  0.3510E+02  0.0000E+00  0.1405E-03  0.1539E-02  0.2984E-10  0.1943E+00  0.1953E+00  0.3080E-01  0.1862E-02  0.5375E+00 -0.1751E-01  0.1618E+04  0.1618E+04  0.1618E+04  0.1955E-03  0.6782E-02  0.8023E-10  0.1376E+01 -0.1184E-08  0.6761E-02 -0.1212E-02 -0.1613E-02 -0.9088E-02 -0.8955E-03  0.5596E-02  0.4416E-02
    47  0.3588E+02  0.0000E+00  0.1398E-03  0.1534E-02  0.2966E-10  0.1981E+00  0.1949E+00  0.2997E-01 -0.1873E-02  0.5391E+00  0.2188E-02  0.1615E+04  0.1615E+04  0.1615E+04  0.1832E-03  0.6748E-02  0.8035E-10  0.1320E+01  0.2169E-08  0.6730E-02 -0.1205E-02 -0.1607E-02 -0.6948E-02 -0.3285E-03  0.5198E-02  0.4404E-02
    48  0.3666E+02  0.0000E+00  0.1377E-03  0.1527E-02  0.2877E-10  0.2048E+00  0.1945E+00  0.3141E-01  0.9591E-02  0.5371E+00  0.2492E-01  0.1607E+04  0.1607E+04  0.1607E+04  0.1829E-03  0.6738E-02  0.8013E-10  0.1412E+01  0.2313E-08  0.6718E-02 -0.1150E-02 -0.1579E-02 -0.5470E-02 -0.3319E-03  0.3889E-02  0.4159E-02
    49  0.3744E+02  0.0000E+00  0.1384E-03  0.1524E-02  0.2870E-10  0.2071E+00  0.1940E+00  0.2946E-01  0.1518E-01  0.5262E+00  0.3311E-01  0.1607E+04  0.1607E+04  0.1607E+04  0.1902E-03  0.6790E-02  0.7941E-10  0.1450E+01  0.5999E-08  0.6769E-02 -0.1159E-02 -0.1602E-02 -0.8126E-02  0.1821E-03  0.5357E-02  0.4185E-02
    50  0.3822E+02  0.0000E+00  0.1381E-03  0.1523E-02  0.2868E-10  0.2051E+00  0.1937E+00  0.3091E-01 -0.3300E-02  0.5134E+00  0.3023E-01  0.1604E+04  0.1604E+04  0.1604E+04  0.1791E-03  0.6865E-02  0.7851E-10  0.1441E+01  0.4044E-08  0.6844E-02 -0.1150E-02 -0.1634E-02 -0.8015E-02  0.1562E-02  0.3906E-02  0.4163E-02
    51  0.3900E+02  0.0000E+00  0.1370E-03  0.1520E-02  0.2820E-10  0.2015E+00  0.1934E+00  0.2985E-01  0.2072E-01  0.5066E+00  0.1220E-01  0.1600E+04  0.1600E+04  0.1600E+04  0.1955E-03  0.6903E-02  0.7798E-10  0.1811E+01  0.4760E-08  0.6871E-02 -0.1106E-02 -0.1626E-02 -0.7349E-02  0.1559E-03  0.4587E-02  0.3990E-02
