#BLTrackFile solenoid_cooling_channel
#x y z Px Py Pz t PDGid EvNum TrkId Parent weight
-1.241960 -1.714080 0 0.000000 0.000000 199.000000 1639.900000 -13 1 1 0 1.000000
2.689150 -0.599301 0 -9.316170 10.485900 204.182000 1639.930000 -13 2 1 0 1.000000
-2.237620 0.850707 0 -4.695920 6.600120 198.506000 1639.920000 -13 3 1 0 1.000000
0.357040 -4.324540 0 0.398704 7.966510 198.192000 1639.870000 -13 4 1 0 1.000000
0.433667 -2.596500 0 1.258710 -9.563170 209.599000 1639.890000 -13 5 1 0 1.000000
2.559000 -6.244750 0 -19.921500 12.469200 210.381000 1639.960000 -13 6 1 0 1.000000
-6.107620 -0.020760 0 -22.667400 1.610030 204.849000 1639.970000 -13 7 1 0 1.000000
-0.978252 0.265073 0 -0.266514 -9.372820 205.229000 1639.800000 -13 8 1 0 1.000000
-2.152940 1.324020 0 -17.185300 -1.796070 206.523000 1639.820000 -13 9 1 0 1.000000
0.961679 0.218056 0 14.852500 16.848000 194.513000 1639.860000 -13 10 1 0 1.000000
-2.322710 -2.539270 0 3.104450 14.212800 211.187000 1639.990000 -13 11 1 0 1.000000
1.797060 3.346750 0 6.919770 3.732780 204.300000 1639.820000 -13 12 1 0 1.000000
0.615775 -3.671770 0 4.440390 22.413100 195.160000 1639.990000 -13 13 1 0 1.000000
-4.678690 -2.184800 0 21.274300 24.805200 219.284000 1639.960000 -13 14 1 0 1.000000
-3.706390 -2.243080 0 9.000290 -10.773300 220.754000 1639.950000 -13 15 1 0 1.000000
-2.700000 -3.400690 0 35.086200 5.452140 197.615000 1639.880000 -13 16 1 0 1.000000
-2.873950 -2.215790 0 27.703400 7.154230 205.546000 1640.150000 -13 17 1 0 1.000000
0.662109 -1.566250 0 -9.358950 1.701910 191.427000 1639.870000 -13 18 1 0 1.000000
-3.043880 -2.905910 0 15.040300 0.943907 193.274000 1639.930000 -13 19 1 0 1.000000
-4.538590 -4.209130 0 -14.940600 14.735200 204.839000 1639.980000 -13 20 1 0 1.000000
-0.588212 -4.586130 0 -18.812400 -3.176770 195.653000 1639.980000 -13 21 1 0 1.000000
-4.998690 -0.614995 0 0.146724 -3.514080 201.046000 1639.840000 -13 22 1 0 1.000000
1.008430 -3.245330 0 -5.951930 8.594040 209.471000 1639.830000 -13 23 1 0 1.000000
0.617561 -2.505610 0 -16.713400 9.033400 210.051000 1639.880000 -13 24 1 0 1.000000
-0.301233 0.143810 0 14.296800 7.119880 191.933000 1640.010000 -13 25 1 0 1.000000
-3.861060 -0.662154 0 -2.657400 20.737700 201.565000 1639.900000 -13 26 1 0 1.000000
-0.410010 -1.484670 0 -2.788850 13.600800 198.772000 1640.120000 -13 27 1 0 1.000000
-1.132190 -0.448953 0 11.488500 4.547260 201.150000 1639.860000 -13 28 1 0 1.000000
-2.424680 -1.329340 0 -17.493600 10.649600 208.919000 1640.020000 -13 29 1 0 1.000000
-1.375950 1.307650 0 -4.812410 -12.151200 209.812000 1639.770000 -13 30 1 0 1.000000
2.286010 0.196747 0 19.431400 3.469160 204.371000 1639.970000 -13 31 1 0 1.000000
-4.602480 -0.514174 0 15.815500 -4.730780 213.980000 1640.030000 -13 32 1 0 1.000000
1.376030 -2.542540 0 8.135200 21.328700 197.547000 1640.050000 -13 33 1 0 1.000000
-1.996650 -2.989400 0 22.178200 0.287495 206.883000 1639.870000 -13 34 1 0 1.000000
-4.426980 -3.712920 0 6.365710 -7.142670 200.068000 1639.880000 -13 35 1 0 1.000000
-0.181552 2.445380 0 -6.568800 -9.480100 193.291000 1640.050000 -13 36 1 0 1.000000
-2.016060 -7.410830 0 21.562500 -10.714400 218.814000 1640.060000 -13 37 1 0 1.000000
-5.291950 2.530050 0 -15.637400 4.701890 203.346000 1640.030000 -13 38 1 0 1.000000
2.361040 -1.345560 0 -3.339100 -3.187970 208.678000 1639.820000 -13 39 1 0 1.000000
-1.645440 -1.895310 0 -8.862120 -7.735020 199.653000 1639.950000 -13 40 1 0 1.000000
-1.706990 0.194384 0 -11.350500 8.466660 189.143000 1639.880000 -13 41 1 0 1.000000
2.010300 -5.127180 0 11.886200 1.240240 202.059000 1639.900000 -13 42 1 0 1.000000
6.823720 -2.771480 0 -22.620500 -0.084789 201.799000 1639.870000 -13 43 1 0 1.000000
1.579000 -0.939409 0 1.506760 23.280200 183.440000 1640.000000 -13 44 1 0 1.000000
-1.496380 0.931975 0 -8.130510 -5.699620 206.600000 1639.900000 -13 45 1 0 1.000000
-0.772317 2.891870 0 1.464040 -16.838100 205.194000 1639.860000 -13 46 1 0 1.000000
-4.311840 -3.580860 0 -24.057400 -6.568160 212.760000 1639.890000 -13 47 1 0 1.000000
2.952730 -0.904678 0 -20.969100 3.629850 210.030000 1640.040000 -13 48 1 0 1.000000
-5.904610 -2.830100 0 -4.899820 -0.293767 198.526000 1639.840000 -13 49 1 0 1.000000
-1.387080 0.975580 0 6.827020 -1.056680 201.049000 1639.870000 -13 50 1 0 1.000000
1.327410 -0.331748 0 17.410600 -2.387200 196.792000 1639.720000 -13 51 1 0 1.000000
1.368200 0.177348 0 -6.743390 2.298980 208.332000 1640.000000 -13 52 1 0 1.000000
3.092250 0.028871 0 -2.553580 8.831410 188.107000 1639.830000 -13 53 1 0 1.000000
-0.484063 3.432160 0 -34.210900 5.339910 207.727000 1640.030000 -13 54 1 0 1.000000
-0.361560 -0.734646 0 -1.712520 0.260809 192.009000 1639.870000 -13 55 1 0 1.000000
3.956530 -3.244450 0 12.092700 4.624530 212.048000 1639.900000 -13 56 1 0 1.000000
-0.598904 -3.714730 0 10.405600 13.777800 200.589000 1639.890000 -13 57 1 0 1.000000
3.744530 -3.854890 0 14.085400 11.348200 207.005000 1640.050000 -13 58 1 0 1.000000
-0.857745 -0.943155 0 -5.582910 -2.639570 192.837000 1639.920000 -13 59 1 0 1.000000
-3.336320 -3.508880 0 17.003900 -14.197500 188.402000 1639.890000 -13 60 1 0 1.000000
-2.132410 -2.358160 0 6.999520 -8.245960 199.447000 1639.790000 -13 61 1 0 1.000000
-0.237437 0.075250 0 8.099380 11.305900 204.511000 1639.900000 -13 62 1 0 1.000000
0.005321 -3.012290 0 -17.561400 1.970820 192.496000 1639.880000 -13 63 1 0 1.000000
-3.667240 1.506900 0 8.387540 -1.694300 206.000000 1639.980000 -13 64 1 0 1.000000
0.386076 -2.290150 0 -7.846300 6.763920 191.209000 1640.020000 -13 65 1 0 1.000000
-0.238245 -2.135140 0 10.756000 13.687300 199.851000 1639.750000 -13 66 1 0 1.000000
-0.032022 0.497450 0 5.473630 -34.485400 191.719000 1640.120000 -13 67 1 0 1.000000
-3.776960 -7.244930 0 4.682740 -0.435668 199.954000 1639.880000 -13 68 1 0 1.000000
-1.748330 -5.305840 0 4.389420 25.431700 203.875000 1640.030000 -13 69 1 0 1.000000
-0.476317 -2.010190 0 -1.025120 -6.426510 201.707000 1639.920000 -13 70 1 0 1.000000
2.517510 1.606180 0 19.536200 -5.690390 195.929000 1639.910000 -13 71 1 0 1.000000
-0.600798 -1.917250 0 10.642400 -11.266500 190.137000 1639.920000 -13 72 1 0 1.000000
2.731270 0.822919 0 8.350720 -11.345900 202.423000 1640.020000 -13 73 1 0 1.000000
-2.728650 1.498970 0 -0.812178 0.035650 193.372000 1639.840000 -13 74 1 0 1.000000
1.347390 -4.265950 0 5.970230 23.496200 211.904000 1640.050000 -13 75 1 0 1.000000
-0.767565 0.829320 0 -1.256010 16.582900 191.059000 1640.020000 -13 76 1 0 1.000000
-0.452357 -4.691080 0 -30.789300 -7.549020 202.971000 1639.850000 -13 77 1 0 1.000000
-3.367690 -5.735740 0 -6.952780 -1.741250 207.265000 1640.070000 -13 78 1 0 1.000000
1.158390 0.338506 0 -12.218600 12.687800 198.832000 1639.910000 -13 79 1 0 1.000000
2.681410 2.909250 0 -9.542240 -0.638427 211.948000 1639.920000 -13 80 1 0 1.000000
-3.292150 -2.574220 0 6.565150 0.915453 200.725000 1639.820000 -13 81 1 0 1.000000
-2.057300 -1.874120 0 -3.922880 -5.076600 207.427000 1639.780000 -13 82 1 0 1.000000
-1.086570 -3.314470 0 -25.192200 0.799056 197.804000 1640.000000 -13 83 1 0 1.000000
-1.134060 -4.774340 0 -13.158700 23.416400 198.858000 1639.830000 -13 84 1 0 1.000000
-0.888492 -0.238403 0 -4.369610 8.178520 192.802000 1639.940000 -13 85 1 0 1.000000
-2.846220 -1.809620 0 6.669520 17.840400 201.459000 1639.960000 -13 86 1 0 1.000000
-0.887220 -2.611030 0 3.030710 -7.775000 197.699000 1640.030000 -13 87 1 0 1.000000
-0.817707 -2.310650 0 -8.093160 25.305800 191.449000 1639.840000 -13 88 1 0 1.000000
-2.165500 0.504629 0 -4.042970 5.645630 195.596000 1639.810000 -13 89 1 0 1.000000
-0.447199 -2.259060 0 -7.811350 -30.592900 206.959000 1639.880000 -13 90 1 0 1.000000
-1.952760 -0.922931 0 -2.650690 -0.266667 217.934000 1639.900000 -13 91 1 0 1.000000
-3.718010 -6.261580 0 11.083300 2.941950 208.109000 1639.860000 -13 92 1 0 1.000000
-2.629500 -2.092960 0 -5.236790 -23.889200 204.273000 1640.020000 -13 93 1 0 1.000000
-0.260991 0.738396 0 4.501580 -1.301440 199.039000 1639.930000 -13 94 1 0 1.000000
-2.517970 -1.061740 0 -6.251880 19.354900 198.647000 1639.950000 -13 95 1 0 1.000000
-1.349530 2.353620 0 12.998100 -25.514800 200.201000 1639.910000 -13 96 1 0 1.000000
-0.291547 -3.151480 0 -6.172470 5.531780 189.471000 1640.090000 -13 97 1 0 1.000000
-0.698134 -4.393960 0 -14.950400 -9.952600 197.541000 1639.770000 -13 98 1 0 1.000000
-0.813437 -1.216850 0 -7.701860 15.342800 191.038000 1639.920000 -13 99 1 0 1.000000
-4.139990 -2.212010 0 -6.217240 1.145950 192.194000 1640.090000 -13 100 1 0 1.000000
-1.012480 -3.974300 0 7.007110 6.726820 209.917000 1639.890000 -13 101 1 0 1.000000
0.757282 0.418726 0 -15.251300 -9.494670 201.826000 1639.950000 -13 102 1 0 1.000000
-3.126080 -1.898870 0 -4.943050 2.605440 195.383000 1640.010000 -13 103 1 0 1.000000
-2.895180 -0.926627 0 -1.532690 -19.684400 185.590000 1639.950000 -13 104 1 0 1.000000
1.464320 3.034450 0 -5.906960 -5.441290 215.013000 1639.810000 -13 105 1 0 1.000000
-0.365199 -2.106840 0 -6.118430 -1.344560 198.780000 1639.900000 -13 106 1 0 1.000000
-2.487390 0.185220 0 -3.655440 -10.566000 211.483000 1639.990000 -13 107 1 0 1.000000
-4.908580 -2.175310 0 -1.226730 -6.774380 189.417000 1640.070000 -13 108 1 0 1.000000
-4.651300 -5.184700 0 -8.737590 0.649942 203.850000 1639.860000 -13 109 1 0 1.000000
0.185702 -2.362540 0 -1.501500 -5.671760 195.056000 1639.910000 -13 110 1 0 1.000000
-2.361250 1.785020 0 11.725400 -18.466800 197.282000 1639.990000 -13 111 1 0 1.000000
-3.226290 -0.450706 0 -9.523730 -1.266860 207.174000 1639.880000 -13 112 1 0 1.000000
-1.895880 -2.892130 0 -23.479100 20.187200 222.109000 1639.930000 -13 113 1 0 1.000000
1.878450 -3.360990 0 -4.395470 -14.673200 204.785000 1640.100000 -13 114 1 0 1.000000
-0.734702 0.500398 0 -6.869220 -18.613600 217.177000 1640.000000 -13 115 1 0 1.000000
-7.988480 -1.274310 0 11.203300 -20.365700 200.676000 1639.930000 -13 116 1 0 1.000000
1.692460 0.698297 0 -8.525050 2.483310 202.430000 1639.800000 -13 117 1 0 1.000000
-0.052345 -3.572980 0 0.307117 0.991203 194.170000 1639.970000 -13 118 1 0 1.000000
-0.899304 1.370160 0 -12.599600 6.218120 197.207000 1639.940000 -13 119 1 0 1.000000
-0.988401 -5.516760 0 6.903440 4.949670 209.176000 1639.960000 -13 120 1 0 1.000000
-0.886001 0.269820 0 11.065200 0.305129 209.595000 1639.870000 -13 121 1 0 1.000000
-1.155010 0.782271 0 -0.049628 19.162100 195.182000 1640.060000 -13 122 1 0 1.000000
-6.863320 -6.607340 0 -21.621100 -3.142390 201.500000 1639.800000 -13 123 1 0 1.000000
1.962850 0.993920 0 0.981605 5.103040 193.738000 1639.850000 -13 124 1 0 1.000000
0.517145 3.680660 0 11.517300 -1.739360 192.023000 1639.800000 -13 125 1 0 1.000000
-1.445880 -3.058260 0 3.876740 9.051290 201.747000 1640.110000 -13 126 1 0 1.000000
-0.531467 1.235000 0 -6.763400 -12.886700 186.302000 1640.030000 -13 127 1 0 1.000000
-0.310056 -0.151409 0 1.710530 7.477200 188.643000 1639.970000 -13 128 1 0 1.000000
0.282839 -2.383800 0 13.562600 1.637620 201.881000 1639.890000 -13 129 1 0 1.000000
-1.291450 -4.222340 0 -27.300600 -13.213300 214.292000 1639.980000 -13 130 1 0 1.000000
-3.007380 -1.961860 0 6.606860 -9.151680 189.976000 1639.920000 -13 131 1 0 1.000000
-2.417600 -0.370095 0 -7.023440 -2.454310 211.660000 1639.940000 -13 132 1 0 1.000000
-0.889095 0.986045 0 1.110980 -2.235790 204.551000 1639.790000 -13 133 1 0 1.000000
0.018485 -3.879720 0 -5.516950 15.242900 186.286000 1639.880000 -13 134 1 0 1.000000
-2.865110 -3.250220 0 -1.293790 -4.330330 192.933000 1639.830000 -13 135 1 0 1.000000
3.059200 1.253280 0 -23.557800 20.988100 192.048000 1639.990000 -13 136 1 0 1.000000
-0.792856 -2.454740 0 12.992900 11.175200 186.075000 1639.970000 -13 137 1 0 1.000000
-1.411120 0.847592 0 -8.003440 11.849100 198.045000 1639.970000 -13 138 1 0 1.000000
0.307501 -0.540097 0 16.996300 -0.974004 197.613000 1639.910000 -13 139 1 0 1.000000
0.138294 -2.385940 0 11.672400 -18.060100 196.102000 1640.050000 -13 140 1 0 1.000000
-2.040350 -2.047870 0 7.308190 -8.426290 196.150000 1639.760000 -13 141 1 0 1.000000
2.403920 -2.603560 0 3.204770 -4.473130 188.160000 1639.870000 -13 142 1 0 1.000000
-1.049100 -2.752710 0 -0.527040 6.424850 198.214000 1639.840000 -13 143 1 0 1.000000
1.002450 -3.047360 0 -2.358400 7.865190 207.967000 1639.830000 -13 144 1 0 1.000000
-2.860250 -1.538420 0 6.094560 -8.112240 202.744000 1639.990000 -13 145 1 0 1.000000
-0.317618 -3.685690 0 2.643350 20.218700 203.244000 1639.930000 -13 146 1 0 1.000000
0.018525 -2.797450 0 -3.194550 2.462150 189.815000 1640.060000 -13 147 1 0 1.000000
1.269160 -0.524778 0 -0.883022 4.001240 206.748000 1639.900000 -13 148 1 0 1.000000
-3.746430 0.773681 0 -4.795210 -8.380330 202.146000 1640.060000 -13 149 1 0 1.000000
-4.210770 -3.258420 0 5.687430 -7.100250 208.277000 1639.840000 -13 150 1 0 1.000000
-2.380960 -2.867190 0 -10.781300 1.153450 208.179000 1639.850000 -13 151 1 0 1.000000
1.389120 -4.337970 0 28.690700 -9.421350 218.571000 1639.870000 -13 152 1 0 1.000000
-2.301290 -5.159690 0 20.835600 -8.108390 203.950000 1639.820000 -13 153 1 0 1.000000
-0.287461 -4.083520 0 22.290300 -10.750700 191.995000 1639.910000 -13 154 1 0 1.000000
-6.441460 -0.803952 0 -15.632900 -11.934900 204.084000 1639.850000 -13 155 1 0 1.000000
1.036240 -2.216160 0 -4.217720 17.431200 214.337000 1639.890000 -13 156 1 0 1.000000
-1.132750 4.358210 0 -10.540700 -5.587190 215.519000 1640.060000 -13 157 1 0 1.000000
-0.678905 -3.113980 0 27.857600 -6.610570 207.570000 1639.950000 -13 158 1 0 1.000000
-4.677520 -1.364030 0 -4.849210 4.224670 202.676000 1639.950000 -13 159 1 0 1.000000
-5.258330 -0.846424 0 3.727990 -8.052250 206.411000 1639.940000 -13 160 1 0 1.000000
-1.844640 -5.304450 0 -21.503100 4.931530 201.116000 1639.930000 -13 161 1 0 1.000000
-1.092110 -1.852250 0 29.258800 9.064710 213.551000 1639.860000 -13 162 1 0 1.000000
-6.355310 -5.760090 0 -23.951400 -5.637470 201.814000 1639.910000 -13 163 1 0 1.000000
-2.944080 -2.668460 0 9.582590 -26.346800 205.360000 1639.800000 -13 164 1 0 1.000000
-1.101450 -4.122650 0 2.140460 -1.096370 208.981000 1639.960000 -13 165 1 0 1.000000
-2.730730 -0.286333 0 3.089640 -2.307860 198.254000 1639.940000 -13 166 1 0 1.000000
-2.656100 1.864480 0 -3.171080 -14.760500 192.422000 1639.840000 -13 167 1 0 1.000000
1.012280 -2.773320 0 4.548950 9.139780 208.534000 1639.960000 -13 168 1 0 1.000000
-5.511660 -3.046470 0 7.791800 4.065560 193.358000 1640.020000 -13 169 1 0 1.000000
-0.224976 0.089541 0 -7.041760 2.037220 209.879000 1639.930000 -13 170 1 0 1.000000
-2.059420 -4.777980 0 -26.114200 6.117530 222.855000 1640.020000 -13 171 1 0 1.000000
-1.465770 -3.695380 0 -16.570600 3.165270 191.478000 1639.970000 -13 172 1 0 1.000000
-1.442090 -0.662075 0 20.187800 21.045800 210.466000 1640.030000 -13 173 1 0 1.000000
-1.382570 -0.288555 0 -1.679190 17.995400 189.989000 1639.900000 -13 174 1 0 1.000000
-1.246090 -1.238430 0 -5.823710 -0.433943 193.658000 1639.910000 -13 175 1 0 1.000000
0.523541 -4.744990 0 8.562220 -4.545970 211.336000 1639.970000 -13 176 1 0 1.000000
-0.487187 -1.853970 0 10.858500 4.221470 216.891000 1639.900000 -13 177 1 0 1.000000
-5.037260 -3.407540 0 -9.349340 -23.006600 198.301000 1639.820000 -13 178 1 0 1.000000
1.391890 -0.516458 0 5.410870 -17.370400 196.819000 1639.980000 -13 179 1 0 1.000000
-2.610720 2.154520 0 1.753170 2.196940 210.259000 1639.970000 -13 180 1 0 1.000000
-7.691070 -3.246900 0 -6.193820 7.608390 210.917000 1639.980000 -13 181 1 0 1.000000
-5.658860 -5.545570 0 7.474550 -9.480680 213.567000 1639.980000 -13 182 1 0 1.000000
-1.796610 -3.110490 0 2.676320 -4.361630 191.144000 1639.970000 -13 183 1 0 1.000000
-0.834158 -5.771570 0 -16.157800 3.346900 203.805000 1639.890000 -13 184 1 0 1.000000
-2.130810 -2.904370 0 2.310390 3.732220 221.144000 1639.910000 -13 185 1 0 1.000000
-2.019300 -0.729706 0 12.960200 11.312300 198.309000 1639.760000 -13 186 1 0 1.000000
-0.842966 -0.430460 0 -16.290000 19.880700 193.203000 1639.970000 -13 187 1 0 1.000000
-3.124690 -1.931840 0 -9.299510 13.982300 209.786000 1639.940000 -13 188 1 0 1.000000
-0.544733 -2.851230 0 -14.277900 5.939250 215.199000 1639.980000 -13 189 1 0 1.000000
-3.806020 0.037960 0 25.107900 8.146790 210.133000 1639.980000 -13 190 1 0 1.000000
-5.249830 -5.059750 0 9.085530 -1.859990 200.251000 1639.960000 -13 191 1 0 1.000000
-0.938792 -5.488500 0 9.376210 -23.770600 197.912000 1639.970000 -13 192 1 0 1.000000
1.665980 -2.749930 0 -6.477240 16.361500 207.790000 1639.950000 -13 193 1 0 1.000000
-2.384310 -2.956700 0 -4.953180 3.820920 206.545000 1639.840000 -13 194 1 0 1.000000
0.336037 -3.365570 0 10.153000 -1.034210 195.604000 1640.050000 -13 195 1 0 1.000000
1.698310 -2.027050 0 15.487700 -17.235300 201.385000 1639.930000 -13 196 1 0 1.000000
-2.237960 -1.352220 0 -6.375670 2.965430 217.473000 1639.890000 -13 197 1 0 1.000000
-0.253172 2.541840 0 -19.285700 -16.242300 212.382000 1639.960000 -13 198 1 0 1.000000
-0.202459 -3.743350 0 -28.157900 -13.245400 174.961000 1639.930000 -13 199 1 0 1.000000
-6.621640 1.487230 0 -3.563480 9.330050 193.690000 1639.840000 -13 200 1 0 1.000000
-1.545150 0.324366 0 -0.422671 -2.136420 204.949000 1639.990000 -13 201 1 0 1.000000
0.964708 1.334470 0 -8.389910 2.604530 210.960000 1639.930000 -13 202 1 0 1.000000
-3.603270 0.807326 0 -0.334674 4.442230 219.238000 1639.980000 -13 203 1 0 1.000000
-1.505230 -8.697650 0 9.261720 -3.393840 205.355000 1639.920000 -13 204 1 0 1.000000
1.431530 -1.167680 0 -13.195700 1.589830 198.595000 1639.970000 -13 205 1 0 1.000000
-2.062440 -0.946115 0 15.598200 -25.508600 216.368000 1639.970000 -13 206 1 0 1.000000
-3.809340 -4.449010 0 10.549000 -11.538500 209.407000 1639.950000 -13 207 1 0 1.000000
-0.797031 -2.003210 0 -24.651100 13.865200 208.965000 1639.810000 -13 208 1 0 1.000000
4.716160 -1.569690 0 -9.685710 -10.016400 206.147000 1639.940000 -13 209 1 0 1.000000
-3.708960 -1.444150 0 -2.027340 -3.888680 202.744000 1639.920000 -13 210 1 0 1.000000
2.998360 -2.409500 0 -10.188800 8.633050 205.306000 1640.100000 -13 211 1 0 1.000000
-5.748660 -2.131030 0 -6.263260 12.571300 190.613000 1639.950000 -13 212 1 0 1.000000
-0.929410 1.793440 0 14.128300 -28.138200 197.321000 1639.980000 -13 213 1 0 1.000000
-2.729920 -2.454670 0 -2.006790 7.213950 192.754000 1639.820000 -13 214 1 0 1.000000
-3.136940 -2.751220 0 -2.049950 -16.020500 194.996000 1639.900000 -13 215 1 0 1.000000
-1.740270 -1.994560 0 -6.126570 0.192613 198.939000 1639.980000 -13 216 1 0 1.000000
-3.134140 -3.937310 0 -13.828800 -5.378360 210.914000 1639.860000 -13 217 1 0 1.000000
0.067553 -3.013570 0 19.409000 2.133550 212.734000 1639.950000 -13 218 1 0 1.000000
0.411803 -1.381680 0 1.096910 4.085070 191.385000 1639.850000 -13 219 1 0 1.000000
-4.457020 -1.062850 0 3.955300 7.286090 215.291000 1639.920000 -13 220 1 0 1.000000
-4.462240 -0.280024 0 -2.083390 7.771620 207.735000 1639.830000 -13 221 1 0 1.000000
-1.226000 -0.749435 0 3.799260 3.191730 194.226000 1640.130000 -13 222 1 0 1.000000
-5.646500 -2.603520 0 3.897070 -14.384500 200.834000 1639.900000 -13 223 1 0 1.000000
-1.880130 0.602316 0 3.443840 23.550700 191.990000 1639.920000 -13 224 1 0 1.000000
0.867051 -2.658470 0 8.960300 4.505180 193.413000 1639.960000 -13 225 1 0 1.000000
-1.210840 2.133160 0 4.286200 14.541200 196.470000 1639.830000 -13 226 1 0 1.000000
-0.490036 -2.607760 0 -5.289070 -7.806640 206.489000 1639.770000 -13 227 1 0 1.000000
-0.912010 -0.169819 0 -4.787780 15.003800 212.922000 1639.930000 -13 228 1 0 1.000000
2.736210 2.447720 0 -21.185300 -5.316310 202.790000 1639.980000 -13 229 1 0 1.000000
-1.578550 -4.294040 0 18.033500 -1.136180 210.874000 1639.800000 -13 230 1 0 1.000000
-4.786490 -2.835050 0 -10.277200 6.792540 212.629000 1640.000000 -13 231 1 0 1.000000
-1.799420 -4.373750 0 -15.732500 -31.600100 212.551000 1639.890000 -13 232 1 0 1.000000
-3.918290 -1.816380 0 -3.854050 6.277850 215.516000 1640.010000 -13 233 1 0 1.000000
-2.008240 0.714303 0 -6.235120 -9.925450 199.348000 1639.870000 -13 234 1 0 1.000000
-3.975740 -2.127290 0 -4.841830 -10.440100 216.696000 1639.810000 -13 235 1 0 1.000000
-0.503360 0.597927 0 -17.530700 5.357190 197.010000 1639.870000 -13 236 1 0 1.000000
-0.060599 -0.435741 0 -10.800400 -3.422570 204.519000 1639.900000 -13 237 1 0 1.000000
0.800635 -2.916290 0 11.892600 -2.569560 203.772000 1639.840000 -13 238 1 0 1.000000
1.791410 -4.186960 0 -20.959000 3.940230 207.728000 1640.070000 -13 239 1 0 1.000000
-0.246868 -1.616110 0 -2.148190 11.603500 207.855000 1639.970000 -13 240 1 0 1.000000
-0.047522 -2.781020 0 -3.079940 15.353400 201.637000 1639.880000 -13 241 1 0 1.000000
1.201110 -1.885260 0 -9.739290 -6.690400 213.317000 1639.970000 -13 242 1 0 1.000000
1.307190 -0.674881 0 -10.638300 -23.848200 186.846000 1639.990000 -13 243 1 0 1.000000
-4.775350 -3.370660 0 22.376700 -14.488300 190.560000 1639.900000 -13 244 1 0 1.000000
-1.537070 -1.674640 0 31.503700 -15.647200 195.809000 1640.020000 -13 245 1 0 1.000000
0.321152 3.016750 0 7.868470 18.914900 203.479000 1639.990000 -13 246 1 0 1.000000
1.840320 0.053367 0 4.542520 -9.082920 193.124000 1639.940000 -13 247 1 0 1.000000
-1.558470 -4.583910 0 10.050000 -6.568880 207.075000 1640.050000 -13 248 1 0 1.000000
-0.059560 -1.856090 0 1.085730 -4.914470 190.558000 1640.140000 -13 249 1 0 1.000000
-0.017749 -3.265910 0 0.075242 24.375400 211.185000 1639.900000 -13 250 1 0 1.000000
-0.918587 4.319890 0 -24.288500 -17.559900 210.379000 1639.970000 -13 251 1 0 1.000000
-0.772963 -1.857880 0 5.683100 -11.130300 217.705000 1640.030000 -13 252 1 0 1.000000
-1.503720 -4.731690 0 -3.358520 1.107210 207.861000 1639.970000 -13 253 1 0 1.000000
-2.112280 -1.146160 0 5.604560 -9.659370 191.003000 1639.980000 -13 254 1 0 1.000000
-5.759170 4.073860 0 12.534900 -18.318700 198.272000 1640.050000 -13 255 1 0 1.000000
-3.216470 -4.376040 0 13.961400 -15.756800 215.376000 1639.830000 -13 256 1 0 1.000000
-1.367830 -0.920829 0 -14.273000 5.514770 195.811000 1639.800000 -13 257 1 0 1.000000
-5.492880 -1.713360 0 -9.313400 4.775770 205.229000 1640.040000 -13 258 1 0 1.000000
1.802320 -3.600880 0 -12.526800 -4.770470 198.183000 1640.040000 -13 259 1 0 1.000000
-0.842979 -1.942230 0 5.325590 -4.287480 207.092000 1639.890000 -13 260 1 0 1.000000
-5.875060 1.042440 0 4.149780 -22.537500 206.367000 1639.970000 -13 261 1 0 1.000000
-4.656440 -1.453210 0 7.065570 -0.996374 198.145000 1639.920000 -13 262 1 0 1.000000
2.983440 1.918360 0 -26.398800 -7.339820 205.312000 1640.010000 -13 263 1 0 1.000000
0.658166 -2.204310 0 9.837880 5.071830 199.119000 1639.910000 -13 264 1 0 1.000000
-1.070570 0.371751 0 -9.855950 -2.290470 207.621000 1640.050000 -13 265 1 0 1.000000
-2.481030 -3.378830 0 14.842000 -23.829800 191.287000 1639.880000 -13 266 1 0 1.000000
-1.674200 2.091450 0 -9.902930 -13.838300 195.014000 1639.910000 -13 267 1 0 1.000000
-0.115849 -0.815794 0 -2.980290 11.993800 199.677000 1639.950000 -13 268 1 0 1.000000
-2.046120 0.455749 0 10.342900 13.218700 204.942000 1639.920000 -13 269 1 0 1.000000
-1.643770 -3.298670 0 -2.127080 8.628000 186.108000 1639.920000 -13 270 1 0 1.000000
-4.462340 -6.121300 0 -4.966830 -6.410600 209.543000 1639.850000 -13 271 1 0 1.000000
0.044725 -0.495464 0 5.992820 -4.128680 207.568000 1639.780000 -13 272 1 0 1.000000
-2.147430 0.674923 0 25.651300 15.810000 199.335000 1639.870000 -13 273 1 0 1.000000
-2.515500 -2.550750 0 15.659100 -18.555500 209.607000 1639.940000 -13 274 1 0 1.000000
-1.771030 0.905311 0 12.254000 -5.865600 202.884000 1639.740000 -13 275 1 0 1.000000
-1.377870 -1.305570 0 -16.754300 -2.624100 200.804000 1639.910000 -13 276 1 0 1.000000
-1.589890 3.602270 0 9.902800 -27.255300 193.834000 1640.050000 -13 277 1 0 1.000000
-2.352300 -2.812250 0 -25.379500 -10.395300 225.229000 1639.940000 -13 278 1 0 1.000000
-1.672290 -3.547210 0 1.764280 -2.336840 205.932000 1639.980000 -13 279 1 0 1.000000
-3.413570 -2.934060 0 18.830700 4.342200 193.805000 1639.940000 -13 280 1 0 1.000000
-0.108035 -3.958620 0 2.268460 -12.599400 201.363000 1639.900000 -13 281 1 0 1.000000
-0.113779 -0.652528 0 -6.649500 4.234960 196.615000 1639.850000 -13 282 1 0 1.000000
-0.543045 -6.841750 0 3.303810 -1.704310 205.054000 1639.940000 -13 283 1 0 1.000000
-2.512940 -0.314457 0 15.744500 -6.893540 202.855000 1639.840000 -13 284 1 0 1.000000
3.147710 -1.107950 0 -29.779800 1.045380 199.800000 1639.890000 -13 285 1 0 1.000000
-2.279380 -4.228420 0 -9.843340 11.288100 210.759000 1639.940000 -13 286 1 0 1.000000
-5.779210 -2.418650 0 18.601100 -7.831990 204.650000 1639.870000 -13 287 1 0 1.000000
0.936143 0.917068 0 1.367300 16.320100 193.732000 1640.020000 -13 288 1 0 1.000000
-2.759520 -3.888430 0 -10.240200 -9.289970 201.023000 1639.910000 -13 289 1 0 1.000000
-1.196780 -2.964480 0 -5.171870 -14.610600 195.025000 1639.890000 -13 290 1 0 1.000000
-1.325730 -3.683820 0 1.163400 -10.273900 195.680000 1639.970000 -13 291 1 0 1.000000
0.399009 -4.028060 0 -0.780506 -15.722500 198.059000 1639.890000 -13 292 1 0 1.000000
-0.425823 -2.285690 0 7.206590 5.627810 204.580000 1639.850000 -13 293 1 0 1.000000
-3.814620 -4.893680 0 -5.117890 -6.847490 206.526000 1639.800000 -13 294 1 0 1.000000
0.116437 -2.557780 0 13.779800 12.133200 199.937000 1639.950000 -13 295 1 0 1.000000
-2.584840 -0.981890 0 -1.867140 13.393800 197.795000 1640.160000 -13 296 1 0 1.000000
-4.134460 4.012530 0 15.480300 7.913870 213.317000 1639.940000 -13 297 1 0 1.000000
-0.796110 -1.074800 0 6.335980 22.014200 194.651000 1639.920000 -13 298 1 0 1.000000
-0.636253 0.141441 0 4.952370 -1.020000 192.692000 1639.890000 -13 299 1 0 1.000000
1.278550 -2.898490 0 8.473030 2.001480 195.273000 1640.090000 -13 300 1 0 1.000000
-5.963490 -1.698240 0 -6.365340 9.744350 193.367000 1639.870000 -13 301 1 0 1.000000
0.953823 -2.188650 0 -0.063523 7.262320 211.452000 1639.780000 -13 302 1 0 1.000000
-0.720823 -6.679950 0 7.478590 10.907400 209.251000 1639.840000 -13 303 1 0 1.000000
-1.918620 -4.263400 0 -1.838810 -5.772460 204.498000 1639.840000 -13 304 1 0 1.000000
-1.321830 3.402070 0 -21.337500 0.221412 196.087000 1639.790000 -13 305 1 0 1.000000
-4.138890 -1.139410 0 -2.909850 2.590410 208.734000 1639.920000 -13 306 1 0 1.000000
1.052890 2.234840 0 -11.038800 -11.242200 208.431000 1640.070000 -13 307 1 0 1.000000
-1.528950 -5.563120 0 2.742270 -2.293360 196.950000 1639.950000 -13 308 1 0 1.000000
-6.835590 -0.773392 0 -5.532360 -14.735500 198.353000 1639.940000 -13 309 1 0 1.000000
-7.064450 -2.955940 0 -12.691900 12.119300 205.938000 1639.950000 -13 310 1 0 1.000000
-0.117053 -5.024860 0 -3.672040 -15.688600 202.211000 1639.810000 -13 311 1 0 1.000000
-5.379550 0.611714 0 -20.673100 -26.844600 200.337000 1639.840000 -13 312 1 0 1.000000
-1.585230 1.095170 0 -4.888210 10.062000 205.980000 1639.900000 -13 313 1 0 1.000000
-3.885840 -3.914980 0 11.566900 21.102700 200.655000 1640.030000 -13 314 1 0 1.000000
1.213720 1.089940 0 -24.461700 -11.190700 203.534000 1640.030000 -13 315 1 0 1.000000
-9.897960 -4.486860 0 -7.580260 2.851450 200.451000 1639.870000 -13 316 1 0 1.000000
-1.422240 -1.762370 0 1.046280 -5.020630 217.469000 1639.860000 -13 317 1 0 1.000000
-2.612030 -1.430040 0 -6.140160 2.144240 182.329000 1640.060000 -13 318 1 0 1.000000
-3.881560 -6.008510 0 -2.587050 -12.706800 217.632000 1640.030000 -13 319 1 0 1.000000
6.059600 -1.648250 0 13.719300 18.010400 199.035000 1639.940000 -13 320 1 0 1.000000
-0.910431 -2.719050 0 23.123400 13.069200 202.308000 1639.950000 -13 321 1 0 1.000000
-1.998510 1.497620 0 3.001860 20.209100 201.687000 1639.880000 -13 322 1 0 1.000000
2.205750 -0.314090 0 0.594949 -17.926700 203.671000 1639.920000 -13 323 1 0 1.000000
-3.294730 3.629460 0 -1.366970 4.907120 206.941000 1639.960000 -13 324 1 0 1.000000
-4.801810 -4.850150 0 -5.383220 0.394039 204.727000 1639.940000 -13 325 1 0 1.000000
-3.489910 2.026140 0 12.226600 -15.730800 216.692000 1639.980000 -13 326 1 0 1.000000
-2.985500 -4.263380 0 1.871490 -29.188600 202.411000 1639.860000 -13 327 1 0 1.000000
-1.021250 -3.001590 0 4.671240 7.787820 194.922000 1640.050000 -13 328 1 0 1.000000
-0.176572 -4.570710 0 22.331500 2.892570 187.557000 1639.890000 -13 329 1 0 1.000000
-1.164730 -3.724160 0 12.464800 3.293130 201.147000 1639.980000 -13 330 1 0 1.000000
-0.970477 -0.442487 0 -0.277522 9.111170 184.527000 1639.980000 -13 331 1 0 1.000000
-1.580990 4.570170 0 -5.057720 12.553600 206.827000 1640.130000 -13 332 1 0 1.000000
1.464820 -1.439200 0 9.310530 16.716100 207.902000 1639.880000 -13 333 1 0 1.000000
0.844247 -1.337250 0 4.941300 12.429000 200.969000 1639.840000 -13 334 1 0 1.000000
1.296620 -2.478940 0 22.531200 -10.616400 205.094000 1639.930000 -13 335 1 0 1.000000
0.694085 -3.207510 0 2.708150 -10.011600 205.453000 1639.920000 -13 336 1 0 1.000000
-1.756150 -0.038021 0 9.807630 0.481030 197.676000 1639.920000 -13 337 1 0 1.000000
-5.974390 -5.947840 0 -4.911030 -8.416520 207.096000 1639.970000 -13 338 1 0 1.000000
-0.049431 -1.441490 0 13.431700 2.236280 189.833000 1640.010000 -13 339 1 0 1.000000
0.804668 -1.834770 0 22.437600 3.048950 199.531000 1639.780000 -13 340 1 0 1.000000
-1.371040 -3.948950 0 -25.338500 21.689300 208.970000 1640.000000 -13 341 1 0 1.000000
-1.811540 2.828370 0 3.495420 5.656800 212.424000 1640.060000 -13 342 1 0 1.000000
-0.359729 -3.069960 0 5.276720 26.294400 197.266000 1639.950000 -13 343 1 0 1.000000
-2.567350 -5.821100 0 -9.551890 -4.848390 191.403000 1640.050000 -13 344 1 0 1.000000
-2.526240 -3.247790 0 8.743190 -12.245300 194.492000 1639.900000 -13 345 1 0 1.000000
1.283870 -4.295270 0 10.480200 13.785100 208.703000 1639.850000 -13 346 1 0 1.000000
-2.943480 0.516449 0 -10.664000 17.538000 201.741000 1639.990000 -13 347 1 0 1.000000
2.614400 -6.818260 0 -8.660010 12.178500 208.746000 1639.780000 -13 348 1 0 1.000000
-0.728806 -2.369530 0 -11.037600 12.807200 201.293000 1639.830000 -13 349 1 0 1.000000
-2.768940 -4.620860 0 -8.423330 -28.768600 197.707000 1639.860000 -13 350 1 0 1.000000
-5.047590 -0.272298 0 14.141900 -11.714100 185.175000 1639.890000 -13 351 1 0 1.000000
-2.158810 -4.071680 0 -6.093700 -8.400420 191.998000 1639.950000 -13 352 1 0 1.000000
1.153270 -3.363500 0 -4.574100 7.524520 175.553000 1639.960000 -13 353 1 0 1.000000
2.531580 -2.922030 0 -16.791400 1.467090 208.224000 1640.030000 -13 354 1 0 1.000000
-0.827203 0.094544 0 -19.423700 9.678580 194.690000 1640.030000 -13 355 1 0 1.000000
0.123081 -1.293980 0 9.056270 -4.392500 193.571000 1640.070000 -13 356 1 0 1.000000
1.002040 -1.508740 0 6.027810 -6.644520 199.539000 1640.090000 -13 357 1 0 1.000000
-0.740335 -3.046560 0 0.229853 6.804000 202.596000 1639.830000 -13 358 1 0 1.000000
0.524590 -3.557420 0 -11.215600 13.739600 212.486000 1640.000000 -13 359 1 0 1.000000
-3.888690 -5.102850 0 -1.694750 9.591830 213.258000 1639.940000 -13 360 1 0 1.000000
-2.291400 0.737048 0 -19.270700 8.087140 197.190000 1640.010000 -13 361 1 0 1.000000
-2.557550 -1.245570 0 -10.125500 -18.177600 190.207000 1639.990000 -13 362 1 0 1.000000
-0.560976 -7.072620 0 -1.288330 1.145050 197.551000 1639.960000 -13 363 1 0 1.000000
-3.691120 -0.126962 0 5.874190 -5.283940 206.767000 1639.860000 -13 364 1 0 1.000000
-3.676140 -3.113580 0 2.122130 4.310810 200.624000 1640.070000 -13 365 1 0 1.000000
1.762260 -2.206430 0 -13.076800 26.756300 218.751000 1639.920000 -13 366 1 0 1.000000
-3.235170 3.084100 0 -4.588530 -4.875730 198.165000 1639.810000 -13 367 1 0 1.000000
-1.953270 -1.576430 0 -3.614570 14.376200 204.027000 1640.020000 -13 368 1 0 1.000000
-1.166700 -6.981210 0 15.517100 -12.252200 205.155000 1639.890000 -13 369 1 0 1.000000
-4.717080 0.378844 0 1.153410 -4.147620 204.357000 1639.940000 -13 370 1 0 1.000000
2.204370 -4.271350 0 -9.434740 2.012210 203.844000 1639.840000 -13 371 1 0 1.000000
-3.367920 -0.003877 0 -10.381100 13.913300 204.256000 1639.850000 -13 372 1 0 1.000000
-3.242100 -4.914530 0 11.774200 -6.646180 195.326000 1639.890000 -13 373 1 0 1.000000
2.104670 -5.914370 0 -9.074630 13.212600 206.247000 1640.110000 -13 374 1 0 1.000000
-0.420180 -3.851730 0 -9.978250 17.336900 211.249000 1639.980000 -13 375 1 0 1.000000
1.009750 1.246930 0 -6.604070 0.806774 209.679000 1639.840000 -13 376 1 0 1.000000
-2.493140 -4.312090 0 32.732200 6.135770 213.231000 1640.010000 -13 377 1 0 1.000000
0.491762 -1.606730 0 3.911170 -4.598470 199.241000 1640.030000 -13 378 1 0 1.000000
-0.367589 -0.182236 0 11.105100 2.424580 198.176000 1639.820000 -13 379 1 0 1.000000
-0.506066 -1.968450 0 3.780330 0.590272 196.792000 1639.810000 -13 380 1 0 1.000000
-4.761830 -4.667750 0 0.055595 7.156560 188.646000 1639.830000 -13 381 1 0 1.000000
-0.217041 -1.229140 0 11.979800 13.469000 207.368000 1639.900000 -13 382 1 0 1.000000
-2.842940 -6.209360 0 3.629210 -14.263400 200.775000 1639.980000 -13 383 1 0 1.000000
0.145260 1.713330 0 26.519600 4.075810 206.383000 1639.830000 -13 384 1 0 1.000000
1.973850 4.021720 0 8.373940 3.889400 200.177000 1639.900000 -13 385 1 0 1.000000
3.288450 1.093670 0 -4.626910 -16.029600 200.193000 1639.980000 -13 386 1 0 1.000000
-4.036380 -1.926510 0 7.638400 -0.958413 205.765000 1639.900000 -13 387 1 0 1.000000
-0.604508 -2.319930 0 -6.110630 12.932600 191.571000 1639.900000 -13 388 1 0 1.000000
-2.457250 -4.377010 0 1.758270 15.690500 200.004000 1639.970000 -13 389 1 0 1.000000
-0.463162 -1.810100 0 7.495640 -7.910120 191.803000 1639.880000 -13 390 1 0 1.000000
-1.178240 -1.634270 0 -12.476000 19.266500 196.518000 1639.960000 -13 391 1 0 1.000000
-1.133040 -0.535529 0 2.014030 -11.459300 205.508000 1639.870000 -13 392 1 0 1.000000
0.052597 -0.493975 0 14.893600 -0.113346 190.772000 1639.890000 -13 393 1 0 1.000000
-3.260820 -4.855280 0 2.373360 16.689100 212.887000 1640.060000 -13 394 1 0 1.000000
0.989472 -3.638700 0 2.876390 0.645722 207.236000 1639.900000 -13 395 1 0 1.000000
-3.766760 -1.896190 0 -6.921990 5.180630 207.088000 1639.940000 -13 396 1 0 1.000000
-2.137250 -3.365740 0 17.343100 9.680370 199.350000 1639.820000 -13 397 1 0 1.000000
-4.758750 -1.973070 0 -23.821900 5.337010 206.337000 1639.810000 -13 398 1 0 1.000000
-0.880520 -2.660910 0 11.216600 12.771000 201.444000 1639.960000 -13 399 1 0 1.000000
-2.665970 0.299582 0 -10.762700 2.605110 188.051000 1639.830000 -13 400 1 0 1.000000
-3.887590 2.162150 0 6.017600 -9.640190 202.621000 1639.880000 -13 401 1 0 1.000000
0.009768 -1.068600 0 12.586100 -10.053600 206.557000 1639.870000 -13 402 1 0 1.000000
-3.200670 -3.147020 0 -22.020800 -27.578600 214.807000 1639.940000 -13 403 1 0 1.000000
0.454799 -3.084270 0 3.556540 8.480230 211.981000 1639.980000 -13 404 1 0 1.000000
1.527240 -1.251660 0 -18.577700 6.960240 201.045000 1640.000000 -13 405 1 0 1.000000
0.842089 -3.572130 0 0.364628 -3.280440 192.394000 1640.060000 -13 406 1 0 1.000000
-0.741597 0.798763 0 7.671420 -4.134940 194.925000 1640.010000 -13 407 1 0 1.000000
-3.766500 -4.198130 0 0.516727 -7.681760 207.084000 1639.890000 -13 408 1 0 1.000000
1.355060 -5.902550 0 -37.588500 -9.686630 201.072000 1639.970000 -13 409 1 0 1.000000
-1.138690 -4.754810 0 -6.272460 -10.264100 194.777000 1639.870000 -13 410 1 0 1.000000
-1.772140 -2.136790 0 -3.344080 -13.773200 206.793000 1639.950000 -13 411 1 0 1.000000
-0.174541 -1.264460 0 -4.761870 22.404700 197.110000 1639.880000 -13 412 1 0 1.000000
4.664470 -3.728780 0 4.772750 -9.404540 198.005000 1639.850000 -13 413 1 0 1.000000
3.677490 -2.694710 0 -7.309970 20.249000 194.608000 1639.880000 -13 414 1 0 1.000000
-1.970440 -6.280650 0 -8.790410 -23.776700 204.304000 1639.990000 -13 415 1 0 1.000000
-1.845430 0.953958 0 1.666640 6.672810 214.604000 1639.860000 -13 416 1 0 1.000000
-3.045810 -1.222620 0 -9.393470 -5.669740 203.022000 1639.930000 -13 417 1 0 1.000000
0.159204 -3.277270 0 6.986350 0.256433 190.859000 1639.990000 -13 418 1 0 1.000000
-1.443850 1.985260 0 1.657170 -3.964680 196.652000 1639.880000 -13 419 1 0 1.000000
-0.082455 -1.973940 0 2.720850 -11.102500 202.328000 1639.880000 -13 420 1 0 1.000000
1.171080 -2.503910 0 -13.914000 20.524100 203.359000 1639.880000 -13 421 1 0 1.000000
-2.076920 -2.206640 0 12.539000 -15.562400 203.530000 1639.850000 -13 422 1 0 1.000000
2.562910 -4.232060 0 -15.498200 2.997030 199.091000 1639.870000 -13 423 1 0 1.000000
-1.339970 0.878930 0 -2.190970 2.816690 205.868000 1639.900000 -13 424 1 0 1.000000
-3.218280 -0.555276 0 -12.139500 -19.498800 214.719000 1639.880000 -13 425 1 0 1.000000
6.231100 -3.710120 0 -15.151700 -8.874770 196.795000 1639.950000 -13 426 1 0 1.000000
-0.255459 1.761180 0 13.571900 10.933300 215.440000 1639.830000 -13 427 1 0 1.000000
0.575468 -5.901730 0 3.159360 -0.993562 201.302000 1639.860000 -13 428 1 0 1.000000
-4.247170 -5.515040 0 -19.703300 6.931810 213.541000 1639.920000 -13 429 1 0 1.000000
-1.176540 -0.777361 0 10.878900 -2.645680 191.817000 1639.910000 -13 430 1 0 1.000000
-5.487790 -3.352330 0 11.410600 0.937439 197.858000 1639.920000 -13 431 1 0 1.000000
-1.633550 -0.968273 0 -18.309900 -6.213070 191.225000 1639.880000 -13 432 1 0 1.000000
-1.746700 0.406607 0 34.242300 6.382030 206.657000 1639.940000 -13 433 1 0 1.000000
-5.419350 -0.333016 0 -6.757910 -19.140700 199.694000 1640.020000 -13 434 1 0 1.000000
0.181087 -0.958297 0 4.799930 -0.549753 207.259000 1639.970000 -13 435 1 0 1.000000
-1.759790 0.048207 0 -4.526070 -5.446640 196.097000 1640.040000 -13 436 1 0 1.000000
-1.307250 -0.230412 0 4.855400 10.350800 203.256000 1639.900000 -13 437 1 0 1.000000
-2.412000 -2.585150 0 -5.116230 -13.037300 202.484000 1639.790000 -13 438 1 0 1.000000
-3.359710 -3.192920 0 7.693510 -8.089070 194.354000 1640.030000 -13 439 1 0 1.000000
-1.444080 -6.176800 0 15.422900 0.856847 205.613000 1640.100000 -13 440 1 0 1.000000
-0.101994 -1.302790 0 -16.221200 -0.346994 196.124000 1639.850000 -13 441 1 0 1.000000
-1.712960 -2.347940 0 10.492700 13.202300 191.429000 1640.150000 -13 442 1 0 1.000000
-4.250300 -2.883160 0 17.730600 6.456940 207.119000 1640.050000 -13 443 1 0 1.000000
0.267295 -5.933630 0 -0.160314 -0.805087 204.578000 1640.110000 -13 444 1 0 1.000000
-1.979550 -6.023180 0 -1.998670 0.775516 196.310000 1639.850000 -13 445 1 0 1.000000
-1.009630 -2.846530 0 -4.791830 7.665860 202.716000 1639.900000 -13 446 1 0 1.000000
-4.390840 -4.239000 0 14.856900 10.482000 219.180000 1639.890000 -13 447 1 0 1.000000
-1.896570 -4.623690 0 -16.198400 16.129400 202.619000 1639.970000 -13 448 1 0 1.000000
-1.519880 -1.485300 0 -10.737200 12.827100 197.596000 1639.870000 -13 449 1 0 1.000000
-2.270890 -1.519400 0 -13.442300 -5.736890 201.457000 1639.860000 -13 450 1 0 1.000000
-1.019370 -0.084425 0 11.680500 -20.298500 202.194000 1639.860000 -13 451 1 0 1.000000
-2.063990 -4.090280 0 6.343460 8.290490 201.936000 1639.870000 -13 452 1 0 1.000000
-2.734370 -1.460970 0 -8.106610 5.933000 202.826000 1639.900000 -13 453 1 0 1.000000
-1.562180 -0.849623 0 -0.458630 23.955800 190.273000 1639.860000 -13 454 1 0 1.000000
-1.553340 -0.934610 0 4.355270 18.485700 206.957000 1639.830000 -13 455 1 0 1.000000
0.909290 -2.246060 0 -21.681300 -12.954600 197.695000 1639.920000 -13 456 1 0 1.000000
0.340459 -0.730604 0 -3.324870 10.335700 205.728000 1639.820000 -13 457 1 0 1.000000
-7.407120 2.415330 0 -0.974599 -4.999220 192.571000 1639.880000 -13 458 1 0 1.000000
0.569479 -2.012810 0 2.580300 4.124720 210.049000 1639.870000 -13 459 1 0 1.000000
0.810241 0.646970 0 5.160990 13.815200 189.816000 1639.920000 -13 460 1 0 1.000000
-3.381870 -0.800119 0 6.294850 -13.002400 206.778000 1640.040000 -13 461 1 0 1.000000
-1.460270 0.228948 0 -1.855720 -12.130400 210.500000 1639.950000 -13 462 1 0 1.000000
2.395750 -3.278680 0 -14.173100 23.113200 184.319000 1640.000000 -13 463 1 0 1.000000
5.104860 -0.074192 0 -11.260500 -2.823060 210.131000 1640.110000 -13 464 1 0 1.000000
-4.101210 -3.458310 0 -4.261610 0.584992 203.331000 1640.130000 -13 465 1 0 1.000000
-0.128352 -3.722370 0 -16.922400 9.320480 213.650000 1639.930000 -13 466 1 0 1.000000
-0.413831 -2.054910 0 -2.715160 26.148900 212.408000 1639.900000 -13 467 1 0 1.000000
-5.193760 -5.508550 0 2.016730 15.045900 196.368000 1639.830000 -13 468 1 0 1.000000
-0.576268 -2.067350 0 -0.364146 -1.126780 210.119000 1639.930000 -13 469 1 0 1.000000
0.443261 -2.813830 0 1.367380 -4.761350 207.557000 1640.060000 -13 470 1 0 1.000000
-2.231770 -3.709410 0 -12.702000 15.227400 200.943000 1639.790000 -13 471 1 0 1.000000
0.978783 -2.744040 0 9.835050 1.832480 218.397000 1639.880000 -13 472 1 0 1.000000
-3.603900 -2.447310 0 -12.343000 -17.676300 214.332000 1639.880000 -13 473 1 0 1.000000
-2.609240 -0.868211 0 -2.832870 -1.534630 206.067000 1639.940000 -13 474 1 0 1.000000
-0.971422 -0.866659 0 2.843360 -8.563150 210.230000 1639.990000 -13 475 1 0 1.000000
-2.504830 0.098594 0 -17.481200 9.334640 194.767000 1639.960000 -13 476 1 0 1.000000
-3.539260 -0.961868 0 3.441700 15.204800 193.715000 1639.930000 -13 477 1 0 1.000000
-0.939298 -5.375780 0 4.756430 29.981200 222.386000 1640.000000 -13 478 1 0 1.000000
-1.188310 2.029250 0 -1.791490 -8.354390 220.309000 1640.080000 -13 479 1 0 1.000000
-1.974350 -5.185840 0 17.508500 24.173900 207.211000 1639.880000 -13 480 1 0 1.000000
-1.707460 -4.617850 0 13.527200 10.476300 213.573000 1639.870000 -13 481 1 0 1.000000
1.579850 -3.075360 0 -13.457900 0.470314 193.706000 1639.850000 -13 482 1 0 1.000000
0.239904 1.349060 0 2.863630 -1.326910 215.985000 1640.000000 -13 483 1 0 1.000000
-2.399040 -2.663710 0 -16.881700 -21.698200 202.117000 1639.850000 -13 484 1 0 1.000000
-3.236730 -7.711620 0 -0.999974 -4.351910 218.015000 1639.870000 -13 485 1 0 1.000000
0.002923 -5.159270 0 -5.481930 10.268500 191.665000 1639.920000 -13 486 1 0 1.000000
-0.735962 0.534551 0 -9.821620 3.115570 208.236000 1639.830000 -13 487 1 0 1.000000
-1.322690 -2.653200 0 -0.144649 -9.241370 198.976000 1639.860000 -13 488 1 0 1.000000
-6.452620 -4.418280 0 1.674240 -18.433800 208.142000 1639.950000 -13 489 1 0 1.000000
-0.605804 -5.461150 0 12.220700 -9.794990 202.456000 1640.040000 -13 490 1 0 1.000000
0.367565 -2.154730 0 5.292490 -13.123800 205.273000 1640.100000 -13 491 1 0 1.000000
-2.745740 -0.283897 0 -7.507780 7.829000 203.972000 1639.810000 -13 492 1 0 1.000000
-1.882750 -1.878360 0 2.965480 -2.003430 203.303000 1639.950000 -13 493 1 0 1.000000
2.246590 1.962090 0 0.899434 8.709290 217.021000 1639.970000 -13 494 1 0 1.000000
-1.576290 0.751232 0 2.444470 -6.584320 203.105000 1639.870000 -13 495 1 0 1.000000
