#BLTrackFile solenoid_cooling_channel
#x y z Px Py Pz t PDGid EvNum TrkId Parent weight
-2.945990 -3.615020 0 0.000000 0.000000 203.000000 1209.830000 -13 1 1 0 1.000000
-4.531870 1.376380 0 5.115510 -5.736420 209.437000 1209.890000 -13 2 1 0 1.000000
-3.056300 -2.537990 0 11.782300 6.514630 202.528000 1209.870000 -13 3 1 0 1.000000
-4.556090 -5.144190 0 -11.161700 -7.319100 210.571000 1209.950000 -13 4 1 0 1.000000
-1.143340 -0.336162 0 -3.243970 -0.592649 200.774000 1209.870000 -13 5 1 0 1.000000
-6.781760 -17.207000 0 2.636270 -9.028380 189.466000 1209.870000 -13 6 1 0 1.000000
13.908100 -2.515440 0 -26.282300 1.621360 198.269000 1209.850000 -13 7 1 0 1.000000
-0.390070 -9.825520 0 5.223000 3.791740 204.449000 1209.780000 -13 8 1 0 1.000000
4.343610 -1.431820 0 -7.855740 -6.656330 199.339000 1209.740000 -13 9 1 0 1.000000
-11.951100 -0.077825 0 18.858200 19.257800 222.165000 1209.820000 -13 10 1 0 1.000000
-1.509890 -4.969780 0 -10.683500 -11.343900 189.212000 1209.920000 -13 11 1 0 1.000000
-0.057238 -6.748070 0 -26.768600 -1.019060 218.430000 1209.990000 -13 12 1 0 1.000000
-2.351940 -2.345570 0 -25.184700 -6.765580 210.551000 1209.810000 -13 13 1 0 1.000000
-5.184100 0.683222 0 2.969080 5.764100 204.391000 1209.870000 -13 14 1 0 1.000000
-7.176120 0.387505 0 -5.594830 1.809130 204.740000 1209.690000 -13 15 1 0 1.000000
-1.357760 -1.239860 0 -14.885200 6.109580 202.635000 1209.880000 -13 16 1 0 1.000000
-7.195180 3.231080 0 -22.617000 -13.655300 230.011000 1209.770000 -13 17 1 0 1.000000
-4.277550 4.013380 0 5.030180 -17.745300 191.170000 1209.780000 -13 18 1 0 1.000000
-9.220200 -6.275610 0 -6.553980 1.146140 208.895000 1209.860000 -13 19 1 0 1.000000
-3.545770 -4.837140 0 -4.780820 -2.289900 201.421000 1209.770000 -13 20 1 0 1.000000
-4.914100 -5.166720 0 2.724310 19.255900 218.599000 1209.810000 -13 21 1 0 1.000000
-4.862780 12.387700 0 8.326300 -12.737000 214.381000 1209.840000 -13 22 1 0 1.000000
5.253370 -17.688100 0 22.428000 5.922380 200.362000 1210.030000 -13 23 1 0 1.000000
-0.857999 -13.512300 0 -1.803620 6.690430 203.016000 1209.930000 -13 24 1 0 1.000000
-4.078820 6.565370 0 -9.303550 -0.877710 192.009000 1209.780000 -13 25 1 0 1.000000
-8.913410 -12.222900 0 -11.962000 12.639600 192.135000 1209.780000 -13 26 1 0 1.000000
-1.578160 -0.064700 0 -6.219360 -22.072500 216.169000 1209.630000 -13 27 1 0 1.000000
-16.509900 -1.782480 0 0.861217 -0.662895 218.044000 1209.810000 -13 28 1 0 1.000000
12.547200 -4.268600 0 -25.827700 1.296470 189.052000 1209.910000 -13 29 1 0 1.000000
-5.898130 -8.207140 0 9.821760 2.508700 218.064000 1209.920000 -13 30 1 0 1.000000
-8.260510 -4.175220 0 20.386800 0.247594 194.475000 1209.930000 -13 31 1 0 1.000000
8.895980 10.194600 0 -1.105630 -31.098300 211.134000 1209.740000 -13 32 1 0 1.000000
-6.941850 -12.204700 0 -9.379500 32.704200 222.537000 1209.970000 -13 33 1 0 1.000000
11.530900 -3.921770 0 23.802200 -20.578200 215.479000 1209.840000 -13 34 1 0 1.000000
-0.808606 3.786560 0 3.492390 0.341852 210.952000 1209.880000 -13 35 1 0 1.000000
2.293130 -3.830360 0 9.063480 2.767640 188.095000 1210.050000 -13 36 1 0 1.000000
7.793180 -10.080900 0 16.672600 9.158460 219.647000 1209.750000 -13 37 1 0 1.000000
2.568600 -2.853290 0 -13.656700 2.052480 199.218000 1209.810000 -13 38 1 0 1.000000
-3.138370 -8.447450 0 -10.683400 9.051950 197.200000 1209.830000 -13 39 1 0 1.000000
1.644120 -2.178410 0 21.749300 13.138700 217.735000 1209.760000 -13 40 1 0 1.000000
-3.874190 2.926150 0 4.910470 -7.363360 193.613000 1209.870000 -13 41 1 0 1.000000
-4.801970 -7.055420 0 -10.367300 15.673800 205.444000 1209.810000 -13 42 1 0 1.000000
2.544280 -6.291880 0 18.829900 -7.969580 195.346000 1209.740000 -13 43 1 0 1.000000
-12.279000 8.784010 0 -0.901160 9.721500 221.237000 1209.940000 -13 44 1 0 1.000000
-3.540760 2.100520 0 -6.332960 9.188580 188.899000 1209.980000 -13 45 1 0 1.000000
-6.369180 1.897560 0 -14.278000 20.511100 217.807000 1209.850000 -13 46 1 0 1.000000
-10.672100 -11.310500 0 -9.918520 -25.607500 198.576000 1209.920000 -13 47 1 0 1.000000
3.972920 -1.160080 0 7.257020 -8.283000 193.842000 1209.870000 -13 48 1 0 1.000000
-5.372980 5.967990 0 27.176400 2.951290 197.479000 1209.820000 -13 49 1 0 1.000000
3.809360 -4.269810 0 -5.338700 12.005000 198.209000 1209.860000 -13 50 1 0 1.000000
-3.357470 3.948340 0 6.983660 8.906440 202.668000 1209.730000 -13 51 1 0 1.000000
-8.322720 -7.578630 0 -12.312900 -10.285300 204.495000 1209.710000 -13 52 1 0 1.000000
-2.902420 -5.075870 0 16.569500 6.309990 206.556000 1209.730000 -13 53 1 0 1.000000
-0.110367 -5.733590 0 32.118200 -5.587700 216.697000 1209.840000 -13 54 1 0 1.000000
-3.951240 2.205780 0 4.141690 7.505690 200.658000 1209.780000 -13 55 1 0 1.000000
-7.859630 -7.075050 0 -6.689790 -23.894900 205.764000 1209.850000 -13 56 1 0 1.000000
0.032095 -10.029400 0 20.950100 -0.044116 207.860000 1209.900000 -13 57 1 0 1.000000
-1.736700 5.772770 0 6.156050 9.404970 206.541000 1209.710000 -13 58 1 0 1.000000
-2.758680 -2.397530 0 3.622340 -15.420000 202.148000 1209.760000 -13 59 1 0 1.000000
8.214430 -8.329550 0 13.701200 -18.920300 207.751000 1210.180000 -13 60 1 0 1.000000
-6.473270 -7.645290 0 6.736290 -2.457190 194.095000 1209.820000 -13 61 1 0 1.000000
-2.205490 1.105400 0 -15.928700 -29.979000 196.326000 1209.770000 -13 62 1 0 1.000000
-13.444700 -0.596819 0 7.523430 7.524170 215.275000 1209.910000 -13 63 1 0 1.000000
-3.125620 3.222160 0 6.617800 18.096300 199.295000 1209.940000 -13 64 1 0 1.000000
4.316130 0.013518 0 -16.638600 -16.261900 211.208000 1209.780000 -13 65 1 0 1.000000
-1.494290 -8.825890 0 -6.805870 6.046090 199.364000 1209.800000 -13 66 1 0 1.000000
2.097910 -5.842890 0 -8.831230 17.776300 213.817000 1209.730000 -13 67 1 0 1.000000
-3.406650 2.726890 0 11.231400 -18.746100 202.323000 1209.840000 -13 68 1 0 1.000000
-10.878900 -6.159090 0 10.685300 11.793700 212.464000 1209.770000 -13 69 1 0 1.000000
7.266790 7.826060 0 -19.556700 11.878400 199.944000 1209.860000 -13 70 1 0 1.000000
-0.121195 -9.724870 0 26.433700 9.024850 199.902000 1209.850000 -13 71 1 0 1.000000
-0.511886 -10.757700 0 1.713100 -2.140170 209.517000 1209.660000 -13 72 1 0 1.000000
-4.650470 -10.054900 0 -4.642030 11.553300 210.084000 1209.980000 -13 73 1 0 1.000000
-0.459235 0.126248 0 -11.784800 11.960300 211.700000 1209.830000 -13 74 1 0 1.000000
0.820035 -5.126430 0 -5.180630 9.127910 207.803000 1209.890000 -13 75 1 0 1.000000
-3.766150 6.822430 0 -12.066700 8.354620 235.463000 1209.900000 -13 76 1 0 1.000000
-13.902100 -4.983880 0 21.867500 39.257000 221.573000 1209.950000 -13 77 1 0 1.000000
-1.249430 -4.328530 0 3.174540 -0.071699 197.193000 1209.840000 -13 78 1 0 1.000000
6.204140 -9.965850 0 1.916560 -0.158492 202.818000 1209.840000 -13 79 1 0 1.000000
-14.415000 -5.282190 0 17.509500 15.962300 214.651000 1209.810000 -13 80 1 0 1.000000
-3.206890 -8.942930 0 -0.410453 -25.085800 204.490000 1209.890000 -13 81 1 0 1.000000
-0.096620 -5.677250 0 26.381900 -0.147446 199.362000 1209.930000 -13 82 1 0 1.000000
-1.183960 -4.501920 0 -7.382020 6.724040 217.941000 1209.910000 -13 83 1 0 1.000000
-0.079788 -5.210960 0 -5.326630 15.101100 205.292000 1209.860000 -13 84 1 0 1.000000
-2.080040 -6.502610 0 13.800900 15.585600 203.458000 1209.710000 -13 85 1 0 1.000000
-1.666620 0.720491 0 1.906890 -14.254600 205.290000 1210.010000 -13 86 1 0 1.000000
1.376470 -7.085750 0 -8.991420 7.330090 195.950000 1209.890000 -13 87 1 0 1.000000
2.970710 -5.709620 0 11.984200 12.216600 200.713000 1209.960000 -13 88 1 0 1.000000
-2.743380 -8.899960 0 22.843700 7.580170 206.265000 1209.830000 -13 89 1 0 1.000000
4.954300 -5.369330 0 10.286200 20.507700 148.444000 1211.070000 -13 90 1 0 1.000000
3.662080 -1.325380 0 16.301400 23.570900 199.953000 1209.970000 -13 91 1 0 1.000000
-11.963700 3.233720 0 44.639900 -13.536100 222.183000 1210.000000 -13 92 1 0 1.000000
-1.520370 6.955790 0 -5.252880 25.560800 214.887000 1209.640000 -13 93 1 0 1.000000
-7.797930 -4.370040 0 11.281300 -3.590820 207.591000 1209.850000 -13 94 1 0 1.000000
-6.576200 -1.786810 0 -33.046200 -21.911100 218.600000 1209.860000 -13 95 1 0 1.000000
-7.804970 4.159650 0 21.961300 -3.463910 219.656000 1209.900000 -13 96 1 0 1.000000
0.232018 -4.167110 0 -1.354190 -16.360700 203.729000 1209.840000 -13 97 1 0 1.000000
-12.585600 3.439910 0 12.133400 -15.008700 206.735000 1209.650000 -13 98 1 0 1.000000
-3.934820 1.141660 0 14.742700 1.364820 201.831000 1209.970000 -13 99 1 0 1.000000
-11.215500 -2.265770 0 -18.762600 -12.371600 213.148000 1209.760000 -13 100 1 0 1.000000
2.249520 -12.940300 0 -6.316160 10.551700 208.521000 1210.000000 -13 101 1 0 1.000000
0.998624 -5.586180 0 -22.666500 0.510308 180.325000 1209.890000 -13 102 1 0 1.000000
0.812332 -3.747810 0 1.834180 21.316400 202.968000 1209.900000 -13 103 1 0 1.000000
0.159160 1.046710 0 -6.761800 -7.170370 197.479000 1209.930000 -13 104 1 0 1.000000
-9.622160 -1.543870 0 20.026900 -22.362200 231.367000 1209.880000 -13 105 1 0 1.000000
-9.990630 -3.247330 0 -9.970010 4.285110 200.808000 1209.890000 -13 106 1 0 1.000000
5.282610 3.037410 0 -4.941650 -13.477700 207.621000 1210.160000 -13 107 1 0 1.000000
1.443440 -1.042230 0 10.133000 19.763400 192.600000 1209.700000 -13 108 1 0 1.000000
-1.087660 0.348218 0 -18.345500 14.804900 199.365000 1210.020000 -13 109 1 0 1.000000
-9.461120 5.806060 0 -5.661670 8.114010 208.343000 1209.680000 -13 110 1 0 1.000000
2.272240 -3.457240 0 -2.315200 -8.854030 201.167000 1210.080000 -13 111 1 0 1.000000
-0.903302 -9.784880 0 4.981210 6.688320 195.827000 1209.960000 -13 112 1 0 1.000000
-6.949680 0.785821 0 1.500390 -2.197290 204.070000 1210.070000 -13 113 1 0 1.000000
-11.833500 -4.137170 0 -17.126500 4.008840 204.931000 1209.830000 -13 114 1 0 1.000000
-0.592234 -0.404350 0 -2.684390 10.485700 204.559000 1209.790000 -13 115 1 0 1.000000
-5.299890 -4.837660 0 5.236170 -17.285200 186.093000 1209.810000 -13 116 1 0 1.000000
-2.848890 -7.932250 0 17.346800 -13.708900 216.992000 1209.960000 -13 117 1 0 1.000000
-12.081100 5.590070 0 6.168790 0.942216 223.221000 1209.840000 -13 118 1 0 1.000000
1.384480 -6.590300 0 -13.235200 20.126900 204.571000 1209.770000 -13 119 1 0 1.000000
-6.818950 3.359140 0 -18.019400 -1.874280 229.075000 1209.820000 -13 120 1 0 1.000000
-5.556090 -1.273560 0 18.231400 17.065800 192.873000 1209.960000 -13 121 1 0 1.000000
-9.051670 -0.388938 0 -4.957550 -19.768900 201.906000 1209.920000 -13 122 1 0 1.000000
-0.434437 -0.168143 0 -16.965600 1.862270 198.712000 1209.790000 -13 123 1 0 1.000000
-5.765990 -6.949410 0 -1.633330 9.339190 215.571000 1209.870000 -13 124 1 0 1.000000
-1.126290 -5.137450 0 26.106200 -17.629100 213.527000 1209.840000 -13 125 1 0 1.000000
-2.875870 -12.908100 0 4.297840 -1.590850 215.116000 1209.790000 -13 126 1 0 1.000000
-11.977500 3.138820 0 15.114400 1.132010 210.712000 1209.750000 -13 127 1 0 1.000000
-1.902600 5.352760 0 -0.518449 -9.124120 182.827000 1209.870000 -13 128 1 0 1.000000
19.910600 4.657810 0 -5.339500 9.783870 210.339000 1209.740000 -13 129 1 0 1.000000
-8.273330 -0.865618 0 3.474750 6.291630 219.647000 1209.790000 -13 130 1 0 1.000000
3.252220 -1.147730 0 -5.054020 8.782430 204.324000 1209.640000 -13 131 1 0 1.000000
-4.059390 -4.250810 0 -11.981500 0.957787 209.030000 1209.950000 -13 132 1 0 1.000000
-1.646050 7.669010 0 -4.109160 -4.594110 223.157000 1209.970000 -13 133 1 0 1.000000
-11.834400 -6.080340 0 2.286660 29.985200 215.395000 1209.870000 -13 134 1 0 1.000000
-5.903290 -3.967280 0 -5.726530 -4.648240 221.552000 1209.830000 -13 135 1 0 1.000000
-8.180270 -3.312520 0 18.752400 -13.232000 200.242000 1209.800000 -13 136 1 0 1.000000
-2.906010 -3.864870 0 -18.193000 -0.106117 205.600000 1210.070000 -13 137 1 0 1.000000
-6.835770 -0.613365 0 -4.565740 -2.861090 209.576000 1209.800000 -13 138 1 0 1.000000
-4.595550 -2.101460 0 -12.400200 -9.193050 208.959000 1209.920000 -13 139 1 0 1.000000
3.088220 -6.175460 0 0.372241 -1.663440 217.073000 1209.890000 -13 140 1 0 1.000000
-10.046200 -0.990339 0 -0.877665 -4.399130 220.934000 1209.910000 -13 141 1 0 1.000000
7.606650 0.612877 0 -20.666600 -19.884600 218.327000 1209.790000 -13 142 1 0 1.000000
-5.129900 -0.961298 0 17.607600 23.265900 203.429000 1209.690000 -13 143 1 0 1.000000
1.811840 -5.327830 0 5.664110 -22.593000 207.973000 1209.820000 -13 144 1 0 1.000000
-1.824030 -0.158158 0 4.881780 -15.356800 197.581000 1209.910000 -13 145 1 0 1.000000
3.137770 -1.679910 0 -1.424550 -6.366220 211.965000 1209.880000 -13 146 1 0 1.000000
1.158770 1.644710 0 -0.543829 9.685270 204.710000 1209.890000 -13 147 1 0 1.000000
0.293364 -6.811280 0 13.208600 -2.153130 195.868000 1209.760000 -13 148 1 0 1.000000
0.369373 -7.540450 0 1.726540 -3.061250 219.454000 1209.860000 -13 149 1 0 1.000000
4.562270 -9.418390 0 3.097170 13.096300 199.227000 1209.840000 -13 150 1 0 1.000000
-2.692670 -4.066020 0 -0.345554 18.872900 215.823000 1209.970000 -13 151 1 0 1.000000
-2.138330 -2.731600 0 3.136040 -8.106400 194.828000 1209.970000 -13 152 1 0 1.000000
-3.488910 -1.576240 0 -11.012500 -7.406190 200.206000 1209.800000 -13 153 1 0 1.000000
6.875560 -0.781240 0 3.113540 -1.171170 198.875000 1209.700000 -13 154 1 0 1.000000
-5.714290 -3.070230 0 6.130750 9.598990 218.246000 1209.900000 -13 155 1 0 1.000000
-4.347720 -16.006900 0 0.540739 -2.413530 200.305000 1209.930000 -13 156 1 0 1.000000
-2.781450 -10.784800 0 -11.853900 -18.345900 217.453000 1209.750000 -13 157 1 0 1.000000
-4.582810 -0.546751 0 4.811190 -9.560500 198.808000 1209.880000 -13 158 1 0 1.000000
-5.144960 1.761950 0 -15.188900 -15.906800 219.516000 1209.860000 -13 159 1 0 1.000000
-5.118800 -3.245100 0 3.161900 3.537270 204.065000 1209.930000 -13 160 1 0 1.000000
-5.848530 2.629290 0 -10.473800 -0.326448 203.333000 1209.770000 -13 161 1 0 1.000000
-4.183440 1.937860 0 19.844800 -7.511520 211.561000 1209.730000 -13 162 1 0 1.000000
1.990690 -0.593441 0 1.114900 -19.980200 207.453000 1209.930000 -13 163 1 0 1.000000
-2.107460 3.595280 0 41.050000 6.586660 206.696000 1209.780000 -13 164 1 0 1.000000
-2.192420 -10.674200 0 -6.447350 -5.405320 205.409000 1209.930000 -13 165 1 0 1.000000
-5.176160 8.634690 0 1.359590 -2.798140 202.876000 1209.730000 -13 166 1 0 1.000000
-14.977700 -3.375910 0 -1.558190 2.718490 195.261000 1209.990000 -13 167 1 0 1.000000
-8.254390 -19.483100 0 8.390700 -35.380700 207.615000 1209.780000 -13 168 1 0 1.000000
-9.171460 -3.393700 0 6.732180 -0.975597 201.128000 1209.700000 -13 169 1 0 1.000000
-5.382460 -9.161320 0 8.745890 6.416420 212.379000 1210.080000 -13 170 1 0 1.000000
-5.359100 -5.113050 0 -12.532300 20.160000 213.424000 1209.960000 -13 171 1 0 1.000000
-3.633740 1.239260 0 15.797800 -20.122600 211.388000 1209.850000 -13 172 1 0 1.000000
-18.788200 -5.883280 0 5.690980 -3.546440 211.750000 1209.750000 -13 173 1 0 1.000000
-6.313140 -7.138620 0 -19.432300 -0.987908 215.912000 1209.730000 -13 174 1 0 1.000000
6.074780 7.130090 0 18.634400 10.688200 217.514000 1209.690000 -13 175 1 0 1.000000
-11.328300 -7.733600 0 -3.835870 -8.659270 208.490000 1209.950000 -13 176 1 0 1.000000
8.584530 0.538782 0 23.074600 17.509200 194.900000 1209.830000 -13 177 1 0 1.000000
-0.614293 -10.445700 0 9.651410 -9.138380 200.500000 1209.870000 -13 178 1 0 1.000000
-1.866770 -14.063600 0 -1.168920 34.630700 207.684000 1209.860000 -13 179 1 0 1.000000
-3.323820 -5.559770 0 -3.820100 -4.422490 203.558000 1209.870000 -13 180 1 0 1.000000
-6.659080 -0.727185 0 -0.164042 -8.769310 208.514000 1209.810000 -13 181 1 0 1.000000
-1.167710 1.664780 0 7.903630 -2.911950 195.489000 1209.870000 -13 182 1 0 1.000000
1.062340 -2.217490 0 10.043400 -2.015310 196.388000 1209.880000 -13 183 1 0 1.000000
6.193900 -14.240500 0 -12.530600 16.982100 196.969000 1209.910000 -13 184 1 0 1.000000
0.251833 -1.371160 0 2.220730 4.538540 217.519000 1209.970000 -13 185 1 0 1.000000
-2.196410 1.370780 0 -7.272200 -5.963840 190.974000 1209.830000 -13 186 1 0 1.000000
3.078060 1.147910 0 25.839100 35.110500 190.340000 1209.640000 -13 187 1 0 1.000000
1.563130 -1.791860 0 -0.924634 -4.246850 203.181000 1209.760000 -13 188 1 0 1.000000
-13.831300 14.338600 0 6.677960 3.207110 226.203000 1210.130000 -13 189 1 0 1.000000
-8.185070 -2.193880 0 -7.260970 1.857430 201.317000 1210.010000 -13 190 1 0 1.000000
2.364390 3.343670 0 0.883032 -8.739930 188.169000 1209.890000 -13 191 1 0 1.000000
-5.373300 -1.539460 0 18.405100 -1.097290 203.822000 1209.920000 -13 192 1 0 1.000000
-4.817030 -11.968100 0 -0.770644 26.812200 223.350000 1209.730000 -13 193 1 0 1.000000
-8.843150 -3.360040 0 5.087070 -4.849170 209.985000 1209.840000 -13 194 1 0 1.000000
-1.861620 -2.430630 0 -17.779000 2.673670 196.427000 1209.870000 -13 195 1 0 1.000000
-8.097600 3.554230 0 3.048440 23.720200 222.206000 1209.790000 -13 196 1 0 1.000000
-8.603590 -9.388770 0 2.620430 5.121060 210.922000 1209.910000 -13 197 1 0 1.000000
2.488270 -2.234480 0 -3.051010 8.540840 212.264000 1209.860000 -13 198 1 0 1.000000
-12.845000 -6.066480 0 -29.233500 -1.658080 218.115000 1209.810000 -13 199 1 0 1.000000
-0.733580 0.131998 0 -9.086280 5.911920 200.228000 1209.800000 -13 200 1 0 1.000000
-13.621800 1.296180 0 -4.135500 9.257540 223.152000 1209.790000 -13 201 1 0 1.000000
-10.433100 -1.239350 0 10.181000 -10.774900 200.963000 1209.790000 -13 202 1 0 1.000000
-5.177260 0.793464 0 -8.804590 -10.569400 206.473000 1209.710000 -13 203 1 0 1.000000
-2.064630 -0.151425 0 -16.681900 0.906970 206.369000 1209.840000 -13 204 1 0 1.000000
-4.296010 -4.652490 0 9.889410 -1.615250 200.461000 1209.890000 -13 205 1 0 1.000000
-16.685600 5.033790 0 5.786090 2.602780 194.745000 1209.830000 -13 206 1 0 1.000000
-0.243337 -3.143860 0 14.578300 2.904600 192.809000 1209.840000 -13 207 1 0 1.000000
-9.410830 -13.416400 0 -9.384810 -5.763850 213.457000 1209.820000 -13 208 1 0 1.000000
-8.724240 -1.576080 0 10.829600 -12.789400 194.028000 1209.810000 -13 209 1 0 1.000000
-0.947622 -3.885450 0 0.388451 -3.110320 204.003000 1209.870000 -13 210 1 0 1.000000
-8.069740 1.515260 0 -1.180250 -3.766970 198.634000 1209.750000 -13 211 1 0 1.000000
1.453440 -0.599380 0 2.393420 -16.298500 203.051000 1210.010000 -13 212 1 0 1.000000
-0.234334 -9.092620 0 13.807300 17.860500 214.554000 1209.770000 -13 213 1 0 1.000000
-2.523830 -2.426030 0 26.238800 -1.642040 216.399000 1209.760000 -13 214 1 0 1.000000
-2.489280 -15.715700 0 -5.457440 -8.112640 218.783000 1209.830000 -13 215 1 0 1.000000
-9.693800 -11.021900 0 22.981500 2.298470 204.387000 1209.870000 -13 216 1 0 1.000000
0.338507 -8.584390 0 -14.414400 -11.095000 205.380000 1209.720000 -13 217 1 0 1.000000
-2.700550 -9.015330 0 -0.192664 -16.119200 217.297000 1209.870000 -13 218 1 0 1.000000
-0.444375 -4.158020 0 6.036510 -9.519520 199.766000 1209.830000 -13 219 1 0 1.000000
3.599310 1.473400 0 -26.694700 -3.447160 198.126000 1209.820000 -13 220 1 0 1.000000
-13.714300 -1.279650 0 -12.531900 13.005900 199.416000 1209.820000 -13 221 1 0 1.000000
-1.484810 -5.302790 0 7.115990 -12.664000 202.926000 1209.980000 -13 222 1 0 1.000000
-5.451860 3.494450 0 -0.332235 -1.171680 201.451000 1209.800000 -13 223 1 0 1.000000
-2.145320 -0.814981 0 4.699120 13.058400 199.607000 1209.810000 -13 224 1 0 1.000000
6.499590 -4.085670 0 -3.743350 16.605700 206.777000 1209.760000 -13 225 1 0 1.000000
-3.411590 -7.791410 0 7.111160 -1.677450 204.880000 1209.690000 -13 226 1 0 1.000000
3.530450 -4.099630 0 2.223140 12.162300 205.072000 1209.810000 -13 227 1 0 1.000000
11.947000 2.720880 0 3.709440 -0.459128 209.987000 1210.040000 -13 228 1 0 1.000000
-5.615010 -1.704800 0 -33.825700 -37.661400 239.851000 1209.890000 -13 229 1 0 1.000000
-12.924600 -2.718760 0 -11.961200 3.063500 199.841000 1209.870000 -13 230 1 0 1.000000
-3.590740 -0.854717 0 -10.750100 4.803670 193.558000 1209.720000 -13 231 1 0 1.000000
-6.353920 -5.154330 0 -6.599770 -24.980500 215.224000 1209.790000 -13 232 1 0 1.000000
-10.019000 -4.653090 0 -21.691500 -7.122350 216.841000 1209.680000 -13 233 1 0 1.000000
-6.777180 -6.427370 0 6.464060 32.296800 214.868000 1209.700000 -13 234 1 0 1.000000
-13.735500 -12.534400 0 25.905100 23.226800 232.957000 1209.830000 -13 235 1 0 1.000000
-7.662850 -1.275980 0 16.887700 14.295700 233.580000 1209.800000 -13 236 1 0 1.000000
-2.876670 -14.823200 0 -11.496100 13.634300 228.389000 1209.680000 -13 237 1 0 1.000000
-3.068690 -1.324390 0 18.027100 -6.173490 204.868000 1209.920000 -13 238 1 0 1.000000
-4.087170 -4.690170 0 7.782090 19.313500 188.371000 1209.870000 -13 239 1 0 1.000000
-1.013070 2.556000 0 16.750800 15.887800 202.208000 1209.760000 -13 240 1 0 1.000000
2.768490 -5.543070 0 3.073810 -2.843430 207.508000 1209.700000 -13 241 1 0 1.000000
-6.497920 5.477040 0 5.789400 -1.442850 192.206000 1209.680000 -13 242 1 0 1.000000
-6.049390 -2.747990 0 -8.883550 9.824350 215.953000 1209.860000 -13 243 1 0 1.000000
-8.653710 -6.513190 0 13.734000 2.920190 203.080000 1209.720000 -13 244 1 0 1.000000
6.695020 0.552353 0 2.068570 -5.581260 192.208000 1209.950000 -13 245 1 0 1.000000
-3.021230 -9.240950 0 42.230500 -31.265900 211.558000 1209.650000 -13 246 1 0 1.000000
-3.243450 -10.275500 0 -12.394300 -2.682330 205.627000 1209.920000 -13 247 1 0 1.000000
0.323092 -3.341570 0 -5.926020 -4.004360 199.069000 1209.750000 -13 248 1 0 1.000000
-11.897400 -11.655100 0 -3.582610 -17.909400 205.653000 1209.890000 -13 249 1 0 1.000000
-1.163670 -3.360890 0 -6.013800 15.510700 209.056000 1209.920000 -13 250 1 0 1.000000
-2.398060 -9.050270 0 4.221590 1.412000 191.814000 1209.880000 -13 251 1 0 1.000000
-10.412300 -6.756650 0 -10.893200 -6.789150 194.515000 1209.970000 -13 252 1 0 1.000000
2.506750 -9.186430 0 3.890660 19.862900 201.323000 1209.650000 -13 253 1 0 1.000000
0.519089 4.825090 0 11.514400 -9.099160 200.055000 1210.000000 -13 254 1 0 1.000000
-9.225200 -0.369741 0 3.719190 -8.664420 214.497000 1209.900000 -13 255 1 0 1.000000
-2.994990 -9.767980 0 10.221100 4.209440 209.557000 1209.830000 -13 256 1 0 1.000000
-0.676387 -6.142850 0 -3.634000 2.242400 198.196000 1209.900000 -13 257 1 0 1.000000
0.826519 -17.610000 0 -1.141850 10.682100 214.094000 1209.730000 -13 258 1 0 1.000000
-4.218000 -6.691720 0 11.240000 -4.825770 214.669000 1209.810000 -13 259 1 0 1.000000
-7.757730 -10.808500 0 0.581260 -7.357920 205.833000 1209.920000 -13 260 1 0 1.000000
-1.024430 -2.528210 0 5.572540 0.010575 197.439000 1210.070000 -13 261 1 0 1.000000
-13.292200 -0.910013 0 -6.078110 -13.433100 228.507000 1209.790000 -13 262 1 0 1.000000
-2.056090 -12.227700 0 -1.343300 -9.942550 201.118000 1209.640000 -13 263 1 0 1.000000
-3.369140 -2.934060 0 -0.439850 -3.563010 206.825000 1209.770000 -13 264 1 0 1.000000
-5.501280 5.415100 0 7.588380 -6.271520 199.473000 1210.050000 -13 265 1 0 1.000000
-5.914020 -2.048430 0 -1.748880 -11.094200 201.823000 1209.750000 -13 266 1 0 1.000000
-1.558180 -11.226100 0 -10.221500 24.051500 196.229000 1209.990000 -13 267 1 0 1.000000
7.873330 -2.561030 0 2.238950 8.690500 231.949000 1209.940000 -13 268 1 0 1.000000
-8.517010 1.159350 0 12.329900 11.918000 220.320000 1209.830000 -13 269 1 0 1.000000
0.435559 0.970159 0 -10.851900 -4.548300 214.476000 1209.850000 -13 270 1 0 1.000000
-0.253962 -8.344360 0 -4.164610 1.254840 195.299000 1209.860000 -13 271 1 0 1.000000
-3.173300 -5.101050 0 9.187470 -7.171620 204.905000 1209.760000 -13 272 1 0 1.000000
-4.763810 -0.620622 0 -3.098300 -20.161800 203.997000 1209.970000 -13 273 1 0 1.000000
-14.268400 0.196934 0 -13.437700 -7.042230 225.578000 1209.880000 -13 274 1 0 1.000000
-5.512720 -1.872360 0 5.786090 -21.162900 220.125000 1209.880000 -13 275 1 0 1.000000
-0.430315 -3.905670 0 -16.670500 -4.271040 205.054000 1209.830000 -13 276 1 0 1.000000
-3.320220 -5.663250 0 -2.292820 -31.088600 219.324000 1210.010000 -13 277 1 0 1.000000
-2.460420 -10.066600 0 -19.749300 -5.481370 193.129000 1209.760000 -13 278 1 0 1.000000
2.959680 -5.195970 0 5.224290 8.943880 213.432000 1209.900000 -13 279 1 0 1.000000
-11.516500 7.729010 0 -0.505572 -1.631190 217.463000 1209.940000 -13 280 1 0 1.000000
-0.017909 -0.730360 0 20.661500 -4.650720 184.142000 1209.880000 -13 281 1 0 1.000000
-1.687110 8.958750 0 18.934300 10.221800 199.992000 1209.640000 -13 282 1 0 1.000000
0.443217 -21.703700 0 -0.294095 8.803180 212.659000 1209.770000 -13 283 1 0 1.000000
-4.503160 -10.942200 0 -2.852060 6.120350 211.268000 1209.930000 -13 284 1 0 1.000000
5.127790 0.016408 0 -11.462300 -3.195830 207.366000 1209.840000 -13 285 1 0 1.000000
-0.819845 -12.692000 0 -4.411240 24.774900 221.612000 1209.830000 -13 286 1 0 1.000000
-1.979760 0.901083 0 0.613867 6.226380 205.140000 1210.000000 -13 287 1 0 1.000000
-5.562660 0.727049 0 -20.031600 2.944350 204.626000 1209.890000 -13 288 1 0 1.000000
3.704070 -13.254100 0 14.216900 6.002260 210.340000 1209.980000 -13 289 1 0 1.000000
-15.078400 -10.689600 0 10.271500 -38.033100 221.450000 1209.750000 -13 290 1 0 1.000000
-2.661720 5.122790 0 -12.981400 26.032900 205.555000 1209.750000 -13 291 1 0 1.000000
-3.155560 -8.001140 0 10.748900 -4.435300 211.707000 1209.880000 -13 292 1 0 1.000000
-11.720500 0.286609 0 14.234200 -17.468000 222.399000 1209.890000 -13 293 1 0 1.000000
-6.783440 -1.393010 0 -11.864700 -13.459800 209.274000 1209.960000 -13 294 1 0 1.000000
-1.161930 13.965800 0 -2.818790 -4.407470 197.899000 1209.870000 -13 295 1 0 1.000000
0.344394 -9.057950 0 -12.040600 -0.572231 184.813000 1209.910000 -13 296 1 0 1.000000
4.048030 -1.909010 0 13.624900 32.656300 188.844000 1209.910000 -13 297 1 0 1.000000
1.471640 -3.525320 0 4.270320 -23.980600 220.335000 1209.790000 -13 298 1 0 1.000000
-6.665010 -14.372400 0 -12.833600 -0.153940 216.111000 1209.680000 -13 299 1 0 1.000000
3.068770 -0.713266 0 16.921400 -20.552100 205.705000 1209.910000 -13 300 1 0 1.000000
0.104966 -4.690170 0 -6.605480 6.795460 201.526000 1210.050000 -13 301 1 0 1.000000
-8.050450 -2.649510 0 -1.320590 0.697640 194.342000 1209.810000 -13 302 1 0 1.000000
-9.561580 -2.454260 0 -1.511740 -1.462700 207.287000 1209.940000 -13 303 1 0 1.000000
-2.149550 2.854660 0 2.391280 -5.078810 195.083000 1209.890000 -13 304 1 0 1.000000
-9.659800 1.859730 0 15.430500 3.576920 214.323000 1209.740000 -13 305 1 0 1.000000
-4.184580 -5.656640 0 8.155870 -13.095500 204.212000 1209.890000 -13 306 1 0 1.000000
-6.368550 -0.576959 0 7.038170 1.900310 202.830000 1210.020000 -13 307 1 0 1.000000
-0.727767 -7.100460 0 -3.953120 2.201480 201.897000 1209.800000 -13 308 1 0 1.000000
-7.717980 -2.496850 0 12.595900 1.640810 207.108000 1209.960000 -13 309 1 0 1.000000
-1.871090 -5.441380 0 -4.902270 -4.375790 187.540000 1209.930000 -13 310 1 0 1.000000
1.946270 1.028960 0 -9.016330 23.881500 217.905000 1209.960000 -13 311 1 0 1.000000
0.402702 -8.314160 0 -29.720000 12.047300 205.814000 1209.980000 -13 312 1 0 1.000000
-1.228910 -2.449830 0 17.637000 -12.207100 217.967000 1209.930000 -13 313 1 0 1.000000
1.856000 -3.955980 0 13.948200 2.240520 206.554000 1209.780000 -13 314 1 0 1.000000
-3.200940 -5.138140 0 -12.843500 -6.570910 218.420000 1209.750000 -13 315 1 0 1.000000
-0.462441 -3.290390 0 1.280870 -0.857810 208.919000 1209.800000 -13 316 1 0 1.000000
-4.799360 -2.936020 0 6.255540 11.785000 221.337000 1209.710000 -13 317 1 0 1.000000
-2.554080 -8.515910 0 -7.991080 26.462000 193.075000 1209.750000 -13 318 1 0 1.000000
-2.509350 3.852970 0 14.863600 4.014500 207.478000 1209.860000 -13 319 1 0 1.000000
3.892170 -2.785260 0 -10.608300 -35.642100 210.296000 1209.890000 -13 320 1 0 1.000000
-14.776300 -0.019695 0 -0.462101 7.819960 187.316000 1209.970000 -13 321 1 0 1.000000
-11.901600 6.030400 0 -6.294830 -13.123600 212.405000 1209.920000 -13 322 1 0 1.000000
-5.055520 8.502630 0 -14.931700 14.938600 206.707000 1209.830000 -13 323 1 0 1.000000
5.027870 -6.650190 0 1.381750 -2.345060 195.596000 1209.840000 -13 324 1 0 1.000000
-3.188670 -4.774840 0 10.092400 1.086360 195.025000 1209.830000 -13 325 1 0 1.000000
2.005320 -0.769039 0 -18.221800 2.141460 199.468000 1209.690000 -13 326 1 0 1.000000
-2.330510 -3.322240 0 0.306575 -5.632360 214.978000 1209.740000 -13 327 1 0 1.000000
-3.478340 -2.123320 0 19.115700 -17.770800 200.170000 1209.800000 -13 328 1 0 1.000000
-1.070690 -5.425200 0 -12.147500 -3.946570 205.144000 1209.840000 -13 329 1 0 1.000000
-5.262780 6.416360 0 -2.566480 -19.451100 216.946000 1209.900000 -13 330 1 0 1.000000
-1.515770 -0.821266 0 7.025070 -3.802710 198.587000 1209.840000 -13 331 1 0 1.000000
-5.392900 -6.901820 0 1.670190 18.620200 203.687000 1209.900000 -13 332 1 0 1.000000
7.249750 -6.646260 0 16.976300 -4.845470 186.774000 1209.800000 -13 333 1 0 1.000000
-7.716750 -1.896280 0 7.071720 -15.198200 210.472000 1209.920000 -13 334 1 0 1.000000
-9.654160 -1.704780 0 -2.189010 -12.439500 217.956000 1209.880000 -13 335 1 0 1.000000
2.415790 -7.757670 0 12.751000 -5.228070 214.104000 1209.830000 -13 336 1 0 1.000000
-2.177380 -4.969440 0 26.461400 -1.572170 219.276000 1209.780000 -13 337 1 0 1.000000
-4.060240 -5.649850 0 1.627320 19.943200 206.885000 1209.780000 -13 338 1 0 1.000000
-3.159330 -9.779490 0 3.466600 19.306300 209.593000 1209.870000 -13 339 1 0 1.000000
-2.524330 -7.471220 0 32.945500 -27.287000 225.839000 1209.900000 -13 340 1 0 1.000000
-6.116350 -4.915270 0 -0.134105 -8.975950 208.536000 1210.030000 -13 341 1 0 1.000000
4.389810 -0.340073 0 -8.161780 -26.819800 225.427000 1210.150000 -13 342 1 0 1.000000
-2.382860 -4.533430 0 -16.072600 -1.108530 208.227000 1209.950000 -13 343 1 0 1.000000
-9.491200 -6.100000 0 -5.165820 -17.442400 204.979000 1209.970000 -13 344 1 0 1.000000
-10.634400 3.589950 0 5.697580 -9.309600 204.664000 1209.630000 -13 345 1 0 1.000000
-2.251580 2.587300 0 -2.191970 -2.419990 210.205000 1209.900000 -13 346 1 0 1.000000
1.740960 -17.163700 0 31.516100 5.686330 207.514000 1209.750000 -13 347 1 0 1.000000
5.127660 1.004750 0 -5.124090 -8.037350 203.232000 1209.930000 -13 348 1 0 1.000000
-7.669730 -2.065710 0 -5.922920 -1.120450 201.381000 1210.290000 -13 349 1 0 1.000000
-1.621810 -6.223380 0 5.092200 9.006780 217.640000 1209.840000 -13 350 1 0 1.000000
-9.141370 -11.031800 0 -8.563900 -9.458450 197.641000 1209.830000 -13 351 1 0 1.000000
-0.518790 -4.122630 0 19.078800 -19.212900 196.383000 1209.750000 -13 352 1 0 1.000000
-6.028860 -3.229280 0 25.375200 -7.942000 212.864000 1209.820000 -13 353 1 0 1.000000
-0.507861 0.326257 0 -9.334950 4.008790 216.787000 1209.820000 -13 354 1 0 1.000000
-9.661500 2.088450 0 4.705620 -3.967740 199.226000 1209.780000 -13 355 1 0 1.000000
-20.094700 8.041850 0 -19.639800 -7.401270 215.445000 1209.920000 -13 356 1 0 1.000000
3.158110 2.441000 0 -2.443860 4.017510 210.573000 1209.880000 -13 357 1 0 1.000000
0.640127 -2.514320 0 -22.700100 -13.205300 209.490000 1209.750000 -13 358 1 0 1.000000
-9.092850 2.005340 0 12.336100 -6.880530 202.127000 1209.900000 -13 359 1 0 1.000000
-2.962370 -8.172820 0 -7.627130 -3.813830 211.800000 1209.840000 -13 360 1 0 1.000000
-8.002110 -6.188980 0 -3.597560 -22.337100 211.155000 1209.790000 -13 361 1 0 1.000000
-13.595500 -0.376965 0 10.733000 -10.738000 203.416000 1209.890000 -13 362 1 0 1.000000
-2.775530 -5.711870 0 -13.043700 -12.818300 193.098000 1209.900000 -13 363 1 0 1.000000
-4.630650 -9.473410 0 -16.119700 -19.990000 198.896000 1209.980000 -13 364 1 0 1.000000
-4.960680 10.050500 0 0.181528 24.989000 200.814000 1209.730000 -13 365 1 0 1.000000
-11.686500 -1.831070 0 -28.507200 -12.699900 216.588000 1209.780000 -13 366 1 0 1.000000
6.638000 -9.870990 0 -1.801120 -14.277000 221.799000 1209.900000 -13 367 1 0 1.000000
-11.205900 1.209820 0 -5.090240 18.447600 220.507000 1209.940000 -13 368 1 0 1.000000
-1.887460 2.278180 0 6.972760 -4.557200 194.676000 1209.770000 -13 369 1 0 1.000000
-7.976760 -8.958360 0 -4.182510 16.574300 232.179000 1209.890000 -13 370 1 0 1.000000
-3.556830 4.071740 0 10.613700 -13.020200 208.457000 1209.820000 -13 371 1 0 1.000000
2.615540 7.240640 0 9.238860 44.435600 216.368000 1209.860000 -13 372 1 0 1.000000
-18.813000 1.395160 0 -17.710900 3.823550 219.871000 1209.850000 -13 373 1 0 1.000000
12.348900 -10.662700 0 9.560180 -0.352134 213.117000 1209.970000 -13 374 1 0 1.000000
-3.608940 -9.162670 0 -20.529300 13.157900 196.873000 1209.690000 -13 375 1 0 1.000000
-3.519900 2.220820 0 2.004890 9.255130 201.973000 1209.850000 -13 376 1 0 1.000000
-9.467660 -13.656500 0 -4.398850 1.211500 209.207000 1209.900000 -13 377 1 0 1.000000
-6.936940 -10.344900 0 -15.259000 22.980500 205.692000 1209.760000 -13 378 1 0 1.000000
-6.458250 -2.958450 0 -18.718200 7.652600 207.491000 1209.780000 -13 379 1 0 1.000000
6.507670 -7.899400 0 7.905170 -10.999700 215.334000 1209.910000 -13 380 1 0 1.000000
4.543860 -1.038050 0 -17.339400 -5.647560 203.992000 1209.900000 -13 381 1 0 1.000000
-0.776794 -8.736990 0 -3.581310 -20.693500 193.701000 1209.940000 -13 382 1 0 1.000000
-7.391640 4.279410 0 15.911500 1.794540 196.385000 1209.900000 -13 383 1 0 1.000000
8.791650 9.755740 0 -20.234200 8.239910 212.810000 1209.760000 -13 384 1 0 1.000000
0.090856 -14.237500 0 -11.045100 -2.455210 199.759000 1209.730000 -13 385 1 0 1.000000
-8.901940 0.548885 0 -1.945820 23.173300 226.472000 1209.900000 -13 386 1 0 1.000000
3.156320 -2.374810 0 -6.289620 -6.099940 188.413000 1209.700000 -13 387 1 0 1.000000
-0.488114 -1.513260 0 12.477000 -2.755730 194.219000 1209.910000 -13 388 1 0 1.000000
-1.104340 -0.308500 0 21.540300 10.919700 209.272000 1209.960000 -13 389 1 0 1.000000
3.857640 2.644790 0 11.661900 12.643900 218.745000 1209.870000 -13 390 1 0 1.000000
3.718910 -12.334200 0 -16.084700 0.114734 216.875000 1209.930000 -13 391 1 0 1.000000
0.479600 12.250700 0 14.101500 -18.068200 222.525000 1209.940000 -13 392 1 0 1.000000
-11.759300 3.185940 0 -8.456210 26.753800 229.809000 1209.770000 -13 393 1 0 1.000000
-1.451860 -2.031740 0 17.279100 -11.439200 198.985000 1210.070000 -13 394 1 0 1.000000
-0.553801 -3.774230 0 -2.999870 -1.374230 216.890000 1209.880000 -13 395 1 0 1.000000
-19.025400 -3.614130 0 -1.860770 2.100880 200.045000 1209.700000 -13 396 1 0 1.000000
-20.781200 1.645790 0 20.647900 10.603900 213.619000 1209.980000 -13 397 1 0 1.000000
-1.597910 -6.917590 0 -1.089470 3.380000 205.678000 1209.870000 -13 398 1 0 1.000000
-7.090640 6.315760 0 -0.459959 4.270150 218.920000 1209.870000 -13 399 1 0 1.000000
-6.206480 -1.744740 0 -9.554980 -4.752750 212.022000 1210.000000 -13 400 1 0 1.000000
-4.820430 -2.668570 0 15.087400 6.775590 199.239000 1209.810000 -13 401 1 0 1.000000
-1.941600 -1.087420 0 -4.926820 7.400450 210.464000 1209.780000 -13 402 1 0 1.000000
3.271830 3.558510 0 12.289400 -4.086790 217.760000 1209.970000 -13 403 1 0 1.000000
-8.599390 -1.363850 0 -17.682900 4.925510 222.093000 1209.890000 -13 404 1 0 1.000000
3.997620 -1.702800 0 -1.754280 6.579940 212.705000 1209.860000 -13 405 1 0 1.000000
-0.142910 3.904040 0 3.053700 -2.994450 208.650000 1209.840000 -13 406 1 0 1.000000
-7.446150 -4.946960 0 -5.938320 -14.802000 206.496000 1209.820000 -13 407 1 0 1.000000
-0.616700 -2.020740 0 12.344600 11.972600 213.253000 1209.830000 -13 408 1 0 1.000000
-18.515700 -7.481250 0 4.226900 -11.448700 207.604000 1209.930000 -13 409 1 0 1.000000
-8.278960 -9.284200 0 -1.870890 -12.779700 218.665000 1209.910000 -13 410 1 0 1.000000
9.550110 -4.933530 0 -9.701990 -15.077200 204.096000 1209.950000 -13 411 1 0 1.000000
-6.390830 -15.908200 0 8.635040 10.427400 210.943000 1209.910000 -13 412 1 0 1.000000
-1.257490 -13.214100 0 -32.007400 20.330300 208.437000 1209.750000 -13 413 1 0 1.000000
-3.607780 -4.943190 0 3.130830 -16.343700 221.596000 1209.830000 -13 414 1 0 1.000000
-9.073550 -7.637770 0 -0.941650 9.703340 228.035000 1209.850000 -13 415 1 0 1.000000
3.683750 -9.260960 0 18.414000 -11.615500 194.897000 1209.950000 -13 416 1 0 1.000000
-12.713800 -8.777540 0 -4.939620 0.708461 200.716000 1209.790000 -13 417 1 0 1.000000
5.716830 -0.619673 0 3.456130 7.351760 205.731000 1209.960000 -13 418 1 0 1.000000
-9.033210 5.148990 0 27.291100 -22.712300 227.921000 1209.880000 -13 419 1 0 1.000000
0.538827 -0.185672 0 21.544000 -9.902460 217.356000 1209.990000 -13 420 1 0 1.000000
-0.033638 -8.059200 0 0.655019 16.546400 197.342000 1209.730000 -13 421 1 0 1.000000
-8.067800 -2.719550 0 -7.850040 -11.159200 199.629000 1210.000000 -13 422 1 0 1.000000
-5.663750 -1.898060 0 -14.067200 -16.969900 190.696000 1209.890000 -13 423 1 0 1.000000
-3.053490 -3.218420 0 16.142000 10.178200 217.322000 1209.860000 -13 424 1 0 1.000000
-7.693340 2.178370 0 1.195240 -6.793610 193.603000 1209.900000 -13 425 1 0 1.000000
-3.152260 -7.159020 0 -2.554130 -3.004410 209.879000 1209.900000 -13 426 1 0 1.000000
-6.116640 -5.206130 0 -25.721400 24.850400 229.644000 1209.930000 -13 427 1 0 1.000000
7.927150 -7.957230 0 -22.891700 -17.498100 217.512000 1209.790000 -13 428 1 0 1.000000
4.262780 -4.848800 0 -21.244400 11.407600 215.608000 1209.710000 -13 429 1 0 1.000000
-3.563930 -15.580400 0 2.905880 -0.874473 204.582000 1209.890000 -13 430 1 0 1.000000
0.577077 -2.443910 0 -0.825085 4.828720 222.466000 1209.840000 -13 431 1 0 1.000000
0.402916 -3.792830 0 -14.289800 -10.355000 202.620000 1209.820000 -13 432 1 0 1.000000
8.436850 -10.017600 0 -23.943200 2.472340 202.637000 1209.840000 -13 433 1 0 1.000000
-9.660320 -12.040900 0 6.155000 7.112740 223.827000 1209.900000 -13 434 1 0 1.000000
-2.666440 -2.597230 0 -14.361100 -22.000600 223.484000 1209.690000 -13 435 1 0 1.000000
-5.783140 -2.334050 0 -5.701400 -13.358200 208.000000 1209.790000 -13 436 1 0 1.000000
-8.861580 2.162210 0 -7.460560 -4.443110 201.660000 1209.780000 -13 437 1 0 1.000000
-3.317410 0.863166 0 -20.742600 -13.912400 227.835000 1209.710000 -13 438 1 0 1.000000
-3.460040 -9.481700 0 -17.422600 -5.404180 218.261000 1209.690000 -13 439 1 0 1.000000
-2.449290 -7.488630 0 -4.863170 7.158840 194.131000 1209.970000 -13 440 1 0 1.000000
-0.079176 2.438540 0 26.400400 -13.125300 195.915000 1209.930000 -13 441 1 0 1.000000
-4.910960 -5.915820 0 -16.853800 -4.191440 224.515000 1209.720000 -13 442 1 0 1.000000
-2.655620 -0.793683 0 5.239760 -13.075300 209.496000 1209.880000 -13 443 1 0 1.000000
-7.783730 1.669560 0 9.376090 12.051800 199.562000 1209.780000 -13 444 1 0 1.000000
-13.709700 -7.269360 0 7.210880 -8.426020 213.291000 1209.700000 -13 445 1 0 1.000000
1.128020 -0.432182 0 -28.410300 13.333200 209.504000 1209.790000 -13 446 1 0 1.000000
-3.980990 -13.365400 0 32.940100 -18.879800 207.493000 1209.770000 -13 447 1 0 1.000000
-2.285860 0.158400 0 12.609200 14.873700 184.425000 1209.940000 -13 448 1 0 1.000000
-11.116500 1.888850 0 16.479200 3.196610 199.104000 1209.650000 -13 449 1 0 1.000000
-10.228100 -2.729600 0 -5.961700 -1.504310 199.339000 1210.030000 -13 450 1 0 1.000000
10.551700 -7.825130 0 1.760370 -9.833720 221.436000 1210.000000 -13 451 1 0 1.000000
-2.574450 5.100540 0 -2.643480 -2.518400 208.170000 1209.780000 -13 452 1 0 1.000000
-0.484088 -3.038790 0 11.945500 -10.876100 210.644000 1209.670000 -13 453 1 0 1.000000
-12.553200 1.841260 0 12.799000 -2.104510 207.850000 1209.860000 -13 454 1 0 1.000000
2.563060 -1.408360 0 -5.656200 -2.663710 214.151000 1209.960000 -13 455 1 0 1.000000
-15.497700 0.270241 0 -16.900500 -6.053130 218.304000 1209.860000 -13 456 1 0 1.000000
11.548700 0.679113 0 -5.279080 -3.168210 209.172000 1209.770000 -13 457 1 0 1.000000
1.388050 -7.704490 0 -13.449400 -15.481200 203.807000 1209.940000 -13 458 1 0 1.000000
3.391910 -5.154650 0 -14.518200 -0.455902 204.317000 1209.980000 -13 459 1 0 1.000000
-10.069200 -1.562020 0 -9.812870 17.076500 201.714000 1209.810000 -13 460 1 0 1.000000
-5.622190 -3.194590 0 -2.753740 24.018100 203.135000 1209.750000 -13 461 1 0 1.000000
0.185405 -0.172197 0 -9.307200 16.232700 201.047000 1209.830000 -13 462 1 0 1.000000
-6.224080 -6.854700 0 7.017500 6.750650 215.542000 1209.850000 -13 463 1 0 1.000000
-11.515300 -0.660271 0 14.378900 3.152630 201.128000 1210.040000 -13 464 1 0 1.000000
-14.028500 -12.686300 0 -0.859314 -20.288200 202.733000 1209.770000 -13 465 1 0 1.000000
-9.074050 -0.422027 0 0.707556 4.900410 198.624000 1209.820000 -13 466 1 0 1.000000
0.102866 0.467688 0 14.830300 -1.943320 198.887000 1210.040000 -13 467 1 0 1.000000
-1.518440 0.360475 0 -5.858510 -11.414400 209.389000 1209.870000 -13 468 1 0 1.000000
-11.539300 2.169370 0 -19.734100 8.679780 210.563000 1209.950000 -13 469 1 0 1.000000
-18.556500 2.044950 0 -12.319400 -8.683340 210.805000 1209.810000 -13 470 1 0 1.000000
7.784390 -7.924710 0 -16.938000 -21.247700 207.999000 1209.940000 -13 471 1 0 1.000000
-4.492310 -5.876340 0 -3.728600 16.730700 188.090000 1209.840000 -13 472 1 0 1.000000
2.633120 -4.043660 0 -6.718620 16.517200 210.254000 1209.700000 -13 473 1 0 1.000000
7.329400 1.238420 0 21.791700 14.038600 198.461000 1209.750000 -13 474 1 0 1.000000
-0.874028 -2.172470 0 -17.748000 12.242600 213.196000 1210.010000 -13 475 1 0 1.000000
-0.858476 -14.419100 0 3.317460 -6.500860 193.409000 1209.730000 -13 476 1 0 1.000000
-3.091890 -8.607650 0 -7.729130 11.643400 206.430000 1210.000000 -13 477 1 0 1.000000
-8.829010 -4.858250 0 -0.246765 -3.595430 190.408000 1209.960000 -13 478 1 0 1.000000
-0.303485 -2.102780 0 2.197400 -13.500700 210.279000 1209.840000 -13 479 1 0 1.000000
2.969480 3.676670 0 12.389500 -12.759800 202.646000 1209.980000 -13 480 1 0 1.000000
10.839500 1.964650 0 5.134190 7.981840 201.905000 1209.650000 -13 481 1 0 1.000000
-0.011556 -4.087810 0 9.153650 14.331000 220.107000 1209.800000 -13 482 1 0 1.000000
-6.416760 -5.065410 0 0.321709 -2.367280 197.275000 1209.810000 -13 483 1 0 1.000000
-0.546630 -3.121510 0 -4.025380 -19.845800 217.293000 1209.860000 -13 484 1 0 1.000000
2.407540 -6.523690 0 0.872585 -2.389890 207.813000 1209.950000 -13 485 1 0 1.000000
1.456250 -5.430700 0 -8.349460 -4.643650 198.527000 1209.830000 -13 486 1 0 1.000000
2.728160 4.981840 0 -19.844700 -4.727630 211.232000 1209.690000 -13 487 1 0 1.000000
-5.902550 -11.843200 0 16.495500 -0.594065 198.610000 1209.850000 -13 488 1 0 1.000000
-8.626460 1.738600 0 6.446810 20.919300 216.390000 1209.920000 -13 489 1 0 1.000000
-4.307950 7.521480 0 -6.941610 14.940100 227.278000 1209.720000 -13 490 1 0 1.000000
-5.164460 -1.895640 0 14.111300 -4.850290 201.133000 1209.820000 -13 491 1 0 1.000000
-4.808110 3.484770 0 13.322100 -8.233840 196.857000 1209.770000 -13 492 1 0 1.000000
-5.899020 -12.283300 0 -5.813850 0.670680 230.810000 1209.860000 -13 493 1 0 1.000000
-4.555980 -8.830580 0 13.640100 -2.614930 210.777000 1209.950000 -13 494 1 0 1.000000
-0.630440 -16.287800 0 -12.246100 -4.177380 212.888000 1209.800000 -13 495 1 0 1.000000
-6.172890 -11.379800 0 -3.990450 -19.444600 203.643000 1209.750000 -13 496 1 0 1.000000
-5.730730 -11.920600 0 8.928440 6.301000 231.348000 1209.890000 -13 497 1 0 1.000000
-1.061950 1.183950 0 -2.686310 6.387820 209.147000 1209.880000 -13 498 1 0 1.000000
5.117000 -0.429096 0 7.249570 2.833970 204.088000 1209.720000 -13 499 1 0 1.000000
-3.576390 -10.286600 0 -6.274500 13.790800 217.150000 1209.830000 -13 500 1 0 1.000000
2.679270 -9.446720 0 0.420891 -10.813800 200.166000 1209.870000 -13 501 1 0 1.000000
-0.538213 -0.434147 0 1.358410 3.595800 205.944000 1209.960000 -13 502 1 0 1.000000
1.584850 -0.472846 0 0.271688 -0.301852 199.577000 1209.800000 -13 503 1 0 1.000000
3.190870 0.613711 0 2.713360 -23.158000 200.043000 1209.880000 -13 504 1 0 1.000000
-6.567430 -4.620320 0 3.117350 12.218000 206.594000 1209.980000 -13 505 1 0 1.000000
-9.326680 1.935710 0 11.120900 19.577300 218.485000 1209.880000 -13 506 1 0 1.000000
-3.918910 1.712170 0 1.956960 2.084430 206.998000 1209.990000 -13 507 1 0 1.000000
1.833240 -1.404350 0 -0.778107 -14.777000 211.688000 1209.860000 -13 508 1 0 1.000000
-2.293150 -1.754020 0 -18.700400 -5.707140 221.346000 1209.690000 -13 509 1 0 1.000000
-7.989190 -8.534700 0 -4.963170 -14.715500 213.302000 1209.880000 -13 510 1 0 1.000000
-1.155760 7.768910 0 -5.068550 11.038100 211.409000 1209.960000 -13 511 1 0 1.000000
-11.471600 -4.794220 0 -6.463880 4.658730 215.518000 1209.780000 -13 512 1 0 1.000000
2.030770 0.871966 0 -10.656400 -11.901200 214.648000 1209.850000 -13 513 1 0 1.000000
-3.455210 4.766340 0 -0.190549 9.430620 215.277000 1209.920000 -13 514 1 0 1.000000
-1.102530 7.310800 0 -3.716190 9.089700 211.139000 1209.980000 -13 515 1 0 1.000000
-11.094700 -11.286200 0 2.514850 18.138200 204.669000 1209.740000 -13 516 1 0 1.000000
7.571790 0.472436 0 -13.572400 -12.029600 215.946000 1209.780000 -13 517 1 0 1.000000
-5.782330 -10.789200 0 0.210480 4.101840 197.131000 1209.800000 -13 518 1 0 1.000000
3.615300 6.124780 0 -0.128394 2.740960 208.699000 1209.710000 -13 519 1 0 1.000000
-8.351870 -5.052490 0 -7.786670 0.737847 200.958000 1209.670000 -13 520 1 0 1.000000
-8.671110 5.975130 0 15.909800 4.863580 208.468000 1209.880000 -13 521 1 0 1.000000
-11.507300 -6.600680 0 -2.053600 -14.075900 208.128000 1209.690000 -13 522 1 0 1.000000
-5.381770 -8.394050 0 -6.978560 6.157110 201.188000 1209.880000 -13 523 1 0 1.000000
1.091600 -3.175440 0 3.938780 -13.030100 205.708000 1209.910000 -13 524 1 0 1.000000
3.210450 6.149970 0 15.443100 -13.325100 201.780000 1209.830000 -13 525 1 0 1.000000
-8.881750 -3.726180 0 -3.668110 15.920500 209.913000 1209.910000 -13 526 1 0 1.000000
-3.299690 -13.617900 0 -22.417600 -7.946190 210.741000 1209.820000 -13 527 1 0 1.000000
3.742400 -5.222870 0 -13.807100 -11.406600 212.093000 1209.690000 -13 528 1 0 1.000000
-2.349350 -3.755500 0 1.855540 -0.558738 203.666000 1209.760000 -13 529 1 0 1.000000
-5.435580 -7.955280 0 7.901150 4.524380 206.896000 1209.870000 -13 530 1 0 1.000000
-7.424490 -4.540490 0 8.506340 -10.209400 209.492000 1209.760000 -13 531 1 0 1.000000
3.660340 0.359158 0 -10.897500 -2.699900 212.119000 1209.900000 -13 532 1 0 1.000000
1.931220 1.860850 0 7.209050 0.594096 201.321000 1209.730000 -13 533 1 0 1.000000
2.308310 -8.795330 0 -5.211590 -18.289300 202.329000 1209.940000 -13 534 1 0 1.000000
-4.205900 -3.742660 0 2.539570 -3.737960 196.344000 1209.800000 -13 535 1 0 1.000000
-11.332300 4.282700 0 -11.026500 -5.193320 212.558000 1210.060000 -13 536 1 0 1.000000
-0.871517 -4.263120 0 8.903440 2.712370 220.673000 1209.910000 -13 537 1 0 1.000000
-4.891570 -12.488500 0 12.287800 -8.052210 202.767000 1209.860000 -13 538 1 0 1.000000
-1.356060 -2.020780 0 1.225580 10.508300 207.164000 1209.690000 -13 539 1 0 1.000000
-2.682400 -0.776431 0 8.867610 3.950750 211.830000 1209.700000 -13 540 1 0 1.000000
3.520020 -5.027170 0 -8.363680 9.109650 208.786000 1210.030000 -13 541 1 0 1.000000
5.079800 -4.045390 0 -6.917750 0.383082 192.507000 1209.750000 -13 542 1 0 1.000000
-1.756640 -9.818370 0 17.134900 25.119700 221.829000 1209.690000 -13 543 1 0 1.000000
1.463680 -1.323300 0 -9.092060 -4.304990 207.273000 1209.800000 -13 544 1 0 1.000000
-0.312524 1.037630 0 9.201400 -7.855140 213.570000 1209.910000 -13 545 1 0 1.000000
-6.879000 -12.694800 0 -6.277770 17.364300 217.679000 1209.790000 -13 546 1 0 1.000000
-11.310900 -4.281340 0 -14.376300 13.825000 197.667000 1209.960000 -13 547 1 0 1.000000
1.796040 -4.906050 0 -4.939520 17.486300 197.600000 1209.860000 -13 548 1 0 1.000000
-2.321380 7.624170 0 2.109080 -6.068220 205.286000 1210.030000 -13 549 1 0 1.000000
-1.453070 4.415050 0 11.803800 -14.644600 211.846000 1209.820000 -13 550 1 0 1.000000
-0.031746 -1.181400 0 -11.490700 7.326290 213.714000 1209.880000 -13 551 1 0 1.000000
-8.672290 -0.439870 0 -5.986370 29.539900 202.935000 1209.850000 -13 552 1 0 1.000000
-12.611200 -2.721300 0 20.401900 -17.260900 208.277000 1209.940000 -13 553 1 0 1.000000
-3.609430 -13.009100 0 -6.042660 -1.629770 202.491000 1209.750000 -13 554 1 0 1.000000
-0.500016 -5.703690 0 -25.296200 -4.692860 198.344000 1209.810000 -13 555 1 0 1.000000
-14.422500 -0.197515 0 -11.329000 24.607400 219.091000 1209.780000 -13 556 1 0 1.000000
-1.584720 -8.137250 0 16.824600 -13.626000 199.122000 1210.070000 -13 557 1 0 1.000000
-7.019870 4.013840 0 2.919620 0.730141 208.870000 1209.710000 -13 558 1 0 1.000000
-13.729800 -13.938600 0 -3.000760 -4.776580 198.747000 1209.930000 -13 559 1 0 1.000000
-4.754440 -11.889400 0 5.836360 -2.645900 213.577000 1209.860000 -13 560 1 0 1.000000
2.249730 -2.442120 0 4.912400 -22.450500 211.605000 1209.850000 -13 561 1 0 1.000000
-4.029750 5.214350 0 2.631170 -11.336400 201.331000 1209.880000 -13 562 1 0 1.000000
-5.571490 -14.051600 0 -0.216524 -16.104500 208.178000 1209.720000 -13 563 1 0 1.000000
-3.548900 -7.408840 0 -1.307900 7.376330 214.821000 1209.820000 -13 564 1 0 1.000000
-17.583200 -2.153070 0 21.118100 -6.692870 223.205000 1209.940000 -13 565 1 0 1.000000
3.097490 5.154770 0 6.109360 -2.099850 225.309000 1209.780000 -13 566 1 0 1.000000
2.265780 -2.840490 0 -12.446400 -2.906110 221.204000 1209.750000 -13 567 1 0 1.000000
-4.540180 -1.844500 0 7.039300 -3.878980 214.427000 1209.780000 -13 568 1 0 1.000000
-3.316560 -3.107190 0 1.800590 -14.201500 213.986000 1209.930000 -13 569 1 0 1.000000
-3.651000 -5.354070 0 -8.577700 -23.805100 216.649000 1209.890000 -13 570 1 0 1.000000
4.456810 -9.379040 0 3.462520 -6.627240 194.672000 1209.780000 -13 571 1 0 1.000000
0.270124 9.636590 0 -26.606700 0.836281 193.264000 1209.840000 -13 572 1 0 1.000000
-7.188720 -1.068800 0 10.393800 -27.960000 206.316000 1209.940000 -13 573 1 0 1.000000
4.496600 -9.917080 0 -28.706000 4.328180 220.580000 1209.840000 -13 574 1 0 1.000000
-8.392980 4.435430 0 -10.253400 3.508730 205.373000 1209.770000 -13 575 1 0 1.000000
-2.016620 9.291810 0 -20.195900 0.094593 194.920000 1209.820000 -13 576 1 0 1.000000
-3.892980 2.668870 0 16.257500 4.361100 196.133000 1209.760000 -13 577 1 0 1.000000
-9.768960 -2.961050 0 -7.573650 -16.513900 193.326000 1209.900000 -13 578 1 0 1.000000
1.266090 -0.860400 0 1.325550 27.655100 192.984000 1209.960000 -13 579 1 0 1.000000
-5.188270 4.832530 0 -4.959370 -12.038900 198.941000 1210.070000 -13 580 1 0 1.000000
-1.220920 0.948886 0 0.370496 -1.336900 195.405000 1210.030000 -13 581 1 0 1.000000
5.563100 13.014000 0 -3.389630 11.453500 192.402000 1209.830000 -13 582 1 0 1.000000
-8.652080 1.772880 0 4.843170 -2.222930 208.051000 1209.780000 -13 583 1 0 1.000000
-3.446690 -11.064100 0 -8.252080 1.265710 187.717000 1209.910000 -13 584 1 0 1.000000
9.365340 3.387280 0 8.307380 -31.006200 203.474000 1209.850000 -13 585 1 0 1.000000
-5.694340 -8.980460 0 -4.310950 -8.987780 205.321000 1209.690000 -13 586 1 0 1.000000
-10.730300 -9.985830 0 -10.585600 11.568200 208.964000 1209.850000 -13 587 1 0 1.000000
-4.974200 3.168860 0 -6.160250 0.162111 213.504000 1209.750000 -13 588 1 0 1.000000
-7.102480 -6.822350 0 -0.195108 -3.633640 197.650000 1209.980000 -13 589 1 0 1.000000
-4.094720 -0.019736 0 -19.311200 -8.666680 203.887000 1209.770000 -13 590 1 0 1.000000
-6.047970 -7.145080 0 -10.902000 -12.173100 204.671000 1209.890000 -13 591 1 0 1.000000
-6.954820 4.921290 0 12.767500 13.864600 216.729000 1209.680000 -13 592 1 0 1.000000
-6.749980 -6.493540 0 -1.247670 6.428740 206.749000 1209.840000 -13 593 1 0 1.000000
-1.263300 -4.105890 0 11.064700 -1.148220 206.055000 1209.850000 -13 594 1 0 1.000000
-4.633870 -7.801760 0 -5.218800 5.494290 212.003000 1209.990000 -13 595 1 0 1.000000
-12.233500 -14.389200 0 -7.633840 22.157100 217.153000 1209.890000 -13 596 1 0 1.000000
2.631630 -4.855200 0 -12.695900 2.077180 194.419000 1209.770000 -13 597 1 0 1.000000
-2.229840 -10.806100 0 11.571600 -5.110250 211.394000 1209.670000 -13 598 1 0 1.000000
-7.239780 0.331348 0 -19.248000 16.806200 219.316000 1209.680000 -13 599 1 0 1.000000
-12.059800 0.653247 0 8.856440 -0.573884 217.715000 1209.790000 -13 600 1 0 1.000000
-0.850336 -7.321360 0 0.691988 -22.894100 213.018000 1209.650000 -13 601 1 0 1.000000
1.576130 -10.009900 0 -0.479194 8.789050 181.824000 1209.840000 -13 602 1 0 1.000000
-7.565420 1.490740 0 4.019580 -10.115100 212.006000 1209.840000 -13 603 1 0 1.000000
-5.101120 -7.346500 0 -18.181800 -7.743670 215.726000 1209.870000 -13 604 1 0 1.000000
4.772200 -12.666900 0 -3.734310 -14.466200 203.859000 1209.970000 -13 605 1 0 1.000000
1.551120 -11.246100 0 -24.257900 12.971600 197.066000 1209.950000 -13 606 1 0 1.000000
3.060550 -5.683100 0 3.565890 27.163700 215.164000 1209.880000 -13 607 1 0 1.000000
-4.732160 -6.591080 0 29.854200 5.127380 210.832000 1209.990000 -13 608 1 0 1.000000
2.662280 -8.149110 0 -3.694710 -2.502600 209.218000 1209.970000 -13 609 1 0 1.000000
-2.416710 -8.125700 0 2.489480 9.962560 211.084000 1209.800000 -13 610 1 0 1.000000
-5.036840 -8.520560 0 44.310000 -14.982600 219.407000 1210.000000 -13 611 1 0 1.000000
-4.480950 4.333410 0 -2.996830 14.825500 222.856000 1209.820000 -13 612 1 0 1.000000
1.801480 1.034700 0 -24.096900 16.747400 212.742000 1209.820000 -13 613 1 0 1.000000
1.572110 1.108590 0 -0.131848 -5.596860 207.801000 1209.860000 -13 614 1 0 1.000000
-2.265530 -4.069030 0 2.180280 -5.989920 234.916000 1209.790000 -13 615 1 0 1.000000
-7.390220 -0.445391 0 0.774319 18.565400 218.251000 1209.850000 -13 616 1 0 1.000000
-4.885520 2.933770 0 -34.885000 5.026080 194.919000 1209.810000 -13 617 1 0 1.000000
-4.765660 0.498765 0 2.472020 1.579830 205.307000 1209.730000 -13 618 1 0 1.000000
-6.133850 -10.452600 0 1.610380 13.195500 207.258000 1209.780000 -13 619 1 0 1.000000
-3.912740 -3.292270 0 -4.249440 14.389300 187.905000 1209.940000 -13 620 1 0 1.000000
-6.912770 2.047680 0 15.333200 3.965960 211.976000 1210.010000 -13 621 1 0 1.000000
-5.641590 -6.412580 0 14.691500 17.838400 198.829000 1209.800000 -13 622 1 0 1.000000
-4.949550 7.112210 0 -27.040300 28.453300 203.092000 1209.870000 -13 623 1 0 1.000000
0.383235 -9.137050 0 -1.903580 -16.796400 201.911000 1209.950000 -13 624 1 0 1.000000
-3.399120 -6.744720 0 8.991420 20.071000 211.273000 1209.780000 -13 625 1 0 1.000000
-0.417257 4.536840 0 9.334830 0.597530 211.883000 1209.810000 -13 626 1 0 1.000000
-5.378570 -3.637590 0 9.082800 -0.849098 204.688000 1209.890000 -13 627 1 0 1.000000
-1.664980 -13.088000 0 2.470450 -9.379220 199.543000 1209.780000 -13 628 1 0 1.000000
-11.563500 -0.392630 0 -7.050360 -8.250290 191.529000 1209.820000 -13 629 1 0 1.000000
2.416930 -1.527320 0 -2.055220 6.869500 194.384000 1209.790000 -13 630 1 0 1.000000
3.823810 -5.882190 0 8.284820 6.415550 218.189000 1209.810000 -13 631 1 0 1.000000
-0.945294 -1.313740 0 6.892160 -5.138640 204.998000 1209.870000 -13 632 1 0 1.000000
-0.675193 -2.116540 0 -8.355800 8.288370 195.505000 1209.880000 -13 633 1 0 1.000000
0.506254 -0.734595 0 4.086170 1.021420 206.046000 1210.050000 -13 634 1 0 1.000000
-1.504170 -6.874210 0 -23.389400 8.208010 208.928000 1209.720000 -13 635 1 0 1.000000
-11.292200 -3.280230 0 6.131750 3.084920 215.862000 1209.990000 -13 636 1 0 1.000000
-10.421300 -8.564970 0 1.414700 -1.651510 208.941000 1210.050000 -13 637 1 0 1.000000
-15.859800 -2.164200 0 6.570390 -4.086470 213.719000 1209.800000 -13 638 1 0 1.000000
-20.158800 -9.152470 0 23.259100 21.953900 225.631000 1209.880000 -13 639 1 0 1.000000
3.071260 -2.757010 0 6.918500 -6.563120 199.845000 1209.960000 -13 640 1 0 1.000000
3.910170 -0.676025 0 -6.399910 9.844780 220.744000 1209.810000 -13 641 1 0 1.000000
-4.532360 -5.398730 0 0.947788 -3.821400 211.297000 1209.830000 -13 642 1 0 1.000000
-6.133510 6.136480 0 -7.157570 9.786850 202.756000 1209.600000 -13 643 1 0 1.000000
-12.650300 8.381200 0 2.912210 10.684400 216.710000 1209.840000 -13 644 1 0 1.000000
1.001790 4.639530 0 1.895480 18.461100 216.421000 1209.920000 -13 645 1 0 1.000000
0.974572 -7.994270 0 -5.569120 6.232720 209.218000 1209.850000 -13 646 1 0 1.000000
-3.818040 -4.731150 0 26.670000 -35.131400 216.799000 1209.800000 -13 647 1 0 1.000000
-1.818590 4.483630 0 -2.233660 -8.895990 210.539000 1209.900000 -13 648 1 0 1.000000
-1.034740 -3.367660 0 2.859170 -22.276200 206.128000 1209.710000 -13 649 1 0 1.000000
-4.086950 -4.825970 0 5.360750 3.883030 221.696000 1209.780000 -13 650 1 0 1.000000
5.316550 -11.535900 0 23.666200 -27.927000 228.249000 1209.760000 -13 651 1 0 1.000000
-5.181130 -8.351570 0 -0.371394 5.040290 220.425000 1209.810000 -13 652 1 0 1.000000
-11.127300 -22.987300 0 1.926890 -0.112341 216.936000 1209.800000 -13 653 1 0 1.000000
-11.272100 1.722220 0 -6.083320 -0.845989 212.949000 1209.770000 -13 654 1 0 1.000000
-7.376080 -5.691620 0 -13.190000 3.853320 204.936000 1210.080000 -13 655 1 0 1.000000
-4.852970 -1.468250 0 -16.869600 -7.551950 211.451000 1209.630000 -13 656 1 0 1.000000
-9.189040 -4.303180 0 4.919810 -6.975290 214.512000 1209.930000 -13 657 1 0 1.000000
-3.436790 -3.026250 0 -7.643590 -1.395580 204.705000 1209.920000 -13 658 1 0 1.000000
1.474630 -5.904950 0 12.851300 16.844500 195.904000 1209.720000 -13 659 1 0 1.000000
-5.454940 -2.472050 0 3.808680 5.071680 198.375000 1209.870000 -13 660 1 0 1.000000
-15.542200 -13.907800 0 -16.793000 -30.670600 225.196000 1209.770000 -13 661 1 0 1.000000
-10.260400 -12.978200 0 -2.518800 -17.927800 199.728000 1209.820000 -13 662 1 0 1.000000
-8.905540 -8.957820 0 12.913700 -0.606459 214.326000 1209.860000 -13 663 1 0 1.000000
1.716860 -4.761140 0 -6.513290 -1.799530 196.012000 1210.030000 -13 664 1 0 1.000000
1.453710 -10.484100 0 3.884800 -3.075100 237.703000 1209.800000 -13 665 1 0 1.000000
5.330650 -11.751400 0 7.916690 -5.354040 196.992000 1209.790000 -13 666 1 0 1.000000
-0.790546 0.776495 0 -10.608100 -9.675290 189.032000 1209.620000 -13 667 1 0 1.000000
0.263718 -9.869050 0 -12.131500 -9.405080 201.313000 1209.740000 -13 668 1 0 1.000000
-1.201580 -12.876900 0 11.209700 -33.227700 209.291000 1209.660000 -13 669 1 0 1.000000
15.355800 -5.649880 0 -16.635200 -19.127400 198.431000 1209.920000 -13 670 1 0 1.000000
-7.384420 2.670260 0 -8.025340 -15.931100 212.515000 1209.840000 -13 671 1 0 1.000000
-7.600030 -6.307880 0 -5.468370 3.639120 198.576000 1209.880000 -13 672 1 0 1.000000
-14.339500 -2.252220 0 23.470900 10.784700 223.733000 1209.720000 -13 673 1 0 1.000000
1.107440 -12.017000 0 -12.788200 5.592140 224.605000 1209.830000 -13 674 1 0 1.000000
1.453480 0.135364 0 -14.002100 -2.456380 221.423000 1209.630000 -13 675 1 0 1.000000
-5.186860 -8.623420 0 11.590900 7.312730 203.746000 1209.990000 -13 676 1 0 1.000000
-8.547470 -3.286540 0 8.799600 3.818900 214.437000 1209.860000 -13 677 1 0 1.000000
1.801680 -3.659340 0 -3.873600 33.656900 210.055000 1209.760000 -13 678 1 0 1.000000
-3.120450 -1.345180 0 -14.867100 -1.860960 191.242000 1209.770000 -13 679 1 0 1.000000
-8.541570 -1.895190 0 6.138860 1.176060 203.042000 1209.840000 -13 680 1 0 1.000000
-0.238541 -4.969920 0 -0.014680 -2.118450 209.338000 1209.750000 -13 681 1 0 1.000000
-1.741700 -10.646900 0 -3.896190 5.297420 202.502000 1209.830000 -13 682 1 0 1.000000
8.451040 -8.405900 0 4.941740 2.149780 203.387000 1209.810000 -13 683 1 0 1.000000
-4.096150 2.293990 0 -0.618949 20.347100 213.649000 1209.830000 -13 684 1 0 1.000000
-6.326400 -14.130800 0 15.895700 29.648200 224.145000 1209.740000 -13 685 1 0 1.000000
-3.012250 -2.785620 0 -2.310460 4.242250 209.931000 1209.880000 -13 686 1 0 1.000000
-6.515270 -13.440800 0 -2.666170 17.941200 200.953000 1209.770000 -13 687 1 0 1.000000
-5.307330 3.930970 0 -14.163000 4.087070 216.245000 1209.700000 -13 688 1 0 1.000000
-7.199070 -3.548480 0 31.844700 10.515600 223.261000 1209.790000 -13 689 1 0 1.000000
1.470090 -2.525800 0 3.950980 3.722910 212.174000 1209.960000 -13 690 1 0 1.000000
-1.713740 -5.719250 0 9.479310 5.845300 202.642000 1209.930000 -13 691 1 0 1.000000
-5.684460 4.808090 0 6.238360 -5.245870 227.172000 1209.880000 -13 692 1 0 1.000000
0.067411 -3.294760 0 -0.256562 -5.558450 199.235000 1209.840000 -13 693 1 0 1.000000
-9.080670 -8.514320 0 -12.244400 -29.886600 220.051000 1209.720000 -13 694 1 0 1.000000
-2.462750 2.441060 0 7.192780 -2.007220 192.102000 1209.930000 -13 695 1 0 1.000000
-8.854760 0.891590 0 -2.749390 9.493560 201.509000 1209.720000 -13 696 1 0 1.000000
-5.340600 -2.828620 0 9.359110 -11.478600 198.787000 1209.870000 -13 697 1 0 1.000000
0.038623 -3.138060 0 -15.741700 1.712470 219.772000 1209.720000 -13 698 1 0 1.000000
3.030130 -9.972390 0 -15.836700 5.719520 200.272000 1209.790000 -13 699 1 0 1.000000
-2.564290 -11.841300 0 -2.350440 -11.007500 194.944000 1209.790000 -13 700 1 0 1.000000
-6.674560 -8.301370 0 4.322390 9.428840 204.930000 1209.960000 -13 701 1 0 1.000000
5.815760 -2.366850 0 6.008890 25.275900 204.186000 1209.710000 -13 702 1 0 1.000000
-6.149290 2.432310 0 16.246300 3.960360 197.308000 1209.800000 -13 703 1 0 1.000000
-2.810650 5.030600 0 1.733510 22.545900 213.224000 1210.010000 -13 704 1 0 1.000000
-1.930810 -4.540050 0 -3.824130 -4.236970 185.312000 1209.830000 -13 705 1 0 1.000000
-11.096200 0.370463 0 13.641500 3.390470 219.762000 1209.860000 -13 706 1 0 1.000000
-9.610380 -11.008500 0 4.106440 20.619400 203.595000 1210.000000 -13 707 1 0 1.000000
-1.962530 4.459890 0 -8.773550 12.192900 197.649000 1209.990000 -13 708 1 0 1.000000
6.832060 -8.360220 0 -10.895000 -9.421090 212.763000 1209.810000 -13 709 1 0 1.000000
-9.689920 -3.728600 0 -7.272320 -23.744100 196.816000 1209.920000 -13 710 1 0 1.000000
-8.459880 -15.399300 0 14.451600 6.613450 209.311000 1209.940000 -13 711 1 0 1.000000
-1.095160 -6.448570 0 0.870053 -6.628260 210.033000 1209.950000 -13 712 1 0 1.000000
-1.265870 -6.833840 0 9.832630 -19.771500 198.243000 1209.880000 -13 713 1 0 1.000000
7.531840 -12.566900 0 14.050600 -12.469600 206.906000 1209.730000 -13 714 1 0 1.000000
1.058720 -1.168750 0 -0.927794 -1.249500 212.399000 1209.650000 -13 715 1 0 1.000000
-1.519400 -7.363320 0 0.588775 15.175500 197.965000 1209.810000 -13 716 1 0 1.000000
-17.581700 0.809762 0 0.631385 -6.713480 203.221000 1210.050000 -13 717 1 0 1.000000
-3.652750 -5.346210 0 0.237458 24.605000 208.575000 1209.800000 -13 718 1 0 1.000000
-1.618560 -10.298300 0 -9.846770 3.949830 211.535000 1209.870000 -13 719 1 0 1.000000
0.410102 -0.012567 0 6.492730 -7.865930 195.190000 1209.670000 -13 720 1 0 1.000000
-8.725820 -1.215000 0 -8.853850 5.360440 216.786000 1209.830000 -13 721 1 0 1.000000
-7.084610 12.895700 0 -10.019900 -9.784620 218.304000 1209.820000 -13 722 1 0 1.000000
-2.424200 -6.095410 0 -1.941900 12.075900 207.256000 1209.790000 -13 723 1 0 1.000000
-3.210770 -4.276310 0 11.493600 -1.222570 222.636000 1209.870000 -13 724 1 0 1.000000
6.353260 -1.650590 0 -7.517800 -13.673700 197.871000 1210.040000 -13 725 1 0 1.000000
-1.501490 -4.839450 0 -42.011100 13.697100 205.324000 1209.750000 -13 726 1 0 1.000000
-4.402480 -7.575650 0 -5.420110 -22.516900 208.484000 1209.900000 -13 727 1 0 1.000000
-5.563610 -11.988800 0 -0.953901 5.101230 193.312000 1209.880000 -13 728 1 0 1.000000
-6.079640 -10.311400 0 -1.990770 7.670200 213.835000 1209.660000 -13 729 1 0 1.000000
0.664068 -12.374200 0 -26.412200 9.786620 194.856000 1209.920000 -13 730 1 0 1.000000
-5.653560 4.124170 0 -0.120454 -14.359000 197.774000 1209.910000 -13 731 1 0 1.000000
-0.085692 0.306595 0 1.993220 7.934860 192.429000 1210.080000 -13 732 1 0 1.000000
-3.260720 -7.153530 0 0.017913 -4.114750 224.529000 1209.850000 -13 733 1 0 1.000000
-13.087500 -5.404330 0 -6.100860 19.589800 214.244000 1209.760000 -13 734 1 0 1.000000
-13.921600 -7.957030 0 3.060880 6.758140 214.799000 1209.820000 -13 735 1 0 1.000000
-6.856400 -3.652550 0 11.346800 -18.483500 201.829000 1209.720000 -13 736 1 0 1.000000
-9.070000 -1.575350 0 15.190600 -23.176900 199.942000 1209.810000 -13 737 1 0 1.000000
-7.130840 -4.448860 0 -5.091650 -6.642930 187.278000 1209.950000 -13 738 1 0 1.000000
1.747890 -4.807660 0 6.018960 -8.826710 208.431000 1209.680000 -13 739 1 0 1.000000
-8.197460 -0.909545 0 -5.102010 -2.439220 209.839000 1209.890000 -13 740 1 0 1.000000
2.486160 2.917570 0 -5.019170 -7.820290 187.246000 1209.860000 -13 741 1 0 1.000000
2.129470 -4.286790 0 3.064630 -28.181100 213.797000 1209.990000 -13 742 1 0 1.000000
-8.537900 4.467590 0 -14.975100 13.294200 207.055000 1209.700000 -13 743 1 0 1.000000
6.973520 -9.019110 0 18.400200 11.508600 181.250000 1209.840000 -13 744 1 0 1.000000
-6.207290 -1.629890 0 -21.408000 14.627200 209.176000 1209.910000 -13 745 1 0 1.000000
-6.427200 -10.982500 0 -0.889550 -22.345100 191.867000 1209.850000 -13 746 1 0 1.000000
-5.079740 -2.680340 0 6.064210 -0.086429 215.272000 1209.920000 -13 747 1 0 1.000000
-1.229590 0.989995 0 -2.601450 7.042350 209.245000 1209.940000 -13 748 1 0 1.000000
-4.985610 -0.058450 0 4.903850 -7.452800 220.389000 1209.830000 -13 749 1 0 1.000000
-3.521530 -12.906700 0 15.291400 22.407400 211.214000 1209.790000 -13 750 1 0 1.000000
-10.372100 -5.460210 0 3.660990 0.676076 215.580000 1209.910000 -13 751 1 0 1.000000
-4.006790 -8.400850 0 -2.223710 -2.975190 196.122000 1209.830000 -13 752 1 0 1.000000
-2.804240 -8.867640 0 13.089300 1.055740 195.442000 1209.810000 -13 753 1 0 1.000000
-5.690590 -1.687620 0 -24.331100 12.952800 225.360000 1209.850000 -13 754 1 0 1.000000
9.648710 -4.421730 0 25.350100 -3.124000 214.005000 1209.800000 -13 755 1 0 1.000000
-10.924200 6.665480 0 0.608920 -3.343830 223.156000 1209.920000 -13 756 1 0 1.000000
-4.267670 3.258700 0 6.094980 -1.626630 207.296000 1209.950000 -13 757 1 0 1.000000
3.748610 -13.547000 0 -2.482510 -2.581100 213.612000 1209.800000 -13 758 1 0 1.000000
-8.271730 -7.418540 0 2.773190 -10.135000 203.995000 1209.750000 -13 759 1 0 1.000000
-7.799850 -3.457820 0 -3.848550 14.771400 205.776000 1210.000000 -13 760 1 0 1.000000
-12.004700 -7.849990 0 6.884590 -20.003600 201.131000 1210.010000 -13 761 1 0 1.000000
-2.674590 -5.729570 0 -13.870700 15.710900 204.863000 1209.950000 -13 762 1 0 1.000000
-3.129740 1.062120 0 8.146960 6.211160 218.009000 1209.850000 -13 763 1 0 1.000000
-6.123950 1.762600 0 9.811230 -3.528790 199.798000 1209.850000 -13 764 1 0 1.000000
-7.265220 -2.872890 0 5.078710 -17.358700 188.641000 1209.850000 -13 765 1 0 1.000000
0.509416 -4.261030 0 -7.530340 -9.128610 208.404000 1209.790000 -13 766 1 0 1.000000
-1.469170 -10.635500 0 6.048920 -0.135975 214.455000 1209.890000 -13 767 1 0 1.000000
-11.859600 2.499920 0 -20.507400 10.944000 203.030000 1209.780000 -13 768 1 0 1.000000
-0.638633 -10.275300 0 -14.112900 4.165370 202.604000 1210.020000 -13 769 1 0 1.000000
-1.734940 -6.217610 0 4.394820 21.168600 211.448000 1209.830000 -13 770 1 0 1.000000
-6.106330 -6.102900 0 11.869800 16.129400 207.321000 1209.950000 -13 771 1 0 1.000000
-11.444500 -4.743450 0 -5.673260 -2.219540 203.387000 1209.970000 -13 772 1 0 1.000000
-7.361820 -0.761195 0 10.356500 6.198920 201.772000 1209.940000 -13 773 1 0 1.000000
-4.338020 0.543101 0 -4.058440 -8.565810 199.817000 1209.980000 -13 774 1 0 1.000000
-4.523750 -3.214530 0 -4.636740 -1.635080 204.731000 1209.700000 -13 775 1 0 1.000000
-4.754620 0.011866 0 16.009600 -9.630760 225.497000 1209.930000 -13 776 1 0 1.000000
-1.984910 1.391430 0 -4.797420 16.562200 211.598000 1209.810000 -13 777 1 0 1.000000
-5.960900 -2.474960 0 26.166800 -8.379930 222.914000 1209.840000 -13 778 1 0 1.000000
-11.401700 -10.688100 0 1.738790 -10.417100 208.802000 1209.810000 -13 779 1 0 1.000000
-7.087240 -1.259890 0 -3.398210 5.803030 205.467000 1209.810000 -13 780 1 0 1.000000
-6.917910 2.722930 0 3.688510 16.619400 209.499000 1209.820000 -13 781 1 0 1.000000
7.923330 -7.851680 0 -15.670000 -12.672700 220.260000 1209.790000 -13 782 1 0 1.000000
-7.536630 2.597750 0 -14.311400 -7.882760 195.700000 1209.970000 -13 783 1 0 1.000000
-5.165340 -1.766050 0 -24.239900 16.383300 203.110000 1209.600000 -13 784 1 0 1.000000
-3.498850 -4.114500 0 10.690000 -8.092670 181.722000 1209.950000 -13 785 1 0 1.000000
1.435530 -5.325260 0 -1.892750 11.675600 211.421000 1209.760000 -13 786 1 0 1.000000
-1.374350 -1.885530 0 -20.562000 -2.668570 211.308000 1209.790000 -13 787 1 0 1.000000
-6.882480 -2.091830 0 -2.315100 -8.695280 198.606000 1209.890000 -13 788 1 0 1.000000
9.132120 -10.380700 0 -9.712980 39.006400 187.755000 1209.760000 -13 789 1 0 1.000000
15.790100 -9.249930 0 24.494300 10.219400 214.261000 1209.910000 -13 790 1 0 1.000000
-8.538430 1.139300 0 -14.236600 13.857200 210.504000 1210.000000 -13 791 1 0 1.000000
-15.745600 -4.352080 0 19.271100 6.718620 211.712000 1209.840000 -13 792 1 0 1.000000
-8.414220 -9.256650 0 -1.205450 8.572420 211.125000 1209.850000 -13 793 1 0 1.000000
-0.075784 -4.699580 0 6.076940 -0.083859 202.668000 1209.840000 -13 794 1 0 1.000000
-9.396020 -0.960259 0 -1.659220 -9.887220 205.824000 1209.970000 -13 795 1 0 1.000000
0.880312 -9.611180 0 34.097200 -13.010200 220.685000 1209.680000 -13 796 1 0 1.000000
0.909228 -15.061500 0 -8.968630 1.740650 192.491000 1209.920000 -13 797 1 0 1.000000
2.190030 -1.237560 0 -0.247628 13.186600 210.917000 1209.940000 -13 798 1 0 1.000000
-4.244980 -1.201400 0 -3.266700 7.087540 206.554000 1209.840000 -13 799 1 0 1.000000
-6.380420 1.613010 0 19.490500 16.781900 220.345000 1209.760000 -13 800 1 0 1.000000
-0.788870 -8.894970 0 -11.119700 -3.676420 215.637000 1209.930000 -13 801 1 0 1.000000
-0.685700 -3.284460 0 -6.425240 4.644510 195.915000 1209.750000 -13 802 1 0 1.000000
2.359610 -7.791730 0 11.129500 -0.622572 199.554000 1209.980000 -13 803 1 0 1.000000
-9.396090 2.249750 0 -17.537300 -1.011740 200.051000 1209.990000 -13 804 1 0 1.000000
-3.893890 2.007170 0 5.134740 9.411610 203.378000 1209.720000 -13 805 1 0 1.000000
2.048360 -8.272950 0 15.248700 19.484200 196.148000 1209.940000 -13 806 1 0 1.000000
1.280870 -0.222123 0 23.456000 1.286760 193.575000 1209.680000 -13 807 1 0 1.000000
4.225570 -5.469110 0 -22.837500 -14.171600 211.797000 1210.180000 -13 808 1 0 1.000000
-1.462690 -4.069250 0 -6.014350 3.841060 209.777000 1209.790000 -13 809 1 0 1.000000
-13.803100 -6.911210 0 14.027300 -1.017480 202.111000 1209.840000 -13 810 1 0 1.000000
1.413720 -3.683310 0 13.358500 1.188580 204.766000 1210.090000 -13 811 1 0 1.000000
3.055580 -3.679260 0 -8.889090 -2.002660 195.943000 1209.800000 -13 812 1 0 1.000000
-2.473760 -3.730930 0 14.213000 -7.816070 214.730000 1209.720000 -13 813 1 0 1.000000
5.827830 -1.170620 0 -19.561000 -28.619300 216.102000 1209.830000 -13 814 1 0 1.000000
-12.187900 -6.619370 0 11.774500 -4.368370 196.202000 1209.720000 -13 815 1 0 1.000000
-1.703060 -10.939000 0 1.941080 -19.518800 216.873000 1209.730000 -13 816 1 0 1.000000
-3.990070 -0.328660 0 -8.742130 -13.267700 225.584000 1209.920000 -13 817 1 0 1.000000
1.769220 1.082350 0 -8.389890 17.788200 193.671000 1209.750000 -13 818 1 0 1.000000
-4.684820 2.152630 0 9.668480 -15.621600 229.864000 1209.820000 -13 819 1 0 1.000000
-10.780500 -2.743540 0 11.830000 7.744470 223.605000 1209.870000 -13 820 1 0 1.000000
7.215660 -6.355780 0 6.268810 5.113790 217.459000 1209.970000 -13 821 1 0 1.000000
9.918190 0.790287 0 -1.649090 0.407456 209.872000 1209.910000 -13 822 1 0 1.000000
-2.741060 -1.492830 0 -2.649840 -8.807290 207.875000 1209.800000 -13 823 1 0 1.000000
9.945550 0.105259 0 -4.870580 17.661000 208.414000 1209.720000 -13 824 1 0 1.000000
2.323350 -4.768450 0 -3.086590 -0.519170 199.227000 1209.900000 -13 825 1 0 1.000000
-5.198780 0.575010 0 2.518150 15.826400 225.800000 1209.920000 -13 826 1 0 1.000000
-2.446430 -12.240200 0 9.733810 -5.767690 217.719000 1209.930000 -13 827 1 0 1.000000
8.679360 7.215350 0 -17.873100 11.551000 214.858000 1209.930000 -13 828 1 0 1.000000
-2.667400 -4.956980 0 35.103500 10.065000 194.385000 1209.960000 -13 829 1 0 1.000000
3.638190 -2.295810 0 3.118200 -0.538067 214.799000 1209.740000 -13 830 1 0 1.000000
-8.828090 -12.074000 0 10.659100 15.918800 199.600000 1209.820000 -13 831 1 0 1.000000
-3.310660 0.447123 0 -5.561250 16.650500 188.229000 1209.940000 -13 832 1 0 1.000000
2.584980 5.813770 0 27.969900 -1.498600 204.190000 1210.040000 -13 833 1 0 1.000000
-0.332445 2.169950 0 27.357900 -4.150120 196.190000 1209.970000 -13 834 1 0 1.000000
-3.036920 -2.469050 0 11.732000 6.769230 199.489000 1210.040000 -13 835 1 0 1.000000
-3.433970 -1.760430 0 -7.105240 -15.421900 203.199000 1209.850000 -13 836 1 0 1.000000
-18.399000 0.052769 0 0.744029 20.900500 196.585000 1209.880000 -13 837 1 0 1.000000
-2.251660 -6.296510 0 8.881400 -8.903960 200.741000 1209.790000 -13 838 1 0 1.000000
-3.124210 -1.493850 0 6.516620 -5.693490 216.543000 1209.960000 -13 839 1 0 1.000000
-7.531520 -4.115560 0 -5.809190 0.602389 198.510000 1210.020000 -13 840 1 0 1.000000
-6.282170 -3.978770 0 10.222300 3.125100 217.438000 1209.790000 -13 841 1 0 1.000000
9.133310 -19.361200 0 -9.932510 9.943750 217.745000 1209.790000 -13 842 1 0 1.000000
9.478160 -4.526940 0 19.587200 -8.221030 224.168000 1209.840000 -13 843 1 0 1.000000
7.566380 -7.764590 0 -13.455200 4.539980 225.815000 1209.970000 -13 844 1 0 1.000000
-0.088166 -1.215720 0 -3.011070 -4.511640 202.320000 1209.810000 -13 845 1 0 1.000000
2.755240 -2.122490 0 -10.785100 -3.857500 215.062000 1209.910000 -13 846 1 0 1.000000
0.287452 4.327900 0 -42.777800 -16.802400 221.875000 1209.630000 -13 847 1 0 1.000000
-5.945570 -0.805689 0 -17.679700 8.742180 208.307000 1209.980000 -13 848 1 0 1.000000
1.402210 -4.827850 0 -30.033400 21.023400 216.264000 1209.910000 -13 849 1 0 1.000000
5.714260 -12.300600 0 -6.383810 8.585760 202.565000 1210.010000 -13 850 1 0 1.000000
2.845170 -6.141950 0 23.258700 11.048600 214.158000 1209.920000 -13 851 1 0 1.000000
-11.748700 1.376540 0 13.018700 -11.822100 216.903000 1209.920000 -13 852 1 0 1.000000
5.078960 -2.323910 0 -11.083700 15.564100 213.984000 1209.900000 -13 853 1 0 1.000000
-6.787320 6.038900 0 -6.196090 6.899130 214.337000 1209.760000 -13 854 1 0 1.000000
-7.623730 -1.445830 0 -0.990555 -2.802780 199.032000 1209.820000 -13 855 1 0 1.000000
-8.687860 -3.670780 0 -2.726050 -1.394570 219.376000 1209.840000 -13 856 1 0 1.000000
2.701730 3.580090 0 7.559270 2.166570 199.381000 1209.740000 -13 857 1 0 1.000000
-13.262800 -8.198050 0 -6.576530 22.178900 208.783000 1209.730000 -13 858 1 0 1.000000
4.322540 -6.053490 0 0.352950 14.449000 208.175000 1209.980000 -13 859 1 0 1.000000
-0.432131 -5.244610 0 7.720640 -2.063450 208.829000 1209.830000 -13 860 1 0 1.000000
2.772160 -5.526300 0 8.933540 -6.968390 190.152000 1209.910000 -13 861 1 0 1.000000
-6.391960 -4.632010 0 8.181690 -4.262290 199.197000 1209.840000 -13 862 1 0 1.000000
-5.294610 1.070660 0 1.610770 11.782800 217.485000 1209.920000 -13 863 1 0 1.000000
3.310670 1.222610 0 -2.612700 5.317450 208.080000 1209.850000 -13 864 1 0 1.000000
-2.688130 -3.472250 0 20.294500 -7.979970 200.260000 1209.860000 -13 865 1 0 1.000000
-8.130660 -2.373260 0 8.945850 19.048100 220.935000 1209.680000 -13 866 1 0 1.000000
3.125720 -7.617980 0 1.859900 10.445000 198.280000 1209.870000 -13 867 1 0 1.000000
-8.674810 -4.852860 0 -2.983960 -36.497500 203.053000 1209.990000 -13 868 1 0 1.000000
-9.295270 -3.211510 0 -11.604900 20.734700 203.279000 1209.900000 -13 869 1 0 1.000000
-8.689910 -8.928280 0 22.048500 -21.044800 219.247000 1209.730000 -13 870 1 0 1.000000
-12.411200 -3.545560 0 16.927600 -15.169300 211.951000 1209.820000 -13 871 1 0 1.000000
0.533005 -2.591190 0 -7.048770 6.927140 214.630000 1209.840000 -13 872 1 0 1.000000
-4.438690 -3.369140 0 9.942610 13.457600 212.064000 1209.870000 -13 873 1 0 1.000000
-7.996470 -3.224850 0 -7.295700 -0.729839 205.063000 1209.870000 -13 874 1 0 1.000000
-12.519600 -0.151111 0 14.838000 8.772910 212.223000 1209.990000 -13 875 1 0 1.000000
5.713430 -5.267160 0 -7.139430 -23.460200 189.136000 1209.780000 -13 876 1 0 1.000000
-12.562900 -2.529980 0 22.116600 -7.725320 211.205000 1209.930000 -13 877 1 0 1.000000
-4.294490 -7.671610 0 -7.808690 -8.892230 207.672000 1209.910000 -13 878 1 0 1.000000
-2.351700 -14.408200 0 5.459080 -1.111610 207.295000 1209.950000 -13 879 1 0 1.000000
2.622310 -15.321700 0 -3.294940 -5.728110 198.926000 1209.780000 -13 880 1 0 1.000000
-11.742300 1.665770 0 -21.463300 -6.112610 207.105000 1209.780000 -13 881 1 0 1.000000
3.130720 6.464990 0 6.183280 -3.626440 206.059000 1209.910000 -13 882 1 0 1.000000
-11.398700 -9.452760 0 -8.394250 11.684100 215.808000 1209.850000 -13 883 1 0 1.000000
-9.664140 -5.467070 0 -10.217700 -26.054600 217.601000 1209.810000 -13 884 1 0 1.000000
-1.257950 -12.964500 0 2.445080 22.050600 223.508000 1209.710000 -13 885 1 0 1.000000
-14.014500 -0.918932 0 15.934300 6.805410 218.339000 1210.080000 -13 886 1 0 1.000000
-0.828236 -3.459250 0 -13.216300 -22.330000 215.977000 1209.890000 -13 887 1 0 1.000000
-1.938960 7.148350 0 6.666350 6.506730 218.962000 1209.840000 -13 888 1 0 1.000000
-6.873070 5.427590 0 11.015100 20.345200 201.976000 1209.770000 -13 889 1 0 1.000000
-11.564600 -12.722600 0 -31.037800 -21.231500 217.071000 1209.700000 -13 890 1 0 1.000000
-3.883260 0.212759 0 -2.553850 -14.428100 212.170000 1210.080000 -13 891 1 0 1.000000
-1.554710 -3.687660 0 -6.791060 -9.806050 199.235000 1209.830000 -13 892 1 0 1.000000
-8.236500 -2.161620 0 10.206900 -17.559500 212.609000 1209.910000 -13 893 1 0 1.000000
-6.297820 8.140140 0 -7.859770 33.908100 230.902000 1210.010000 -13 894 1 0 1.000000
-6.583020 3.380350 0 8.117000 -8.829460 197.456000 1209.880000 -13 895 1 0 1.000000
-13.350900 1.475310 0 -3.786990 -23.383900 211.099000 1210.010000 -13 896 1 0 1.000000
-13.163600 -5.009420 0 4.978110 0.554016 211.749000 1209.810000 -13 897 1 0 1.000000
-6.358730 -11.956400 0 -21.979700 8.817900 206.437000 1209.730000 -13 898 1 0 1.000000
1.745900 -11.247700 0 -0.502205 8.862870 209.243000 1209.830000 -13 899 1 0 1.000000
0.576255 8.340740 0 -25.514700 -13.088900 209.688000 1209.700000 -13 900 1 0 1.000000
-7.250500 -4.884610 0 -13.023500 22.627000 191.827000 1210.010000 -13 901 1 0 1.000000
3.129880 -2.587610 0 1.080670 4.851660 193.106000 1209.980000 -13 902 1 0 1.000000
-5.060140 -5.321250 0 -10.503300 13.358000 216.128000 1209.750000 -13 903 1 0 1.000000
-7.252080 -10.719700 0 17.601700 -0.461937 202.867000 1209.860000 -13 904 1 0 1.000000
0.078868 -11.604300 0 1.403750 -7.234630 206.076000 1209.910000 -13 905 1 0 1.000000
3.562340 1.638650 0 -9.079290 -0.932212 195.897000 1209.780000 -13 906 1 0 1.000000
-9.699320 -13.668800 0 37.751200 -16.135700 219.060000 1210.040000 -13 907 1 0 1.000000
0.780413 -10.619100 0 3.536910 6.311300 207.072000 1209.830000 -13 908 1 0 1.000000
-10.173500 -2.653320 0 -10.217100 8.382310 225.734000 1209.910000 -13 909 1 0 1.000000
-2.499680 -8.172940 0 -1.727220 6.417760 221.919000 1209.850000 -13 910 1 0 1.000000
0.859769 7.759170 0 4.764420 -0.850000 219.066000 1209.840000 -13 911 1 0 1.000000
-0.265126 -1.576950 0 -8.406560 1.334360 216.175000 1209.920000 -13 912 1 0 1.000000
-0.114444 -8.988850 0 -0.302673 -6.637410 205.048000 1209.660000 -13 913 1 0 1.000000
1.752650 -9.108520 0 0.949418 16.592900 209.616000 1209.820000 -13 914 1 0 1.000000
1.006740 -13.694900 0 -4.460330 14.512600 224.102000 1209.750000 -13 915 1 0 1.000000
-10.400400 -3.283090 0 10.550900 6.954370 208.826000 1209.870000 -13 916 1 0 1.000000
-3.936550 -3.656040 0 -2.711890 8.829780 200.393000 1209.890000 -13 917 1 0 1.000000
5.581120 0.025899 0 4.551720 6.048330 199.490000 1209.620000 -13 918 1 0 1.000000
-6.049340 -9.310760 0 36.299900 15.264300 199.155000 1209.950000 -13 919 1 0 1.000000
-3.277470 -3.245090 0 18.556700 19.720500 217.843000 1209.920000 -13 920 1 0 1.000000
-7.653260 -12.983500 0 -1.949780 1.387370 195.616000 1209.800000 -13 921 1 0 1.000000
6.764180 -6.082000 0 9.652810 -17.126500 202.561000 1209.650000 -13 922 1 0 1.000000
-3.247960 0.223117 0 -1.875410 5.608170 205.388000 1209.780000 -13 923 1 0 1.000000
-3.917810 -9.692590 0 -9.433680 22.256200 195.412000 1209.730000 -13 924 1 0 1.000000
-4.843010 -12.844100 0 13.983300 13.306200 200.119000 1209.710000 -13 925 1 0 1.000000
-2.462100 0.684158 0 9.987690 -6.325680 202.948000 1209.840000 -13 926 1 0 1.000000
-0.024362 2.048690 0 7.946460 9.103780 191.831000 1209.790000 -13 927 1 0 1.000000
4.260700 -8.405560 0 -11.799200 24.018500 198.845000 1209.870000 -13 928 1 0 1.000000
0.726712 -4.767430 0 -11.510700 13.802100 220.793000 1209.740000 -13 929 1 0 1.000000
-2.480070 -8.712630 0 4.299980 18.543700 219.891000 1209.850000 -13 930 1 0 1.000000
-9.958700 -8.084160 0 18.115200 -0.603251 213.815000 1209.760000 -13 931 1 0 1.000000
3.365000 -1.917020 0 -15.117500 -4.986880 220.204000 1209.770000 -13 932 1 0 1.000000
-7.826580 -3.644580 0 -0.617208 3.944630 204.185000 1209.730000 -13 933 1 0 1.000000
-8.427980 -2.396450 0 18.128400 3.978900 213.379000 1209.940000 -13 934 1 0 1.000000
-3.845460 -5.298110 0 -16.886900 -23.286200 192.924000 1209.880000 -13 935 1 0 1.000000
2.889660 -11.171900 0 -13.101100 -2.350710 211.834000 1209.660000 -13 936 1 0 1.000000
2.273380 5.848830 0 -2.583570 4.610030 209.077000 1209.730000 -13 937 1 0 1.000000
-9.750820 -6.497440 0 -5.204170 10.743100 200.070000 1209.950000 -13 938 1 0 1.000000
3.066500 -9.422710 0 -11.450000 -19.001000 214.600000 1209.740000 -13 939 1 0 1.000000
-1.989690 -8.825060 0 6.205390 6.761110 198.247000 1209.810000 -13 940 1 0 1.000000
4.150900 -9.863330 0 10.957300 -16.309100 219.699000 1209.810000 -13 941 1 0 1.000000
8.283880 1.460500 0 -5.243690 -24.392900 196.027000 1210.050000 -13 942 1 0 1.000000
3.615290 8.496750 0 20.762300 -1.641720 219.353000 1209.780000 -13 943 1 0 1.000000
-1.762080 -9.743820 0 10.305200 6.965880 212.780000 1209.810000 -13 944 1 0 1.000000
7.652620 -13.866300 0 2.061370 -11.873100 198.115000 1209.790000 -13 945 1 0 1.000000
5.358940 -9.097300 0 14.539200 5.747260 192.173000 1209.760000 -13 946 1 0 1.000000
-0.667798 -3.802820 0 10.517400 3.193430 201.227000 1209.860000 -13 947 1 0 1.000000
-7.960600 1.852460 0 3.018710 3.848650 196.043000 1209.850000 -13 948 1 0 1.000000
1.167750 0.873790 0 19.589800 20.614100 207.710000 1209.830000 -13 949 1 0 1.000000
-14.444700 -1.730230 0 -1.272050 -10.743600 205.613000 1209.730000 -13 950 1 0 1.000000
-20.224100 12.848900 0 4.508460 -17.284800 227.575000 1209.880000 -13 951 1 0 1.000000
-7.546180 -1.706610 0 -7.987740 -10.200700 226.173000 1209.960000 -13 952 1 0 1.000000
-4.632370 3.142210 0 -0.643395 7.261790 217.634000 1209.800000 -13 953 1 0 1.000000
-0.209631 -4.614290 0 2.244490 -12.323800 196.196000 1209.740000 -13 954 1 0 1.000000
2.005460 -10.082700 0 -18.040500 8.342830 213.707000 1209.940000 -13 955 1 0 1.000000
-11.664000 -4.800670 0 3.200940 -1.212580 205.884000 1209.940000 -13 956 1 0 1.000000
-6.965570 -2.185380 0 -8.065370 -4.541680 230.816000 1209.880000 -13 957 1 0 1.000000
-3.078730 -7.156930 0 -8.330700 -0.405432 195.920000 1209.670000 -13 958 1 0 1.000000
-0.617395 1.353270 0 8.539490 -14.365800 195.433000 1210.100000 -13 959 1 0 1.000000
-4.403400 -8.447690 0 -2.213170 9.094950 204.263000 1209.830000 -13 960 1 0 1.000000
-2.455980 -11.350700 0 -4.845350 2.190950 199.803000 1209.880000 -13 961 1 0 1.000000
-5.620380 -1.409780 0 1.030050 -7.115340 199.053000 1209.960000 -13 962 1 0 1.000000
-8.608700 -6.147250 0 6.319290 29.152200 195.705000 1209.940000 -13 963 1 0 1.000000
-11.700100 6.191690 0 -13.472900 -23.494700 213.268000 1209.660000 -13 964 1 0 1.000000
-4.644220 -3.408620 0 15.063700 7.929800 197.316000 1209.970000 -13 965 1 0 1.000000
-3.198650 -5.314760 0 -10.545800 -2.084470 215.484000 1209.730000 -13 966 1 0 1.000000
14.623400 -3.183460 0 4.963990 1.097910 208.767000 1209.720000 -13 967 1 0 1.000000
-7.763040 8.237810 0 0.051003 2.143540 210.890000 1209.710000 -13 968 1 0 1.000000
-5.771440 -1.536800 0 15.958400 -0.618602 214.093000 1209.850000 -13 969 1 0 1.000000
-9.154110 -6.787800 0 13.063000 -10.777300 210.919000 1209.840000 -13 970 1 0 1.000000
-10.603600 -8.164910 0 22.903000 -4.678490 202.332000 1209.900000 -13 971 1 0 1.000000
-1.557160 -3.762480 0 8.063410 -2.499730 200.182000 1209.940000 -13 972 1 0 1.000000
10.770000 -4.944390 0 26.139300 -2.351810 209.641000 1209.790000 -13 973 1 0 1.000000
-2.532430 -5.288210 0 -2.167090 -12.040900 189.676000 1209.890000 -13 974 1 0 1.000000
-5.984660 -10.630400 0 2.125120 -6.408590 206.473000 1209.770000 -13 975 1 0 1.000000
-11.691900 -3.701260 0 -0.192477 20.425500 211.182000 1209.920000 -13 976 1 0 1.000000
-3.047650 0.550067 0 19.822300 7.767970 201.898000 1209.840000 -13 977 1 0 1.000000
-6.929510 0.715983 0 20.208200 14.936700 213.573000 1210.000000 -13 978 1 0 1.000000
5.702090 -3.434360 0 1.301450 5.461580 200.097000 1209.720000 -13 979 1 0 1.000000
-9.787560 4.006990 0 -19.528000 16.645800 207.053000 1209.660000 -13 980 1 0 1.000000
-11.184300 5.401710 0 14.178700 -35.479400 224.282000 1209.680000 -13 981 1 0 1.000000
-6.947100 7.883460 0 0.032789 -14.706100 209.878000 1209.820000 -13 982 1 0 1.000000
-1.185970 -4.472560 0 -15.165800 -1.023900 205.921000 1209.740000 -13 983 1 0 1.000000
-10.213400 1.800900 0 -13.933400 11.207800 208.511000 1209.830000 -13 984 1 0 1.000000
-16.669400 -5.047490 0 14.926000 -8.183900 206.958000 1209.890000 -13 985 1 0 1.000000
2.709490 -2.915620 0 1.261080 3.541050 200.298000 1209.710000 -13 986 1 0 1.000000
-3.471140 3.133210 0 -8.080000 -0.248115 211.313000 1210.130000 -13 987 1 0 1.000000
-20.385100 -1.108930 0 33.664700 -6.100310 229.221000 1209.940000 -13 988 1 0 1.000000
8.211850 -3.788980 0 7.654290 -5.525520 189.920000 1209.850000 -13 989 1 0 1.000000
-0.873863 -6.457430 0 -10.940800 -28.172200 211.774000 1210.080000 -13 990 1 0 1.000000
-0.179455 -11.165400 0 -2.543440 10.958700 199.772000 1210.030000 -13 991 1 0 1.000000
-1.981210 -2.083640 0 -3.530370 -4.084360 175.860000 1209.810000 -13 992 1 0 1.000000
-0.952482 4.240930 0 -16.135500 -1.833870 204.215000 1209.940000 -13 993 1 0 1.000000
-17.674400 3.629510 0 -14.653400 12.694100 213.130000 1209.710000 -13 994 1 0 1.000000
-5.756390 7.212060 0 1.277250 14.184000 218.546000 1209.670000 -13 995 1 0 1.000000
3.947900 -1.382120 0 15.897100 16.988100 204.701000 1209.680000 -13 996 1 0 1.000000
-9.096150 5.876490 0 10.343300 -2.433050 214.924000 1209.790000 -13 997 1 0 1.000000
-1.866000 8.134120 0 -1.779400 -22.881700 208.010000 1209.960000 -13 998 1 0 1.000000
-1.061500 -4.525310 0 0.466447 17.538500 199.550000 1209.970000 -13 999 1 0 1.000000
-12.138100 1.307420 0 1.942740 -6.232090 204.338000 1209.840000 -13 1000 1 0 1.000000
-1.662650 10.881900 0 -2.631870 -4.590920 207.712000 1209.970000 -13 1001 1 0 1.000000
-6.636410 -15.122800 0 13.826700 0.728507 213.568000 1209.900000 -13 1002 1 0 1.000000
-2.909270 -11.453600 0 1.096660 1.208230 206.215000 1209.920000 -13 1003 1 0 1.000000
-8.984080 -4.302310 0 20.041600 41.037200 227.480000 1209.750000 -13 1004 1 0 1.000000
-5.036010 -4.003010 0 -10.065800 -7.645270 214.310000 1209.950000 -13 1005 1 0 1.000000
-4.419810 -1.843350 0 -9.798090 -2.675320 218.737000 1209.900000 -13 1006 1 0 1.000000
-8.271780 -0.746733 0 -3.316450 0.376600 222.578000 1209.930000 -13 1007 1 0 1.000000
-2.017710 -7.551600 0 11.317700 -13.417700 193.798000 1209.910000 -13 1008 1 0 1.000000
-8.628760 -8.830790 0 2.731610 -5.721970 215.249000 1209.770000 -13 1009 1 0 1.000000
-4.837650 2.052380 0 -11.228100 0.731023 196.631000 1209.900000 -13 1010 1 0 1.000000
-2.264850 -1.473890 0 -12.207500 3.052050 210.037000 1209.920000 -13 1011 1 0 1.000000
-4.137900 -8.428350 0 13.826600 -4.324710 208.397000 1209.980000 -13 1012 1 0 1.000000
-7.735560 3.255040 0 -10.646600 9.900220 206.035000 1209.840000 -13 1013 1 0 1.000000
-7.847080 -3.983390 0 13.650800 23.568800 202.662000 1210.000000 -13 1014 1 0 1.000000
-9.301350 8.352990 0 5.454440 -3.847820 202.141000 1210.010000 -13 1015 1 0 1.000000
-3.471390 0.372544 0 22.092300 -2.839840 223.522000 1209.770000 -13 1016 1 0 1.000000
0.624107 0.579679 0 7.025440 -9.743490 214.638000 1209.750000 -13 1017 1 0 1.000000
-8.195420 -2.863300 0 15.299700 6.880410 209.743000 1209.870000 -13 1018 1 0 1.000000
-16.394000 -9.969900 0 -19.579500 14.342800 213.988000 1209.900000 -13 1019 1 0 1.000000
-6.310070 -5.468890 0 3.109830 11.268300 207.612000 1209.760000 -13 1020 1 0 1.000000
8.878060 -6.134110 0 9.058730 -5.779580 197.866000 1209.990000 -13 1021 1 0 1.000000
1.068360 -5.043230 0 -4.444450 -5.977090 204.241000 1209.810000 -13 1022 1 0 1.000000
-0.063978 -4.876990 0 5.429400 12.134200 210.254000 1209.810000 -13 1023 1 0 1.000000
2.698720 -0.887245 0 7.140870 -10.896700 193.675000 1209.970000 -13 1024 1 0 1.000000
1.618530 -17.531400 0 15.274400 -33.098100 216.757000 1209.860000 -13 1025 1 0 1.000000
-7.752640 0.598020 0 -0.411176 -15.121700 204.729000 1209.900000 -13 1026 1 0 1.000000
-1.863850 -6.253810 0 11.068100 2.715820 214.112000 1209.870000 -13 1027 1 0 1.000000
-7.971290 1.203720 0 7.950490 3.438150 219.193000 1209.710000 -13 1028 1 0 1.000000
-12.359800 -0.021745 0 -4.007290 6.583500 197.314000 1209.890000 -13 1029 1 0 1.000000
-3.598110 -3.709240 0 -17.703600 -4.648880 180.488000 1209.900000 -13 1030 1 0 1.000000
6.729360 -3.871140 0 -1.448680 -4.384040 203.799000 1209.820000 -13 1031 1 0 1.000000
-5.156190 -1.449590 0 3.289420 -0.112319 204.981000 1209.820000 -13 1032 1 0 1.000000
-4.656480 -6.648850 0 -24.641600 17.612700 213.029000 1209.790000 -13 1033 1 0 1.000000
-14.606800 0.407867 0 -2.667740 -2.512430 202.074000 1209.720000 -13 1034 1 0 1.000000
-2.200290 -5.626240 0 -3.415900 3.697330 209.729000 1209.900000 -13 1035 1 0 1.000000
-11.544900 1.109200 0 0.458096 -7.282360 200.438000 1209.930000 -13 1036 1 0 1.000000
0.544234 -4.993620 0 3.182920 -21.540000 209.574000 1209.770000 -13 1037 1 0 1.000000
-9.559940 -3.090240 0 9.306650 -3.716910 207.973000 1210.020000 -13 1038 1 0 1.000000
4.200090 -9.779450 0 8.873460 8.240580 189.440000 1209.640000 -13 1039 1 0 1.000000
-3.867400 -13.390300 0 -22.304000 -20.689100 221.046000 1209.850000 -13 1040 1 0 1.000000
-0.829491 9.390220 0 -7.791010 27.049200 231.050000 1209.780000 -13 1041 1 0 1.000000
-0.187018 -8.920730 0 -18.703100 5.805230 198.657000 1209.750000 -13 1042 1 0 1.000000
-4.016550 -1.507370 0 10.877800 2.819440 201.241000 1209.900000 -13 1043 1 0 1.000000
-7.083130 -14.639100 0 -8.182470 32.711700 208.471000 1209.830000 -13 1044 1 0 1.000000
-3.203820 -11.793500 0 -6.946210 26.719400 210.173000 1209.950000 -13 1045 1 0 1.000000
-6.583030 -1.446440 0 -14.684900 11.785500 211.862000 1209.870000 -13 1046 1 0 1.000000
-13.807000 -5.767050 0 7.172510 16.806800 215.417000 1209.790000 -13 1047 1 0 1.000000
-0.572613 5.116450 0 12.546600 -11.768300 205.829000 1209.870000 -13 1048 1 0 1.000000
-12.179800 -8.268490 0 -6.016040 14.585900 209.116000 1209.850000 -13 1049 1 0 1.000000
1.479790 -11.593500 0 6.854520 18.392000 204.891000 1209.790000 -13 1050 1 0 1.000000
-7.520950 2.977500 0 -0.056136 -5.122480 207.905000 1209.720000 -13 1051 1 0 1.000000
-18.466600 -2.681270 0 5.377380 -5.209110 225.460000 1210.100000 -13 1052 1 0 1.000000
-4.954650 1.898050 0 -2.328150 -19.129800 196.568000 1209.730000 -13 1053 1 0 1.000000
-10.044300 4.432390 0 7.027010 6.170340 202.469000 1209.870000 -13 1054 1 0 1.000000
-3.229420 -15.378800 0 10.103800 27.828400 222.454000 1209.720000 -13 1055 1 0 1.000000
-8.411170 -2.883660 0 8.169530 -14.004600 207.576000 1209.970000 -13 1056 1 0 1.000000
-4.836880 0.522179 0 -1.852870 -2.165190 191.245000 1209.700000 -13 1057 1 0 1.000000
-2.256320 -3.036690 0 -3.909220 -5.884300 216.835000 1209.830000 -13 1058 1 0 1.000000
-5.648370 3.205290 0 6.551720 -13.932800 207.575000 1209.720000 -13 1059 1 0 1.000000
-6.403140 -4.257760 0 -12.143100 -9.180630 221.836000 1209.810000 -13 1060 1 0 1.000000
-5.971280 -4.265740 0 2.496590 -0.806515 208.613000 1209.910000 -13 1061 1 0 1.000000
2.125650 -12.543300 0 -7.865460 22.022900 210.609000 1209.980000 -13 1062 1 0 1.000000
-4.369060 -4.783840 0 2.122330 3.720300 202.756000 1209.900000 -13 1063 1 0 1.000000
8.619060 1.217160 0 -7.006410 -5.490460 206.532000 1209.770000 -13 1064 1 0 1.000000
-4.903480 -4.694380 0 -9.759750 -6.746990 201.051000 1209.820000 -13 1065 1 0 1.000000
3.725430 -0.519064 0 -4.003470 8.864730 194.759000 1209.850000 -13 1066 1 0 1.000000
9.944390 -6.805190 0 -11.910900 9.462040 211.225000 1209.920000 -13 1067 1 0 1.000000
-0.615840 -6.814140 0 9.102790 -0.816311 189.246000 1209.980000 -13 1068 1 0 1.000000
-6.058800 -1.637560 0 -6.385610 -0.313061 208.706000 1209.790000 -13 1069 1 0 1.000000
0.137343 -4.165060 0 -13.737800 -8.377110 182.664000 1209.920000 -13 1070 1 0 1.000000
-8.742210 -1.610880 0 -4.782630 8.739740 212.544000 1210.010000 -13 1071 1 0 1.000000
-9.969090 -11.515900 0 -0.458130 7.061860 203.423000 1209.930000 -13 1072 1 0 1.000000
-3.103580 -4.154240 0 -0.917830 8.856190 214.395000 1209.830000 -13 1073 1 0 1.000000
-13.097000 -3.318980 0 -3.118070 -8.828190 201.269000 1209.900000 -13 1074 1 0 1.000000
-7.937290 -1.112940 0 7.750430 13.661000 213.453000 1209.830000 -13 1075 1 0 1.000000
3.029470 -7.788840 0 -14.142800 1.286790 195.046000 1209.790000 -13 1076 1 0 1.000000
-2.854990 4.615640 0 7.622670 -4.350720 218.773000 1209.980000 -13 1077 1 0 1.000000
-9.588460 -9.401030 0 0.651705 -6.053220 216.687000 1209.870000 -13 1078 1 0 1.000000
-2.223770 -3.731220 0 -11.870100 -10.097500 196.927000 1209.830000 -13 1079 1 0 1.000000
-2.474740 5.746480 0 -3.854030 14.620700 217.170000 1210.070000 -13 1080 1 0 1.000000
-0.654655 7.655990 0 -5.978990 2.094410 213.372000 1210.030000 -13 1081 1 0 1.000000
