#BLTrackFile solenoid_cooling_channel
#x y z Px Py Pz t PDGid EvNum TrkId Parent weight
-1.796110 -2.351410 0 0.000000 0.000000 203.000000 1372.280000 -13 1 1 0 1.000000
-2.609830 -4.249330 0 6.142720 -3.308430 198.748000 1372.310000 -13 2 1 0 1.000000
-5.809700 -4.091210 0 14.481600 -11.812400 216.561000 1372.250000 -13 3 1 0 1.000000
-3.696310 1.244130 0 3.637930 3.752550 207.677000 1372.340000 -13 4 1 0 1.000000
1.344090 -3.204380 0 2.653980 4.040820 207.829000 1372.320000 -13 5 1 0 1.000000
-4.781490 -4.866710 0 -1.427830 -7.002030 204.133000 1372.250000 -13 6 1 0 1.000000
-3.406220 -0.422765 0 -0.815800 -16.662700 197.739000 1372.230000 -13 7 1 0 1.000000
0.477856 -7.232580 0 -16.220100 -3.943830 223.076000 1372.260000 -13 8 1 0 1.000000
1.451750 -4.465190 0 10.463300 -13.821200 184.158000 1372.240000 -13 9 1 0 1.000000
-8.059830 -1.713720 0 -19.609500 11.980200 201.038000 1372.430000 -13 10 1 0 1.000000
-3.284880 1.756440 0 13.793600 -8.807040 207.318000 1372.320000 -13 11 1 0 1.000000
-2.994010 -1.981340 0 -2.036660 -5.577070 198.779000 1372.110000 -13 12 1 0 1.000000
-6.217120 -2.581410 0 4.607110 -15.948300 207.373000 1372.370000 -13 13 1 0 1.000000
0.537672 -5.667210 0 -6.813170 34.886300 220.959000 1372.280000 -13 14 1 0 1.000000
-6.548420 -7.024370 0 -15.215600 -2.046580 190.481000 1372.220000 -13 15 1 0 1.000000
-4.745780 -4.960560 0 -0.244782 11.814400 208.390000 1372.340000 -13 16 1 0 1.000000
-1.206960 -1.958850 0 -12.690600 -0.879420 194.502000 1372.250000 -13 17 1 0 1.000000
-5.380650 -4.116350 0 1.308070 -5.753860 219.267000 1372.260000 -13 18 1 0 1.000000
4.137480 0.135746 0 -12.238600 -11.356400 195.509000 1372.300000 -13 19 1 0 1.000000
-3.087930 -7.011290 0 19.166500 -19.429800 202.348000 1372.380000 -13 20 1 0 1.000000
-3.221170 0.678478 0 -15.749000 2.036880 232.592000 1372.310000 -13 21 1 0 1.000000
-3.005080 6.183870 0 -21.395000 -10.721900 207.430000 1372.250000 -13 22 1 0 1.000000
-3.315540 -8.107790 0 -7.382470 5.373480 197.248000 1372.360000 -13 23 1 0 1.000000
1.043020 -4.279780 0 -38.905300 8.407250 195.719000 1372.440000 -13 24 1 0 1.000000
-1.829870 7.186530 0 20.690800 -21.129800 203.329000 1372.270000 -13 25 1 0 1.000000
-3.927290 0.580480 0 -2.762300 -6.617810 208.546000 1372.270000 -13 26 1 0 1.000000
-4.722830 4.221340 0 1.095340 9.749360 188.522000 1372.190000 -13 27 1 0 1.000000
2.934010 2.547860 0 -21.936800 16.817900 229.014000 1372.300000 -13 28 1 0 1.000000
-7.982730 -0.805406 0 3.571800 -7.333310 199.920000 1372.320000 -13 29 1 0 1.000000
2.092420 -3.417900 0 -17.003800 -3.080610 189.922000 1372.260000 -13 30 1 0 1.000000
1.261160 -8.358230 0 44.076700 22.821100 220.160000 1372.360000 -13 31 1 0 1.000000
-8.761540 -4.720910 0 2.931960 5.453890 195.624000 1372.340000 -13 32 1 0 1.000000
-4.565240 -1.770520 0 -19.784200 1.472410 204.695000 1372.230000 -13 33 1 0 1.000000
1.082290 1.429860 0 4.110260 3.959540 196.341000 1372.200000 -13 34 1 0 1.000000
1.218850 0.652935 0 4.515870 15.860400 186.290000 1372.280000 -13 35 1 0 1.000000
-7.528070 -3.339870 0 -15.969400 -1.306130 208.742000 1372.230000 -13 36 1 0 1.000000
-6.689580 2.415430 0 -8.012370 15.281600 193.056000 1372.170000 -13 37 1 0 1.000000
-6.817880 -5.933890 0 -8.549710 19.076300 194.557000 1372.310000 -13 38 1 0 1.000000
-8.422610 -5.989420 0 3.127940 16.118000 214.635000 1372.120000 -13 39 1 0 1.000000
-2.267330 1.178360 0 -3.558570 -6.962290 197.996000 1372.300000 -13 40 1 0 1.000000
-9.296190 4.620970 0 -4.790230 -4.742360 204.188000 1372.240000 -13 41 1 0 1.000000
3.253920 -4.806630 0 -0.320889 -5.044350 200.637000 1372.200000 -13 42 1 0 1.000000
-3.512310 1.000270 0 1.046420 1.177600 205.461000 1372.160000 -13 43 1 0 1.000000
-6.176460 -7.235740 0 16.478100 12.176800 217.290000 1372.240000 -13 44 1 0 1.000000
-4.180790 -5.994440 0 -1.220890 -9.441160 198.675000 1372.260000 -13 45 1 0 1.000000
-4.069170 -8.042990 0 10.862100 -5.258570 216.487000 1372.300000 -13 46 1 0 1.000000
-6.921960 -5.042030 0 27.128400 -27.139300 205.473000 1372.320000 -13 47 1 0 1.000000
-7.692390 -1.891590 0 -15.796200 0.852488 204.656000 1372.120000 -13 48 1 0 1.000000
-14.800100 -0.581817 0 -26.102700 -17.586700 216.569000 1372.190000 -13 49 1 0 1.000000
-1.997240 -4.440160 0 -1.086120 20.060200 196.938000 1372.310000 -13 50 1 0 1.000000
5.349180 -4.597310 0 -16.086100 2.203400 186.331000 1372.120000 -13 51 1 0 1.000000
4.304260 -4.325890 0 -6.194950 -22.552900 202.134000 1372.410000 -13 52 1 0 1.000000
-3.045690 -1.155610 0 -9.669180 -0.647336 202.926000 1372.360000 -13 53 1 0 1.000000
-7.083220 3.000050 0 -14.563600 6.503130 207.977000 1372.240000 -13 54 1 0 1.000000
-4.373650 -5.252670 0 -5.091110 -10.803900 200.563000 1372.320000 -13 55 1 0 1.000000
2.645350 -5.721810 0 -16.249000 19.535000 219.731000 1372.210000 -13 56 1 0 1.000000
4.632010 1.725830 0 -1.892550 -3.831850 205.659000 1372.320000 -13 57 1 0 1.000000
-0.307459 -5.204690 0 -0.399606 -14.135500 210.185000 1372.180000 -13 58 1 0 1.000000
-1.284140 -1.259540 0 -32.195800 23.015100 232.943000 1372.370000 -13 59 1 0 1.000000
-6.070110 -4.906490 0 6.677820 -21.275500 196.858000 1372.220000 -13 60 1 0 1.000000
-3.476210 -1.225640 0 40.428900 11.883400 222.888000 1372.300000 -13 61 1 0 1.000000
-8.998150 -0.048676 0 -6.220200 -9.232740 213.378000 1372.240000 -13 62 1 0 1.000000
1.834580 -13.730200 0 -35.042900 48.284600 231.634000 1372.310000 -13 63 1 0 1.000000
-1.206580 0.014318 0 15.416100 21.304500 196.591000 1372.440000 -13 64 1 0 1.000000
-5.802760 -4.221200 0 -14.205300 6.399590 204.955000 1372.320000 -13 65 1 0 1.000000
2.136000 1.548830 0 7.243740 19.310000 196.684000 1372.360000 -13 66 1 0 1.000000
-0.278393 -9.551660 0 -9.561800 3.108600 211.502000 1372.300000 -13 67 1 0 1.000000
3.413460 -3.085520 0 16.257200 8.282580 207.455000 1372.360000 -13 68 1 0 1.000000
0.387973 -1.786720 0 0.137159 18.055400 199.150000 1372.400000 -13 69 1 0 1.000000
-4.527230 0.764829 0 -4.784710 -0.875138 221.522000 1372.310000 -13 70 1 0 1.000000
-2.931030 -1.296810 0 -19.587000 10.282900 200.272000 1372.200000 -13 71 1 0 1.000000
-3.231800 -5.439340 0 2.856590 -3.905870 204.895000 1372.400000 -13 72 1 0 1.000000
-1.764310 3.529350 0 -18.974600 -8.549630 202.249000 1372.340000 -13 73 1 0 1.000000
-1.703500 -0.594245 0 -13.138800 20.643100 195.957000 1372.400000 -13 74 1 0 1.000000
0.235674 -2.275350 0 -7.751570 10.163000 198.486000 1372.310000 -13 75 1 0 1.000000
-3.724230 0.817773 0 23.073600 -2.184000 184.732000 1372.430000 -13 76 1 0 1.000000
2.378360 -3.112090 0 -13.256400 -0.096047 222.600000 1372.180000 -13 77 1 0 1.000000
0.092649 -2.419270 0 9.788620 12.236100 207.189000 1372.270000 -13 78 1 0 1.000000
-4.732990 3.639750 0 -14.801300 -9.360470 211.256000 1372.360000 -13 79 1 0 1.000000
2.063090 -2.630810 0 -36.147100 -16.441300 219.854000 1372.360000 -13 80 1 0 1.000000
4.925440 -1.573800 0 1.991310 -2.645250 201.408000 1372.240000 -13 81 1 0 1.000000
-9.607100 -5.594320 0 0.301125 -12.891200 205.106000 1372.160000 -13 82 1 0 1.000000
-8.080970 -7.609460 0 2.727730 11.368800 201.655000 1372.400000 -13 83 1 0 1.000000
-3.977340 -6.639490 0 12.174600 1.493380 209.816000 1372.210000 -13 84 1 0 1.000000
0.198112 2.233100 0 14.130900 5.596060 204.062000 1372.390000 -13 85 1 0 1.000000
0.511234 -3.113820 0 40.144600 20.355800 220.062000 1372.180000 -13 86 1 0 1.000000
0.824554 -0.325215 0 -16.731700 10.124600 212.170000 1372.330000 -13 87 1 0 1.000000
-3.250340 -1.597690 0 5.432470 -9.456070 206.475000 1372.360000 -13 88 1 0 1.000000
-4.155600 -6.240170 0 4.981500 8.125650 201.639000 1372.330000 -13 89 1 0 1.000000
-2.388880 -0.597184 0 2.857980 -47.394100 233.206000 1372.210000 -13 90 1 0 1.000000
1.908620 -3.176130 0 15.911900 -2.057630 186.046000 1372.310000 -13 91 1 0 1.000000
-1.510310 -1.544000 0 -11.766200 -8.472510 208.129000 1372.100000 -13 92 1 0 1.000000
-5.989480 5.097280 0 4.203940 -10.815500 186.929000 1372.270000 -13 93 1 0 1.000000
1.274490 1.620040 0 1.447290 21.766700 203.382000 1372.420000 -13 94 1 0 1.000000
-5.164810 -0.971227 0 -23.082100 -13.419000 198.677000 1372.420000 -13 95 1 0 1.000000
-4.234150 -7.795470 0 -10.287900 1.581650 211.350000 1372.330000 -13 96 1 0 1.000000
-3.022540 -1.135840 0 4.694330 -16.084400 202.000000 1372.300000 -13 97 1 0 1.000000
-5.086800 -1.533630 0 9.012260 -9.818740 188.110000 1372.220000 -13 98 1 0 1.000000
-5.921680 -5.768070 0 12.533400 15.079800 214.425000 1372.360000 -13 99 1 0 1.000000
-6.783960 3.415990 0 -16.992500 -22.818800 220.767000 1372.350000 -13 100 1 0 1.000000
-3.788910 -0.377201 0 14.436900 -9.562150 200.073000 1372.240000 -13 101 1 0 1.000000
-4.986830 -0.462429 0 -21.073000 -3.668040 224.384000 1372.360000 -13 102 1 0 1.000000
-0.762777 -7.543220 0 2.755470 -5.373450 195.671000 1372.300000 -13 103 1 0 1.000000
-4.074060 -3.528600 0 17.040700 -0.713961 205.199000 1372.380000 -13 104 1 0 1.000000
-1.616930 -6.228200 0 2.801470 -4.235420 195.920000 1372.290000 -13 105 1 0 1.000000
-8.492290 -2.351020 0 9.745200 1.578450 215.248000 1372.230000 -13 106 1 0 1.000000
5.299810 -7.978630 0 3.236780 -1.548510 214.773000 1372.220000 -13 107 1 0 1.000000
-11.600100 -6.532050 0 -5.126680 -2.949330 206.018000 1372.240000 -13 108 1 0 1.000000
-4.563040 -1.833390 0 -17.749500 -7.703700 223.410000 1372.120000 -13 109 1 0 1.000000
-4.182600 -4.421100 0 -2.285660 6.892840 218.168000 1372.210000 -13 110 1 0 1.000000
-0.200840 -6.649020 0 9.039940 31.468800 217.699000 1372.170000 -13 111 1 0 1.000000
-1.638790 -3.182750 0 -4.538940 -1.360350 212.423000 1372.430000 -13 112 1 0 1.000000
3.353550 -0.728757 0 -9.086770 -3.566660 178.089000 1372.180000 -13 113 1 0 1.000000
1.858300 -4.504320 0 9.336390 -15.124700 218.760000 1372.340000 -13 114 1 0 1.000000
-0.277948 -1.331700 0 -20.338400 -14.230600 222.329000 1372.340000 -13 115 1 0 1.000000
-3.853290 1.143910 0 -10.169800 7.600520 202.507000 1372.320000 -13 116 1 0 1.000000
-4.340560 1.112930 0 7.210250 24.533200 200.164000 1372.420000 -13 117 1 0 1.000000
-3.473140 -5.254150 0 11.843500 0.494493 200.864000 1372.230000 -13 118 1 0 1.000000
-1.630560 3.730790 0 12.538200 -14.796500 211.860000 1372.300000 -13 119 1 0 1.000000
5.755440 2.379890 0 -1.997710 3.489660 214.501000 1372.360000 -13 120 1 0 1.000000
-3.999320 7.975860 0 -10.558500 -13.230500 225.976000 1372.270000 -13 121 1 0 1.000000
2.040360 -11.637000 0 -9.353270 -7.937570 220.600000 1372.250000 -13 122 1 0 1.000000
-1.235790 -3.843910 0 -14.736900 11.814200 209.189000 1372.140000 -13 123 1 0 1.000000
-0.052884 3.121930 0 20.366100 8.328440 205.229000 1372.260000 -13 124 1 0 1.000000
0.267783 -5.039160 0 10.012300 -1.571060 201.135000 1372.400000 -13 125 1 0 1.000000
-1.074510 0.834908 0 4.544930 -20.002600 213.852000 1372.290000 -13 126 1 0 1.000000
-8.896900 -0.831401 0 -9.729250 2.424890 210.642000 1372.350000 -13 127 1 0 1.000000
3.165620 0.385093 0 -4.252970 -4.733750 200.267000 1372.200000 -13 128 1 0 1.000000
1.401530 -1.504060 0 -0.785571 15.568200 221.146000 1372.260000 -13 129 1 0 1.000000
-0.928434 -3.178170 0 -7.232510 -1.845520 201.442000 1372.330000 -13 130 1 0 1.000000
1.792170 2.540890 0 -5.668490 -2.839800 213.509000 1372.490000 -13 131 1 0 1.000000
-4.750830 2.340250 0 -0.100229 15.872200 195.642000 1372.450000 -13 132 1 0 1.000000
1.452040 -2.260150 0 5.164450 11.239800 201.333000 1372.310000 -13 133 1 0 1.000000
-1.616340 -7.299020 0 8.052490 3.332820 209.096000 1372.120000 -13 134 1 0 1.000000
-6.913420 -1.216310 0 1.454300 2.734150 218.599000 1372.280000 -13 135 1 0 1.000000
-7.981210 -4.239050 0 -0.950328 -10.653200 191.972000 1372.310000 -13 136 1 0 1.000000
5.195480 0.737074 0 -4.432390 -2.553900 208.457000 1372.200000 -13 137 1 0 1.000000
2.835600 -2.808130 0 -10.103200 -4.370840 209.136000 1372.400000 -13 138 1 0 1.000000
-0.399860 0.422782 0 -54.669600 11.266500 219.974000 1372.410000 -13 139 1 0 1.000000
-4.568140 -3.024910 0 13.624300 0.287579 214.907000 1372.370000 -13 140 1 0 1.000000
-3.878690 -2.369450 0 12.176100 -22.117500 200.350000 1372.220000 -13 141 1 0 1.000000
0.175791 1.001230 0 2.460890 0.639796 206.744000 1372.230000 -13 142 1 0 1.000000
-2.351340 -1.875370 0 18.082400 -1.166570 203.987000 1372.410000 -13 143 1 0 1.000000
-6.300640 2.251260 0 27.725800 -2.072200 202.737000 1372.200000 -13 144 1 0 1.000000
-1.413650 -1.870950 0 -17.962600 -8.944380 207.995000 1372.360000 -13 145 1 0 1.000000
-3.630790 -1.248250 0 -27.424400 17.156800 193.103000 1372.120000 -13 146 1 0 1.000000
-4.758550 -1.251960 0 6.679040 3.126200 201.577000 1372.160000 -13 147 1 0 1.000000
12.213800 -0.275825 0 -17.872300 6.243500 201.589000 1372.370000 -13 148 1 0 1.000000
1.308870 -4.029610 0 -26.487800 12.812400 214.925000 1372.440000 -13 149 1 0 1.000000
-2.925310 -4.590900 0 12.061400 8.297350 210.500000 1372.270000 -13 150 1 0 1.000000
-0.612100 -4.184380 0 -14.493800 4.197230 210.891000 1372.150000 -13 151 1 0 1.000000
0.639440 -5.384640 0 -10.289000 -4.910370 218.610000 1372.140000 -13 152 1 0 1.000000
0.751771 0.292732 0 6.694030 -17.556900 206.336000 1372.390000 -13 153 1 0 1.000000
0.111372 3.287570 0 17.422400 -21.179600 190.671000 1372.230000 -13 154 1 0 1.000000
-0.251780 -2.087670 0 -2.115550 24.205800 204.657000 1372.300000 -13 155 1 0 1.000000
-12.547400 3.276430 0 19.516100 -18.668900 208.303000 1372.320000 -13 156 1 0 1.000000
-6.515280 -2.864970 0 -1.104510 -7.443520 207.863000 1372.310000 -13 157 1 0 1.000000
-4.425500 -6.593640 0 6.642050 -6.487820 207.844000 1372.190000 -13 158 1 0 1.000000
-0.864646 -6.077840 0 9.204530 25.987200 192.554000 1372.360000 -13 159 1 0 1.000000
-3.980370 1.940130 0 -4.800980 6.249320 211.356000 1372.380000 -13 160 1 0 1.000000
7.154750 -11.074700 0 0.969075 8.492400 209.985000 1372.170000 -13 161 1 0 1.000000
-3.428770 -2.228580 0 5.402540 -16.228200 198.742000 1372.220000 -13 162 1 0 1.000000
0.439645 -6.867100 0 5.201640 4.560690 200.245000 1372.450000 -13 163 1 0 1.000000
7.566320 -6.207430 0 -11.324200 5.609870 196.051000 1372.250000 -13 164 1 0 1.000000
-3.523160 -1.899300 0 -3.598060 15.675400 206.090000 1372.410000 -13 165 1 0 1.000000
1.552980 -1.796320 0 10.005800 -3.867740 231.782000 1372.360000 -13 166 1 0 1.000000
0.904447 -3.216500 0 -5.424280 3.379640 204.707000 1372.230000 -13 167 1 0 1.000000
-2.369790 3.953230 0 -22.636100 -7.879270 200.504000 1372.340000 -13 168 1 0 1.000000
4.265030 2.275290 0 -9.163950 -10.221600 209.668000 1372.210000 -13 169 1 0 1.000000
-10.475300 6.383730 0 27.672400 -27.808300 218.361000 1372.350000 -13 170 1 0 1.000000
-2.774800 0.640273 0 -1.837160 -3.231180 209.261000 1372.260000 -13 171 1 0 1.000000
-4.899660 4.431780 0 7.382260 9.253850 220.593000 1372.240000 -13 172 1 0 1.000000
-3.229100 -3.363680 0 -3.153630 -9.377760 197.798000 1372.260000 -13 173 1 0 1.000000
2.430650 1.968740 0 7.098720 30.265300 214.077000 1372.210000 -13 174 1 0 1.000000
-1.707990 -2.978000 0 11.884700 10.799800 193.399000 1372.270000 -13 175 1 0 1.000000
-3.015680 -8.261790 0 -6.611250 -14.056600 203.998000 1372.140000 -13 176 1 0 1.000000
-5.035720 -6.447750 0 0.952737 0.485319 202.139000 1372.300000 -13 177 1 0 1.000000
-0.612411 -0.977231 0 7.057860 6.015020 207.142000 1372.390000 -13 178 1 0 1.000000
-9.078640 -6.853390 0 29.287400 4.839480 206.038000 1372.180000 -13 179 1 0 1.000000
-3.729790 2.023820 0 -9.868740 7.216840 197.296000 1372.330000 -13 180 1 0 1.000000
3.444400 -1.515630 0 6.857580 -14.999200 209.766000 1372.270000 -13 181 1 0 1.000000
-0.172965 -7.827030 0 0.008177 4.527400 192.137000 1372.280000 -13 182 1 0 1.000000
0.590213 -0.733301 0 -8.373210 -12.780200 203.412000 1372.280000 -13 183 1 0 1.000000
-1.258540 -2.433360 0 10.157400 4.214710 196.036000 1372.270000 -13 184 1 0 1.000000
7.374070 -0.497752 0 -26.229200 -10.418200 201.849000 1372.430000 -13 185 1 0 1.000000
0.183059 -1.391070 0 -2.709040 17.868100 211.417000 1372.180000 -13 186 1 0 1.000000
-1.968050 -4.931060 0 10.976800 23.138000 219.509000 1372.190000 -13 187 1 0 1.000000
-8.235180 -0.631642 0 18.231800 19.147300 214.716000 1372.270000 -13 188 1 0 1.000000
0.339223 -8.912130 0 3.387990 -4.415250 203.117000 1372.270000 -13 189 1 0 1.000000
3.638920 0.869467 0 29.834700 -3.909600 204.600000 1372.220000 -13 190 1 0 1.000000
1.262440 -3.430300 0 -5.453870 -3.279030 220.747000 1372.260000 -13 191 1 0 1.000000
-1.397760 -1.585820 0 -14.050600 8.336940 200.673000 1372.300000 -13 192 1 0 1.000000
0.610569 -12.875900 0 9.839840 8.927990 202.200000 1372.210000 -13 193 1 0 1.000000
-2.478880 1.093960 0 -13.808400 -20.426600 191.360000 1372.290000 -13 194 1 0 1.000000
-4.454790 -7.055760 0 12.206100 6.578020 187.400000 1372.380000 -13 195 1 0 1.000000
-3.706590 -10.756500 0 9.699160 -13.392800 198.999000 1372.290000 -13 196 1 0 1.000000
2.918640 -4.259420 0 23.175100 16.280700 203.555000 1372.160000 -13 197 1 0 1.000000
0.017923 4.661340 0 -10.210000 -13.350200 206.724000 1372.260000 -13 198 1 0 1.000000
-1.359260 1.765130 0 3.327520 -16.373500 192.115000 1372.310000 -13 199 1 0 1.000000
-0.197044 -6.609060 0 7.281500 11.701300 193.892000 1372.300000 -13 200 1 0 1.000000
-11.187700 -0.527568 0 -26.984700 14.119000 229.403000 1372.330000 -13 201 1 0 1.000000
-2.436360 6.372360 0 -3.879250 -8.904950 225.719000 1372.310000 -13 202 1 0 1.000000
-0.238763 -3.264140 0 14.158300 -12.979700 212.204000 1372.420000 -13 203 1 0 1.000000
-2.101130 -0.236252 0 -1.301700 -9.025500 210.208000 1372.310000 -13 204 1 0 1.000000
4.296270 -2.657130 0 -18.975600 -10.668700 182.354000 1372.260000 -13 205 1 0 1.000000
5.620770 -1.787490 0 22.393600 14.271800 209.145000 1372.190000 -13 206 1 0 1.000000
-1.535440 -6.169380 0 -6.195120 -0.413163 207.374000 1372.080000 -13 207 1 0 1.000000
-8.108260 -9.958020 0 9.188890 3.824780 224.767000 1372.330000 -13 208 1 0 1.000000
3.787370 -7.663150 0 -6.134130 -2.408660 199.051000 1372.180000 -13 209 1 0 1.000000
8.795670 0.468793 0 9.919290 -4.269550 195.722000 1372.180000 -13 210 1 0 1.000000
-0.678902 1.905370 0 -6.402460 2.814500 226.882000 1372.310000 -13 211 1 0 1.000000
1.714260 -3.679890 0 -3.710860 -4.829310 209.589000 1372.260000 -13 212 1 0 1.000000
-2.268430 -1.502680 0 13.857900 -7.962670 195.093000 1372.260000 -13 213 1 0 1.000000
-4.804260 5.788370 0 -5.810800 0.060186 205.821000 1372.270000 -13 214 1 0 1.000000
-3.467080 2.641520 0 -15.788000 -3.487410 214.795000 1372.380000 -13 215 1 0 1.000000
-2.495640 0.346216 0 2.456670 -1.726090 190.439000 1372.380000 -13 216 1 0 1.000000
-8.654170 -10.553900 0 -1.649250 -11.088800 202.265000 1372.110000 -13 217 1 0 1.000000
-4.296950 2.410060 0 18.389900 -32.275900 214.228000 1372.150000 -13 218 1 0 1.000000
-3.607650 -2.412120 0 -21.447600 -13.811600 200.760000 1372.430000 -13 219 1 0 1.000000
-3.719560 -5.339350 0 8.129260 -7.211580 209.469000 1372.410000 -13 220 1 0 1.000000
-1.770640 -0.227626 0 -17.715300 17.102000 205.213000 1372.280000 -13 221 1 0 1.000000
-4.569710 -1.669980 0 -4.408600 4.589280 206.155000 1372.320000 -13 222 1 0 1.000000
-9.459520 -6.137520 0 15.285500 5.840510 211.180000 1372.160000 -13 223 1 0 1.000000
-3.275790 1.264980 0 -10.121700 8.672290 208.726000 1372.250000 -13 224 1 0 1.000000
3.471460 -4.694450 0 -2.398600 6.099660 210.759000 1372.330000 -13 225 1 0 1.000000
6.011670 -6.428690 0 -1.483370 7.025280 183.869000 1372.210000 -13 226 1 0 1.000000
4.975600 4.277030 0 -17.673800 20.514700 223.804000 1372.470000 -13 227 1 0 1.000000
-5.480960 -0.270302 0 -23.871700 36.362800 214.926000 1372.090000 -13 228 1 0 1.000000
-0.846181 2.267700 0 -2.605960 -0.578847 204.231000 1372.280000 -13 229 1 0 1.000000
6.626770 -1.008890 0 18.383500 -1.643380 194.236000 1372.340000 -13 230 1 0 1.000000
-0.293597 -1.800820 0 -9.581920 0.337983 194.532000 1372.260000 -13 231 1 0 1.000000
5.981700 -8.402690 0 -1.083220 1.920490 193.006000 1372.160000 -13 232 1 0 1.000000
-6.556700 -6.063030 0 4.168610 -31.594000 211.087000 1372.410000 -13 233 1 0 1.000000
-8.711330 -4.697890 0 -20.499000 2.235570 213.637000 1372.250000 -13 234 1 0 1.000000
-4.990920 -1.127470 0 14.602900 -3.487080 217.960000 1372.310000 -13 235 1 0 1.000000
5.748530 0.244938 0 -6.682510 3.716900 199.487000 1372.350000 -13 236 1 0 1.000000
1.348930 -3.874020 0 -5.039610 7.792800 200.523000 1372.250000 -13 237 1 0 1.000000
-5.975030 -4.214060 0 2.931910 -7.161070 203.739000 1372.400000 -13 238 1 0 1.000000
-3.697290 5.086360 0 -18.180600 12.771500 225.272000 1372.380000 -13 239 1 0 1.000000
-3.802510 -0.244313 0 6.009320 -5.225940 215.656000 1372.380000 -13 240 1 0 1.000000
-2.944320 -1.417420 0 14.098700 -6.336270 204.687000 1372.350000 -13 241 1 0 1.000000
-2.717810 1.336990 0 19.761700 -14.289000 204.468000 1372.520000 -13 242 1 0 1.000000
0.377808 -3.358820 0 1.275940 5.638850 192.156000 1372.360000 -13 243 1 0 1.000000
-9.049180 1.779560 0 5.699050 3.425190 215.230000 1372.340000 -13 244 1 0 1.000000
2.615210 3.612320 0 -10.422300 0.205959 197.688000 1372.380000 -13 245 1 0 1.000000
0.338467 -3.295870 0 1.870360 -11.461100 182.776000 1372.220000 -13 246 1 0 1.000000
-7.491230 -4.233730 0 -4.464490 50.614300 226.354000 1372.350000 -13 247 1 0 1.000000
6.743450 -2.223240 0 -28.919900 24.731500 208.238000 1372.260000 -13 248 1 0 1.000000
0.805183 -5.943880 0 -7.651610 4.242430 213.319000 1372.350000 -13 249 1 0 1.000000
-5.061100 -1.846500 0 -14.463000 34.971100 212.089000 1372.250000 -13 250 1 0 1.000000
0.084293 -0.573065 0 -8.934450 -10.473900 216.026000 1372.280000 -13 251 1 0 1.000000
-5.772740 -2.469720 0 8.532700 -4.934650 199.085000 1372.430000 -13 252 1 0 1.000000
-5.166800 -3.234500 0 1.963880 -11.165200 208.647000 1372.330000 -13 253 1 0 1.000000
2.315030 -3.553820 0 19.293000 3.885680 190.737000 1372.440000 -13 254 1 0 1.000000
5.290890 -5.870590 0 -13.995700 -21.114200 207.489000 1372.190000 -13 255 1 0 1.000000
-0.187757 -3.081420 0 -2.252340 12.577800 212.999000 1372.310000 -13 256 1 0 1.000000
-4.092920 2.261240 0 -10.772000 -14.810700 218.164000 1372.320000 -13 257 1 0 1.000000
-1.877100 -6.579780 0 13.957000 7.764380 202.369000 1372.460000 -13 258 1 0 1.000000
-6.700340 -2.924310 0 24.885700 3.007960 187.538000 1372.300000 -13 259 1 0 1.000000
-1.789860 -2.289960 0 6.081190 -14.621700 214.217000 1372.300000 -13 260 1 0 1.000000
3.167630 -5.794680 0 -17.154400 13.947900 207.847000 1372.200000 -13 261 1 0 1.000000
-2.020250 -4.963120 0 15.607200 12.317400 206.266000 1372.300000 -13 262 1 0 1.000000
-0.386763 -1.912470 0 5.983460 5.951710 187.247000 1372.410000 -13 263 1 0 1.000000
-6.904350 -1.967000 0 0.420676 15.948700 194.810000 1372.340000 -13 264 1 0 1.000000
-1.397830 -2.072510 0 -0.441561 -9.323770 193.949000 1372.340000 -13 265 1 0 1.000000
-8.421990 -9.031690 0 -12.692900 6.730250 215.501000 1372.180000 -13 266 1 0 1.000000
-5.081450 -0.849510 0 -2.788050 6.234030 205.166000 1372.370000 -13 267 1 0 1.000000
-0.805447 4.768640 0 -18.520800 -14.980700 182.562000 1372.390000 -13 268 1 0 1.000000
-5.067840 -1.096440 0 -12.151300 -7.856570 201.538000 1372.290000 -13 269 1 0 1.000000
-5.435740 -1.012730 0 -16.149000 3.183580 214.330000 1372.400000 -13 270 1 0 1.000000
2.366480 1.541960 0 -1.872260 -2.944470 189.820000 1372.320000 -13 271 1 0 1.000000
-1.406820 -12.052300 0 6.069070 19.103300 219.204000 1372.390000 -13 272 1 0 1.000000
-4.224710 0.860189 0 -0.506159 20.380200 203.283000 1372.410000 -13 273 1 0 1.000000
-3.834210 -1.821360 0 1.596820 22.957200 213.848000 1372.380000 -13 274 1 0 1.000000
-4.547830 2.250860 0 -12.359100 9.014660 202.404000 1372.210000 -13 275 1 0 1.000000
-2.382850 -5.665950 0 -13.476500 -11.223700 211.842000 1372.190000 -13 276 1 0 1.000000
-1.565050 -5.336470 0 -10.326200 -5.366380 203.332000 1372.230000 -13 277 1 0 1.000000
-2.280660 0.440559 0 -5.276820 8.110910 209.831000 1372.140000 -13 278 1 0 1.000000
-10.585000 0.964881 0 27.718200 -11.891700 206.242000 1372.150000 -13 279 1 0 1.000000
-3.122340 -2.997210 0 12.848900 -1.017420 212.787000 1372.270000 -13 280 1 0 1.000000
-9.930250 -4.099620 0 -1.120140 14.433200 209.393000 1372.320000 -13 281 1 0 1.000000
-5.480750 3.193480 0 -19.034500 -0.814362 209.214000 1372.320000 -13 282 1 0 1.000000
-4.342820 -2.568470 0 -17.963100 -12.674300 198.807000 1372.340000 -13 283 1 0 1.000000
1.178000 1.862650 0 5.006880 4.529890 195.188000 1372.350000 -13 284 1 0 1.000000
-1.688220 3.518070 0 -12.947700 -3.909680 198.727000 1372.130000 -13 285 1 0 1.000000
-2.290070 -2.936630 0 3.541790 -4.843070 208.251000 1372.170000 -13 286 1 0 1.000000
3.380000 -1.623590 0 -7.175810 -2.697570 203.350000 1372.290000 -13 287 1 0 1.000000
-4.390150 0.043047 0 -8.509170 -8.150320 206.542000 1372.300000 -13 288 1 0 1.000000
-6.326980 -1.030910 0 -5.976520 -10.268900 210.966000 1372.300000 -13 289 1 0 1.000000
-3.303320 0.676816 0 7.580910 7.849160 204.887000 1372.320000 -13 290 1 0 1.000000
-6.619000 -2.106060 0 -0.634953 12.243500 209.217000 1372.390000 -13 291 1 0 1.000000
-7.619370 5.261970 0 -4.652320 9.911450 216.262000 1372.130000 -13 292 1 0 1.000000
-3.218430 -6.613300 0 11.177000 -2.035570 220.301000 1372.330000 -13 293 1 0 1.000000
-4.460660 -2.171280 0 -3.185530 -9.715800 210.185000 1372.240000 -13 294 1 0 1.000000
-1.681300 -0.026354 0 3.115840 6.380860 207.746000 1372.230000 -13 295 1 0 1.000000
-6.103110 0.390040 0 -7.638540 1.156800 201.574000 1372.260000 -13 296 1 0 1.000000
-2.566250 1.507050 0 -5.825980 8.174720 216.409000 1372.420000 -13 297 1 0 1.000000
-4.057790 -0.652777 0 2.187390 -2.795220 204.430000 1372.440000 -13 298 1 0 1.000000
-5.524310 -2.681440 0 7.204550 -20.777800 213.969000 1372.330000 -13 299 1 0 1.000000
-4.314480 3.655110 0 -8.344870 -8.926750 186.606000 1372.410000 -13 300 1 0 1.000000
-0.730039 2.216010 0 -17.017600 -4.669080 208.424000 1372.100000 -13 301 1 0 1.000000
-6.762660 -2.413960 0 16.571000 9.511060 212.942000 1372.320000 -13 302 1 0 1.000000
-6.203930 -0.388076 0 -8.957310 21.825100 208.049000 1372.370000 -13 303 1 0 1.000000
-4.125010 0.846461 0 0.900913 9.203180 220.962000 1372.220000 -13 304 1 0 1.000000
2.260320 -1.622920 0 11.469900 -9.664510 195.497000 1372.300000 -13 305 1 0 1.000000
-1.008660 -1.163730 0 -9.801350 -0.537654 190.363000 1372.260000 -13 306 1 0 1.000000
-0.347777 -6.857140 0 -0.768018 14.589400 214.935000 1372.270000 -13 307 1 0 1.000000
-1.996710 0.255048 0 10.762700 -11.595700 211.367000 1372.210000 -13 308 1 0 1.000000
-2.346250 -6.379240 0 5.405440 -13.610800 193.268000 1372.240000 -13 309 1 0 1.000000
-2.970580 0.041183 0 13.002100 1.984540 215.615000 1372.270000 -13 310 1 0 1.000000
-2.745510 0.396015 0 -12.020400 21.415500 202.612000 1372.190000 -13 311 1 0 1.000000
0.109621 -3.943430 0 13.197200 9.744430 205.256000 1372.390000 -13 312 1 0 1.000000
1.222200 1.409740 0 -19.420900 -0.605687 220.008000 1372.270000 -13 313 1 0 1.000000
-3.933750 -10.076900 0 20.286700 -10.154500 206.523000 1372.260000 -13 314 1 0 1.000000
0.684922 -3.840000 0 -3.978340 -11.094700 195.748000 1372.420000 -13 315 1 0 1.000000
7.555620 -11.673500 0 -5.768800 4.682420 195.812000 1372.240000 -13 316 1 0 1.000000
0.494244 -2.543870 0 -9.182160 10.735400 190.244000 1372.130000 -13 317 1 0 1.000000
-2.654870 0.964304 0 -20.093500 -38.014800 215.600000 1372.250000 -13 318 1 0 1.000000
-7.795070 -7.111540 0 -12.485100 9.634420 212.589000 1372.380000 -13 319 1 0 1.000000
-6.760540 -1.640230 0 22.712800 2.042650 197.820000 1372.260000 -13 320 1 0 1.000000
-6.635680 0.698034 0 18.685500 -21.560600 213.152000 1372.410000 -13 321 1 0 1.000000
-1.830000 -1.639170 0 9.601900 -7.308660 196.145000 1372.260000 -13 322 1 0 1.000000
-5.240840 -3.164700 0 27.454300 -15.511000 205.770000 1372.220000 -13 323 1 0 1.000000
2.965000 1.685230 0 18.988200 17.054200 184.846000 1372.150000 -13 324 1 0 1.000000
-1.427800 2.696240 0 10.075900 5.396640 201.539000 1372.130000 -13 325 1 0 1.000000
-3.438400 0.308752 0 -20.679900 -1.641210 201.576000 1372.240000 -13 326 1 0 1.000000
2.854580 -5.068600 0 -2.204960 -5.981340 200.983000 1372.320000 -13 327 1 0 1.000000
7.603130 0.993524 0 -24.445500 -4.239040 203.564000 1372.290000 -13 328 1 0 1.000000
2.219930 -7.675280 0 -12.252900 -6.464050 202.535000 1372.260000 -13 329 1 0 1.000000
4.062700 -1.133350 0 -16.104900 -35.009600 212.677000 1372.330000 -13 330 1 0 1.000000
-2.939420 2.850330 0 16.845900 -5.300580 203.236000 1372.330000 -13 331 1 0 1.000000
-10.615600 1.580720 0 19.288100 11.842700 198.348000 1372.330000 -13 332 1 0 1.000000
6.990790 -4.310610 0 -35.449000 -10.958500 195.903000 1372.320000 -13 333 1 0 1.000000
-6.839200 -5.271770 0 32.148700 -3.915700 204.824000 1372.160000 -13 334 1 0 1.000000
-2.898530 -4.005330 0 2.970080 2.580100 220.961000 1372.370000 -13 335 1 0 1.000000
-1.235950 -0.172027 0 -1.266400 9.392550 202.131000 1372.080000 -13 336 1 0 1.000000
0.119897 -2.467420 0 -4.208230 -0.292369 198.576000 1372.390000 -13 337 1 0 1.000000
-2.154380 -5.787370 0 -14.560800 19.723700 209.972000 1372.360000 -13 338 1 0 1.000000
1.706630 -6.720590 0 -7.119840 19.667600 214.425000 1372.280000 -13 339 1 0 1.000000
-11.307000 -4.314280 0 4.265020 17.119500 208.749000 1372.400000 -13 340 1 0 1.000000
3.591770 -6.940120 0 -3.599750 10.510400 232.544000 1372.260000 -13 341 1 0 1.000000
-3.272150 -5.405970 0 -12.333600 2.183350 192.702000 1372.050000 -13 342 1 0 1.000000
1.754210 -0.195584 0 -4.057870 -0.619653 211.979000 1372.240000 -13 343 1 0 1.000000
1.767920 -4.192380 0 27.517100 1.766440 206.628000 1372.030000 -13 344 1 0 1.000000
3.851410 0.928597 0 -8.755040 -3.778400 210.107000 1372.300000 -13 345 1 0 1.000000
-3.907870 -0.657763 0 -23.523500 3.589210 216.818000 1372.290000 -13 346 1 0 1.000000
-0.563586 -3.150140 0 -4.021410 -8.960810 209.160000 1372.390000 -13 347 1 0 1.000000
-6.258810 1.372470 0 12.318900 -4.606010 203.874000 1372.280000 -13 348 1 0 1.000000
-0.521020 -4.952780 0 9.514930 -10.150200 194.755000 1372.230000 -13 349 1 0 1.000000
-4.294180 -1.989140 0 -5.390440 14.871100 203.748000 1372.440000 -13 350 1 0 1.000000
-4.662350 -1.594910 0 3.894250 -21.303400 223.064000 1372.370000 -13 351 1 0 1.000000
-3.891520 2.404260 0 -13.752300 10.948400 204.841000 1372.280000 -13 352 1 0 1.000000
2.324430 3.837890 0 5.178960 -9.548860 208.506000 1372.270000 -13 353 1 0 1.000000
-2.795900 -8.088330 0 16.134100 -16.212300 217.377000 1372.310000 -13 354 1 0 1.000000
-3.555710 1.547460 0 -7.391620 -3.419680 208.501000 1372.280000 -13 355 1 0 1.000000
-7.731520 2.743700 0 7.013210 -36.278800 219.315000 1372.370000 -13 356 1 0 1.000000
-1.071490 -6.198700 0 -15.144100 -19.308900 188.295000 1372.300000 -13 357 1 0 1.000000
-11.210400 1.304090 0 2.626010 -15.996000 209.495000 1372.280000 -13 358 1 0 1.000000
1.725140 -1.368670 0 15.904500 8.387150 195.866000 1372.240000 -13 359 1 0 1.000000
-2.189580 0.686877 0 8.520060 0.559814 218.937000 1372.240000 -13 360 1 0 1.000000
0.871717 -1.156510 0 23.119100 -19.305700 216.921000 1372.420000 -13 361 1 0 1.000000
2.599860 -2.581400 0 8.756250 -16.635800 192.433000 1372.240000 -13 362 1 0 1.000000
-1.447260 3.495430 0 -7.574360 4.625740 202.132000 1372.450000 -13 363 1 0 1.000000
1.926040 3.753420 0 8.422360 11.241300 195.576000 1372.400000 -13 364 1 0 1.000000
-4.384280 -2.351010 0 -10.671600 10.989800 211.979000 1372.390000 -13 365 1 0 1.000000
1.773190 -3.606850 0 -14.468700 -4.123740 195.349000 1372.120000 -13 366 1 0 1.000000
-5.525110 2.983240 0 6.805130 -8.588270 194.945000 1372.360000 -13 367 1 0 1.000000
-5.206260 -1.644520 0 13.836900 -10.800300 196.148000 1372.330000 -13 368 1 0 1.000000
-7.782620 0.573816 0 8.094240 10.269400 221.041000 1372.260000 -13 369 1 0 1.000000
-9.187820 0.465356 0 -11.114300 -14.624000 191.531000 1372.250000 -13 370 1 0 1.000000
-1.784390 -5.045540 0 -1.197050 -3.359890 209.701000 1372.330000 -13 371 1 0 1.000000
7.232340 -4.140290 0 -27.458200 -2.913590 185.274000 1372.370000 -13 372 1 0 1.000000
-4.001130 4.337760 0 9.999750 11.031500 207.630000 1372.240000 -13 373 1 0 1.000000
-3.851290 2.739930 0 19.354500 12.516400 225.781000 1372.320000 -13 374 1 0 1.000000
-2.375150 -4.275760 0 -6.580730 -4.761530 222.470000 1372.340000 -13 375 1 0 1.000000
-1.971230 -0.113402 0 5.688840 -11.290300 201.879000 1372.310000 -13 376 1 0 1.000000
-3.874510 -8.333670 0 -14.702000 -35.136400 210.709000 1372.350000 -13 377 1 0 1.000000
-7.358190 2.301410 0 28.625900 -9.081600 215.720000 1372.410000 -13 378 1 0 1.000000
-4.965500 4.438770 0 24.299300 -13.549100 223.073000 1372.240000 -13 379 1 0 1.000000
-0.434383 -7.258890 0 4.743000 -1.119980 206.301000 1372.260000 -13 380 1 0 1.000000
-5.481170 -4.581060 0 9.956500 -10.120300 196.224000 1372.240000 -13 381 1 0 1.000000
-5.898300 4.692510 0 -10.146100 14.525500 216.926000 1372.200000 -13 382 1 0 1.000000
-3.128740 -3.279650 0 25.260900 -25.827100 221.665000 1372.160000 -13 383 1 0 1.000000
-2.863530 -4.450180 0 -6.920900 4.860250 197.900000 1372.450000 -13 384 1 0 1.000000
-10.107900 -7.221160 0 7.754530 10.867500 194.832000 1372.370000 -13 385 1 0 1.000000
-1.045330 -0.572264 0 -0.559777 -25.079700 225.153000 1372.280000 -13 386 1 0 1.000000
1.635590 -0.679447 0 0.662986 -6.091110 213.384000 1372.330000 -13 387 1 0 1.000000
-2.220530 -2.614910 0 3.404450 9.287620 197.991000 1372.290000 -13 388 1 0 1.000000
-2.188940 -5.731160 0 -0.503713 2.438590 212.715000 1372.130000 -13 389 1 0 1.000000
-1.200230 3.076010 0 -18.758300 -16.518100 213.313000 1372.270000 -13 390 1 0 1.000000
-2.620930 2.937340 0 -1.282670 -5.636760 187.635000 1372.170000 -13 391 1 0 1.000000
4.415900 -6.156690 0 6.914630 -16.568200 214.517000 1372.130000 -13 392 1 0 1.000000
-0.178068 1.127050 0 -32.085000 6.077900 204.123000 1372.200000 -13 393 1 0 1.000000
-6.155920 -6.231500 0 -20.358100 -19.601200 208.081000 1372.330000 -13 394 1 0 1.000000
-1.800250 4.387470 0 -5.505010 5.667000 209.613000 1372.430000 -13 395 1 0 1.000000
1.813340 -8.551820 0 18.382600 38.424300 211.346000 1372.300000 -13 396 1 0 1.000000
0.325526 -5.203550 0 2.636890 -26.030600 199.630000 1372.170000 -13 397 1 0 1.000000
0.601323 -4.294210 0 4.483210 -7.235420 204.638000 1372.430000 -13 398 1 0 1.000000
-1.322530 1.980260 0 6.559400 -8.948620 204.127000 1372.450000 -13 399 1 0 1.000000
-6.193910 -3.755830 0 1.076650 11.909700 204.354000 1372.300000 -13 400 1 0 1.000000
-8.258110 -4.088960 0 0.831296 15.642200 198.943000 1372.280000 -13 401 1 0 1.000000
3.012250 -4.468810 0 -28.359700 19.502900 211.066000 1372.250000 -13 402 1 0 1.000000
-2.351810 -9.168280 0 3.429960 16.742700 219.126000 1372.350000 -13 403 1 0 1.000000
-2.159070 -5.660050 0 -9.923100 2.228520 197.795000 1372.480000 -13 404 1 0 1.000000
5.235680 3.873890 0 -5.920920 16.516900 197.751000 1372.200000 -13 405 1 0 1.000000
-0.524184 -4.023400 0 6.898120 5.060600 214.283000 1372.290000 -13 406 1 0 1.000000
-1.275640 1.465430 0 -12.474000 -13.725900 189.491000 1372.440000 -13 407 1 0 1.000000
-15.729500 -5.973550 0 -11.917300 -30.816200 205.508000 1372.330000 -13 408 1 0 1.000000
3.364790 2.361780 0 10.824600 -28.438800 200.252000 1372.330000 -13 409 1 0 1.000000
0.020174 3.337940 0 -9.651700 3.820360 207.778000 1372.140000 -13 410 1 0 1.000000
-1.609170 -8.016410 0 0.447162 -0.188905 194.865000 1372.070000 -13 411 1 0 1.000000
2.805340 -2.207990 0 -2.645500 24.833800 205.799000 1372.440000 -13 412 1 0 1.000000
-0.276148 -4.752170 0 17.410000 -5.642130 191.096000 1372.190000 -13 413 1 0 1.000000
-0.805087 0.640992 0 -13.472900 -3.381560 209.389000 1372.420000 -13 414 1 0 1.000000
1.940150 -4.460930 0 1.792980 -13.318900 179.642000 1372.380000 -13 415 1 0 1.000000
-0.479723 -2.084520 0 5.669810 -23.597100 210.528000 1372.260000 -13 416 1 0 1.000000
1.746050 -3.464420 0 -0.992121 -11.815600 186.041000 1372.400000 -13 417 1 0 1.000000
-2.630920 -4.147950 0 -19.982700 7.908320 221.380000 1372.140000 -13 418 1 0 1.000000
-1.661160 -1.542300 0 -5.804050 26.558100 221.995000 1372.240000 -13 419 1 0 1.000000
-5.511340 -0.435679 0 -1.980780 13.418100 201.435000 1372.330000 -13 420 1 0 1.000000
-1.175960 -0.058977 0 6.435240 -6.111000 212.290000 1372.240000 -13 421 1 0 1.000000
-3.113620 -0.686959 0 5.086540 -14.863800 211.669000 1372.360000 -13 422 1 0 1.000000
2.638150 3.836460 0 -0.396939 -10.947400 203.145000 1372.250000 -13 423 1 0 1.000000
1.260640 -10.013200 0 11.275200 5.101920 206.740000 1372.270000 -13 424 1 0 1.000000
-1.964290 0.546849 0 -12.080100 2.205430 214.367000 1372.330000 -13 425 1 0 1.000000
-1.244940 1.804490 0 4.949560 10.702100 204.017000 1372.300000 -13 426 1 0 1.000000
-1.750520 -1.885780 0 -3.543520 2.370560 195.390000 1372.280000 -13 427 1 0 1.000000
-3.154660 -6.988620 0 10.902800 1.014180 221.685000 1372.330000 -13 428 1 0 1.000000
-3.482410 -0.359087 0 -13.154200 -0.449156 213.017000 1372.400000 -13 429 1 0 1.000000
2.668370 -0.620051 0 17.459900 -1.669900 202.911000 1372.260000 -13 430 1 0 1.000000
-12.441800 4.518110 0 -4.905190 1.329950 205.694000 1372.180000 -13 431 1 0 1.000000
-1.307120 -4.341150 0 6.337060 -11.468600 216.572000 1372.510000 -13 432 1 0 1.000000
-6.992580 2.878370 0 -11.255100 -9.483910 210.900000 1372.320000 -13 433 1 0 1.000000
-0.250398 -3.691580 0 0.071055 18.778900 203.126000 1372.120000 -13 434 1 0 1.000000
1.702120 -0.409584 0 -11.044900 -19.412300 215.794000 1372.240000 -13 435 1 0 1.000000
-2.313610 2.627640 0 -3.572370 -2.498660 206.762000 1372.330000 -13 436 1 0 1.000000
-3.788640 0.306740 0 -5.263660 -8.718920 208.472000 1372.380000 -13 437 1 0 1.000000
-3.032910 -2.333070 0 -4.251950 -4.376070 195.635000 1372.250000 -13 438 1 0 1.000000
-4.101720 -3.278470 0 21.680900 12.361500 193.197000 1372.440000 -13 439 1 0 1.000000
-2.809500 -0.193131 0 -12.188400 -7.935550 209.123000 1372.340000 -13 440 1 0 1.000000
1.788870 -4.598400 0 -10.686800 -6.183080 215.067000 1372.310000 -13 441 1 0 1.000000
-2.683040 -3.083550 0 -7.782520 5.924080 200.807000 1372.430000 -13 442 1 0 1.000000
2.058160 1.664720 0 13.127600 -1.503960 218.126000 1372.290000 -13 443 1 0 1.000000
-3.290730 -0.092261 0 -13.495000 -9.628870 219.566000 1372.170000 -13 444 1 0 1.000000
-6.808200 -5.487040 0 20.727500 -16.631100 211.290000 1372.310000 -13 445 1 0 1.000000
4.735660 -6.726950 0 5.374850 27.035800 195.941000 1372.420000 -13 446 1 0 1.000000
2.751790 -7.909780 0 -11.706100 -14.943300 214.092000 1372.240000 -13 447 1 0 1.000000
-6.515580 3.932120 0 8.189770 5.222320 215.640000 1372.270000 -13 448 1 0 1.000000
-4.026820 -3.009700 0 -33.212800 -9.016880 212.147000 1372.330000 -13 449 1 0 1.000000
3.828590 0.319052 0 -1.382380 23.211000 200.580000 1372.430000 -13 450 1 0 1.000000
2.331100 -1.110080 0 -7.395930 -22.382000 198.195000 1372.190000 -13 451 1 0 1.000000
-1.328590 -3.403000 0 -23.656100 22.730800 201.891000 1372.250000 -13 452 1 0 1.000000
6.267630 -3.743820 0 -10.396100 4.243120 195.544000 1372.270000 -13 453 1 0 1.000000
-1.711860 -5.675620 0 -13.531200 28.556000 227.688000 1372.170000 -13 454 1 0 1.000000
-4.574690 -5.320730 0 -9.657690 7.930610 194.070000 1372.170000 -13 455 1 0 1.000000
2.820740 -1.166580 0 -26.266400 -12.410900 202.708000 1372.310000 -13 456 1 0 1.000000
2.707710 -8.855490 0 -4.101400 -13.263700 204.849000 1372.170000 -13 457 1 0 1.000000
0.513898 -3.393790 0 -15.721300 6.722750 206.840000 1372.370000 -13 458 1 0 1.000000
2.155790 -2.131510 0 -1.501300 -3.872080 213.579000 1372.340000 -13 459 1 0 1.000000
-8.781320 -5.797450 0 -9.461960 13.437800 199.670000 1372.330000 -13 460 1 0 1.000000
-6.742080 -6.788680 0 0.337936 8.198510 214.527000 1372.310000 -13 461 1 0 1.000000
-4.452710 -7.807600 0 -1.652470 36.827000 228.687000 1372.320000 -13 462 1 0 1.000000
-0.946569 -1.139170 0 1.458960 0.354415 195.398000 1372.230000 -13 463 1 0 1.000000
-1.033890 -3.297330 0 -13.159400 20.638600 205.646000 1372.340000 -13 464 1 0 1.000000
-6.837090 -6.094090 0 7.704290 -3.241220 205.647000 1372.140000 -13 465 1 0 1.000000
-4.496210 5.833390 0 -2.145730 -1.289880 213.474000 1372.310000 -13 466 1 0 1.000000
-4.170400 2.143660 0 7.497350 3.841830 201.627000 1372.190000 -13 467 1 0 1.000000
-3.256930 -3.517450 0 -16.375700 -16.683500 192.194000 1372.340000 -13 468 1 0 1.000000
-4.791980 0.331161 0 -5.331280 1.394670 191.278000 1372.300000 -13 469 1 0 1.000000
-5.007950 -7.056620 0 -10.748600 -17.015200 188.952000 1372.350000 -13 470 1 0 1.000000
-4.587280 -2.667400 0 5.602140 3.076020 222.964000 1372.310000 -13 471 1 0 1.000000
0.994701 -1.423550 0 13.575100 2.403330 203.520000 1372.390000 -13 472 1 0 1.000000
-3.251910 -5.171900 0 1.964490 -7.569490 203.886000 1372.200000 -13 473 1 0 1.000000
0.322748 -0.612895 0 2.825620 20.077500 215.755000 1372.150000 -13 474 1 0 1.000000
2.990360 0.765533 0 -6.304170 7.460770 197.563000 1372.480000 -13 475 1 0 1.000000
-3.438190 2.966960 0 -3.548990 -6.697190 195.417000 1372.220000 -13 476 1 0 1.000000
-6.320680 -4.442570 0 27.058400 -9.138550 228.947000 1372.280000 -13 477 1 0 1.000000
-6.768280 -0.082011 0 -0.720636 -9.896130 204.884000 1372.250000 -13 478 1 0 1.000000
-8.974790 -6.472640 0 7.461620 12.915300 217.119000 1372.320000 -13 479 1 0 1.000000
5.390560 -2.661450 0 -2.037670 10.541600 217.397000 1372.230000 -13 480 1 0 1.000000
5.016490 0.706289 0 10.859100 -10.571000 195.781000 1372.180000 -13 481 1 0 1.000000
-5.652020 2.868320 0 0.601615 -16.926200 204.094000 1372.380000 -13 482 1 0 1.000000
-5.792810 -1.485820 0 8.095230 10.403900 201.761000 1372.220000 -13 483 1 0 1.000000
-5.590820 -2.696850 0 -5.872190 -8.115810 217.209000 1372.260000 -13 484 1 0 1.000000
-4.962160 -2.850040 0 -0.051160 -24.240800 204.613000 1372.420000 -13 485 1 0 1.000000
1.938160 -1.909230 0 -6.135510 14.740800 191.246000 1372.280000 -13 486 1 0 1.000000
-2.935070 -5.844170 0 -3.703710 3.024490 193.748000 1372.270000 -13 487 1 0 1.000000
-1.707680 -4.003440 0 -10.034800 -17.586500 203.166000 1372.230000 -13 488 1 0 1.000000
-6.349120 -0.295601 0 13.078600 -15.821700 198.621000 1372.350000 -13 489 1 0 1.000000
-2.697190 -6.408400 0 -18.462500 -5.394260 213.588000 1372.080000 -13 490 1 0 1.000000
-3.156920 1.114380 0 4.891670 -18.348900 212.601000 1372.020000 -13 491 1 0 1.000000
-8.697810 -3.498840 0 10.455700 5.798210 201.491000 1372.380000 -13 492 1 0 1.000000
-6.862230 3.461740 0 -3.325870 -1.842910 215.192000 1372.150000 -13 493 1 0 1.000000
-0.341912 0.638024 0 -13.710200 3.297450 213.880000 1372.230000 -13 494 1 0 1.000000
1.668890 -7.893950 0 -9.111100 -7.673290 197.844000 1372.450000 -13 495 1 0 1.000000
-4.566780 -3.622170 0 -12.833800 11.986000 213.884000 1372.540000 -13 496 1 0 1.000000
-8.670150 1.072720 0 15.439400 3.750380 227.406000 1372.230000 -13 497 1 0 1.000000
-6.019920 -4.084920 0 -7.863940 7.430130 218.387000 1372.190000 -13 498 1 0 1.000000
-1.347470 -5.240040 0 19.865400 -7.176100 211.145000 1372.370000 -13 499 1 0 1.000000
0.162748 -0.967352 0 14.307100 -7.886810 217.399000 1372.290000 -13 500 1 0 1.000000
0.759888 2.358900 0 -1.383240 2.987230 187.562000 1372.260000 -13 501 1 0 1.000000
-9.137670 0.189399 0 2.146740 -13.357900 213.560000 1372.370000 -13 502 1 0 1.000000
1.386660 2.460950 0 6.234040 5.310750 199.203000 1372.250000 -13 503 1 0 1.000000
-1.579720 2.304460 0 -34.055900 20.600700 215.207000 1372.130000 -13 504 1 0 1.000000
-6.831500 4.175740 0 -5.525560 6.356160 209.987000 1372.330000 -13 505 1 0 1.000000
-5.007740 4.408280 0 -13.325500 -10.383500 194.638000 1372.290000 -13 506 1 0 1.000000
1.322110 -2.069910 0 25.313100 -15.912400 186.897000 1372.320000 -13 507 1 0 1.000000
-1.008360 -1.366790 0 -36.470100 6.218570 191.919000 1372.190000 -13 508 1 0 1.000000
-1.593290 -7.004900 0 10.060100 -5.262950 185.504000 1372.310000 -13 509 1 0 1.000000
-4.117480 -3.121450 0 16.551100 10.604700 200.906000 1372.240000 -13 510 1 0 1.000000
-5.591470 -0.892714 0 19.155100 -2.413000 196.222000 1372.280000 -13 511 1 0 1.000000
-9.296620 -8.888190 0 -0.321083 17.285200 202.826000 1372.200000 -13 512 1 0 1.000000
4.723620 -3.249450 0 6.746680 -16.779300 208.405000 1372.210000 -13 513 1 0 1.000000
1.544510 -6.591090 0 -12.856400 -2.756720 208.982000 1372.270000 -13 514 1 0 1.000000
-1.890120 -5.269300 0 -1.055860 -27.481500 212.266000 1372.200000 -13 515 1 0 1.000000
-2.119010 -2.008290 0 -4.490770 -6.879340 187.953000 1372.380000 -13 516 1 0 1.000000
-2.430330 -0.251051 0 10.117800 -22.549000 202.170000 1372.220000 -13 517 1 0 1.000000
-3.210170 -7.914150 0 -1.182340 -14.491700 205.805000 1372.310000 -13 518 1 0 1.000000
-1.468260 -2.832220 0 -26.578500 -5.911820 212.518000 1372.300000 -13 519 1 0 1.000000
-2.487210 0.357009 0 -1.274350 -10.266600 210.416000 1372.270000 -13 520 1 0 1.000000
0.337354 -3.492020 0 -11.866600 -4.401240 208.791000 1372.440000 -13 521 1 0 1.000000
-10.838300 1.278350 0 8.071490 12.194000 209.746000 1372.290000 -13 522 1 0 1.000000
-3.175270 -0.219733 0 -9.186290 -12.522900 195.911000 1372.240000 -13 523 1 0 1.000000
5.205790 -5.655280 0 9.726070 -7.157920 207.467000 1372.150000 -13 524 1 0 1.000000
-1.733460 -0.318141 0 -31.384600 2.878380 223.851000 1372.200000 -13 525 1 0 1.000000
-5.223190 -5.323700 0 -9.289620 -17.176800 212.782000 1372.210000 -13 526 1 0 1.000000
3.387030 -2.248650 0 18.057000 7.742140 217.209000 1372.190000 -13 527 1 0 1.000000
-1.931360 -2.322690 0 18.950600 2.965640 209.133000 1372.240000 -13 528 1 0 1.000000
-0.534592 -8.229570 0 -9.936740 -10.754500 216.178000 1372.260000 -13 529 1 0 1.000000
-7.494530 -2.786950 0 -5.626200 -6.871680 186.826000 1372.270000 -13 530 1 0 1.000000
1.817680 -8.370280 0 21.691200 -20.779500 222.068000 1372.310000 -13 531 1 0 1.000000
-3.937860 -11.987300 0 -2.225500 -18.430600 207.526000 1372.390000 -13 532 1 0 1.000000
3.790040 1.220800 0 -6.836610 1.702070 202.860000 1372.380000 -13 533 1 0 1.000000
0.346994 -3.400410 0 -22.633000 -4.768470 203.896000 1372.220000 -13 534 1 0 1.000000
-3.830910 -0.472842 0 8.103360 -9.895340 204.538000 1372.460000 -13 535 1 0 1.000000
-4.077990 -0.255482 0 -1.858010 -0.284170 225.292000 1372.250000 -13 536 1 0 1.000000
1.463790 -10.258600 0 11.371000 13.447200 213.934000 1372.240000 -13 537 1 0 1.000000
-9.163460 0.415103 0 13.295600 7.841510 213.024000 1372.330000 -13 538 1 0 1.000000
-2.753390 0.981209 0 -3.024520 32.835800 219.321000 1372.400000 -13 539 1 0 1.000000
-4.310140 -1.708700 0 1.731070 4.548320 216.924000 1372.240000 -13 540 1 0 1.000000
-9.223110 -8.895510 0 19.741000 -11.608500 200.014000 1372.180000 -13 541 1 0 1.000000
-1.763530 -0.744073 0 3.624900 -9.210710 192.745000 1372.190000 -13 542 1 0 1.000000
-4.425010 -1.344930 0 -11.178500 3.579050 201.718000 1372.260000 -13 543 1 0 1.000000
0.276605 -3.691790 0 -25.931800 4.752430 185.277000 1372.370000 -13 544 1 0 1.000000
4.502840 -5.888050 0 -13.167200 -21.768800 207.419000 1372.420000 -13 545 1 0 1.000000
-1.201280 -1.802990 0 -15.249400 11.108900 207.218000 1372.320000 -13 546 1 0 1.000000
-7.225660 2.835430 0 -44.742700 4.963530 202.214000 1372.230000 -13 547 1 0 1.000000
-1.182280 -0.875757 0 9.563530 1.377650 204.928000 1372.360000 -13 548 1 0 1.000000
0.131785 -1.074310 0 -15.938200 14.498800 207.313000 1372.180000 -13 549 1 0 1.000000
-2.946560 -1.197470 0 11.662400 -7.719470 206.732000 1372.220000 -13 550 1 0 1.000000
-2.082690 -3.875480 0 -10.923700 -5.202840 209.097000 1372.280000 -13 551 1 0 1.000000
2.252570 -6.052760 0 9.717390 5.393930 202.137000 1372.220000 -13 552 1 0 1.000000
-0.312369 2.466710 0 -1.014320 -23.605300 194.842000 1372.280000 -13 553 1 0 1.000000
2.654940 -4.574910 0 -2.324250 14.523800 222.824000 1372.240000 -13 554 1 0 1.000000
1.316070 0.789734 0 5.871870 -12.963600 201.643000 1372.290000 -13 555 1 0 1.000000
-3.459110 0.028222 0 6.081580 -1.529330 200.033000 1372.390000 -13 556 1 0 1.000000
3.196910 -2.353920 0 -3.981770 -5.416210 199.767000 1372.140000 -13 557 1 0 1.000000
-0.819623 -1.775360 0 0.174718 -0.858591 198.103000 1372.490000 -13 558 1 0 1.000000
-4.740190 -6.866980 0 13.388700 -7.440790 195.499000 1372.420000 -13 559 1 0 1.000000
-2.129130 -8.119770 0 9.889360 1.881550 215.333000 1372.170000 -13 560 1 0 1.000000
-3.529040 -5.237880 0 9.091460 22.378000 206.218000 1372.360000 -13 561 1 0 1.000000
-2.936760 0.655598 0 -4.945700 21.537800 219.482000 1372.300000 -13 562 1 0 1.000000
1.746360 -4.551550 0 -2.461530 10.829800 224.260000 1372.100000 -13 563 1 0 1.000000
-0.625887 9.223540 0 26.129900 0.282968 212.187000 1372.290000 -13 564 1 0 1.000000
4.549700 -13.055500 0 8.911030 4.988870 219.977000 1372.370000 -13 565 1 0 1.000000
1.359790 -3.514670 0 -16.943200 -16.332400 205.593000 1372.240000 -13 566 1 0 1.000000
-10.078900 -1.858690 0 -7.323510 -17.311400 219.041000 1372.320000 -13 567 1 0 1.000000
-8.794750 3.034270 0 -16.427800 -4.334300 215.269000 1372.330000 -13 568 1 0 1.000000
0.866464 -4.426640 0 20.083400 -9.852150 202.009000 1372.180000 -13 569 1 0 1.000000
-1.487010 -2.141820 0 -40.014100 0.586261 224.129000 1372.490000 -13 570 1 0 1.000000
-7.314030 -0.357098 0 -8.804650 -12.498700 228.556000 1372.280000 -13 571 1 0 1.000000
-1.060470 -3.210990 0 -3.184200 3.390610 220.113000 1372.290000 -13 572 1 0 1.000000
-4.671330 -3.123430 0 -7.098020 -0.184932 182.190000 1372.330000 -13 573 1 0 1.000000
-2.770590 -0.253533 0 -43.327200 15.057700 226.975000 1372.210000 -13 574 1 0 1.000000
-0.543584 -8.031630 0 9.320170 0.776864 211.655000 1372.450000 -13 575 1 0 1.000000
-1.207150 -5.576180 0 -4.316980 -8.142890 206.180000 1372.290000 -13 576 1 0 1.000000
-2.989390 2.514450 0 -12.065100 -2.534400 200.520000 1372.190000 -13 577 1 0 1.000000
-3.021710 -3.048600 0 -15.296000 6.163890 206.269000 1372.330000 -13 578 1 0 1.000000
0.281385 -13.452800 0 1.388380 7.878540 192.622000 1372.230000 -13 579 1 0 1.000000
-2.757420 -2.587870 0 -11.093500 30.148900 209.256000 1372.530000 -13 580 1 0 1.000000
-9.111860 -8.207360 0 12.993400 -8.321020 201.348000 1372.260000 -13 581 1 0 1.000000
-10.130300 -1.924280 0 -17.408000 23.551800 211.359000 1372.170000 -13 582 1 0 1.000000
-0.980035 -5.728140 0 -14.568800 -10.345500 206.420000 1372.290000 -13 583 1 0 1.000000
-6.375450 -0.114728 0 -17.703900 1.109110 219.830000 1372.190000 -13 584 1 0 1.000000
-6.977810 -4.006940 0 -1.967740 -15.507300 209.243000 1372.250000 -13 585 1 0 1.000000
3.785220 -4.975850 0 -12.276700 -1.861040 199.230000 1372.310000 -13 586 1 0 1.000000
-2.007600 8.849660 0 -9.472870 7.911370 220.568000 1372.240000 -13 587 1 0 1.000000
-7.228770 -3.575440 0 25.796400 18.060600 218.405000 1372.260000 -13 588 1 0 1.000000
-2.574110 0.909467 0 -4.716580 -12.870500 224.310000 1372.160000 -13 589 1 0 1.000000
0.850342 -7.880160 0 3.096640 -0.236420 206.036000 1372.420000 -13 590 1 0 1.000000
-4.975730 -3.867160 0 4.429810 8.380630 214.800000 1372.270000 -13 591 1 0 1.000000
6.509950 -10.410200 0 3.811580 -5.985690 206.332000 1372.280000 -13 592 1 0 1.000000
-0.761322 -0.471686 0 5.202660 -9.706940 188.044000 1372.270000 -13 593 1 0 1.000000
-2.270450 -3.820610 0 -2.698910 12.327600 199.072000 1372.300000 -13 594 1 0 1.000000
3.984170 -5.513960 0 4.382420 -2.521140 205.470000 1372.150000 -13 595 1 0 1.000000
2.837040 -0.226202 0 -10.476200 -1.642720 202.152000 1372.280000 -13 596 1 0 1.000000
-1.581450 3.110780 0 10.488700 9.291550 200.946000 1372.300000 -13 597 1 0 1.000000
-6.373470 -2.309950 0 2.723360 -1.804420 210.529000 1372.210000 -13 598 1 0 1.000000
-0.924499 -3.200450 0 -2.064550 7.086460 208.495000 1372.270000 -13 599 1 0 1.000000
5.019980 -3.823560 0 -0.212569 -8.957490 196.040000 1372.270000 -13 600 1 0 1.000000
-8.537630 -2.936430 0 0.318467 1.925860 210.021000 1372.150000 -13 601 1 0 1.000000
-1.311820 -7.727430 0 -5.504110 13.990300 225.960000 1372.320000 -13 602 1 0 1.000000
1.316130 0.233446 0 5.796220 1.288240 214.469000 1372.390000 -13 603 1 0 1.000000
-0.502300 -0.704835 0 -5.293610 11.924300 206.499000 1372.320000 -13 604 1 0 1.000000
-6.136050 -4.399160 0 0.983135 18.036100 221.848000 1372.290000 -13 605 1 0 1.000000
-1.945450 -2.923860 0 -9.191600 2.531030 199.526000 1372.310000 -13 606 1 0 1.000000
0.101990 -2.590860 0 20.957200 -15.791000 220.151000 1372.200000 -13 607 1 0 1.000000
-1.422080 -3.137500 0 7.517020 9.980630 197.661000 1372.400000 -13 608 1 0 1.000000
-4.895530 -6.702910 0 3.888800 16.060000 197.332000 1372.250000 -13 609 1 0 1.000000
-1.869550 -4.799470 0 21.245200 18.301300 204.140000 1372.390000 -13 610 1 0 1.000000
0.819137 5.577090 0 1.076250 -15.961600 231.704000 1372.310000 -13 611 1 0 1.000000
-0.147856 -1.990500 0 -13.482100 -21.821400 204.143000 1372.290000 -13 612 1 0 1.000000
4.245690 -4.190550 0 -4.525970 -0.093423 189.773000 1372.220000 -13 613 1 0 1.000000
3.513690 -2.883700 0 -16.927600 -8.574410 206.868000 1372.440000 -13 614 1 0 1.000000
-0.654604 -7.905780 0 22.328100 -1.467620 220.867000 1372.190000 -13 615 1 0 1.000000
-2.857020 -0.774681 0 2.471840 -15.996600 197.389000 1372.310000 -13 616 1 0 1.000000
2.662770 -0.659215 0 5.700270 14.379800 196.209000 1372.390000 -13 617 1 0 1.000000
-1.254460 -2.919380 0 12.360800 -6.178390 182.161000 1372.250000 -13 618 1 0 1.000000
0.329331 -3.445550 0 -18.011200 -29.618500 214.149000 1372.370000 -13 619 1 0 1.000000
-16.247500 -1.203470 0 -19.114300 0.748812 201.617000 1372.330000 -13 620 1 0 1.000000
0.007341 -3.305450 0 28.482600 -9.523060 190.035000 1372.280000 -13 621 1 0 1.000000
-1.542540 -6.709740 0 13.751600 35.642100 214.261000 1372.240000 -13 622 1 0 1.000000
-8.311700 2.540320 0 -12.552400 -15.589500 194.637000 1372.330000 -13 623 1 0 1.000000
8.969640 -9.885540 0 14.731000 -6.337640 202.566000 1372.260000 -13 624 1 0 1.000000
0.720526 0.281977 0 11.991600 2.306420 216.101000 1372.340000 -13 625 1 0 1.000000
1.870840 0.595919 0 -2.702770 4.901300 196.716000 1372.380000 -13 626 1 0 1.000000
-5.794550 -0.624172 0 -10.249400 -5.535260 224.446000 1372.140000 -13 627 1 0 1.000000
-3.811430 -0.933833 0 -9.093690 -0.530256 200.111000 1372.270000 -13 628 1 0 1.000000
-4.056450 0.839739 0 -7.350910 15.814400 208.352000 1372.260000 -13 629 1 0 1.000000
-3.552530 -4.437340 0 -7.669690 -13.242000 207.350000 1372.320000 -13 630 1 0 1.000000
1.602210 -4.420670 0 -36.096100 48.124100 226.074000 1372.260000 -13 631 1 0 1.000000
-2.836570 -5.306550 0 0.357737 -6.594450 208.927000 1372.230000 -13 632 1 0 1.000000
-8.675830 -1.601140 0 -10.945400 -2.405650 206.537000 1372.350000 -13 633 1 0 1.000000
-4.061200 1.453760 0 20.248200 -8.732870 203.597000 1372.240000 -13 634 1 0 1.000000
-3.930090 -0.596995 0 15.125000 21.987200 220.721000 1372.320000 -13 635 1 0 1.000000
-3.429790 0.827786 0 -0.585121 10.707700 181.247000 1372.200000 -13 636 1 0 1.000000
-1.578060 2.542980 0 -3.455910 -6.739910 196.509000 1372.200000 -13 637 1 0 1.000000
0.416471 0.323147 0 6.430040 -8.578200 209.379000 1372.340000 -13 638 1 0 1.000000
-1.938500 -8.137970 0 -6.621650 13.382400 201.014000 1372.390000 -13 639 1 0 1.000000
-2.466020 -3.195080 0 -18.011800 20.274800 222.689000 1372.190000 -13 640 1 0 1.000000
-0.172163 -2.887200 0 0.605530 27.921700 179.704000 1372.310000 -13 641 1 0 1.000000
-5.929780 -0.501580 0 12.764000 -5.060380 196.656000 1372.400000 -13 642 1 0 1.000000
8.150330 -0.743946 0 16.494200 -19.030000 191.612000 1372.360000 -13 643 1 0 1.000000
-4.697820 0.130791 0 4.590580 -8.439380 225.190000 1372.320000 -13 644 1 0 1.000000
-5.428030 7.644070 0 6.830690 -6.977130 217.934000 1372.230000 -13 645 1 0 1.000000
-0.364552 -6.246830 0 -10.232200 7.221940 201.455000 1372.270000 -13 646 1 0 1.000000
-1.878050 -3.645590 0 8.918000 -1.641770 198.426000 1372.100000 -13 647 1 0 1.000000
3.984600 -2.544750 0 10.984300 -4.156110 192.956000 1372.280000 -13 648 1 0 1.000000
3.632280 3.091410 0 -3.908460 -15.280500 187.392000 1372.230000 -13 649 1 0 1.000000
-4.345310 -0.189731 0 -4.757910 15.389200 209.671000 1372.110000 -13 650 1 0 1.000000
0.718007 -4.920810 0 -4.418350 7.787690 213.773000 1372.390000 -13 651 1 0 1.000000
-1.445260 0.700731 0 0.225081 9.955670 189.074000 1372.310000 -13 652 1 0 1.000000
-5.687290 -5.302030 0 9.234890 8.362120 204.944000 1372.450000 -13 653 1 0 1.000000
-3.545330 -0.436072 0 -7.012030 -4.397790 204.693000 1372.130000 -13 654 1 0 1.000000
-5.119120 -8.184690 0 4.163240 -9.420390 206.759000 1372.420000 -13 655 1 0 1.000000
-7.609630 6.291350 0 -12.044100 7.818310 195.641000 1372.260000 -13 656 1 0 1.000000
-1.249500 0.457214 0 -0.516590 -9.351970 218.889000 1372.330000 -13 657 1 0 1.000000
-4.715920 -0.422231 0 10.809500 -7.436950 214.936000 1372.390000 -13 658 1 0 1.000000
-2.860930 -1.313840 0 -5.247370 -10.315700 217.138000 1372.220000 -13 659 1 0 1.000000
6.449120 -1.455280 0 -2.997790 20.958100 211.056000 1372.270000 -13 660 1 0 1.000000
-10.013700 2.555060 0 47.126300 -23.209300 217.854000 1372.410000 -13 661 1 0 1.000000
0.584517 1.160010 0 4.315300 -4.347930 203.333000 1372.310000 -13 662 1 0 1.000000
-3.039810 -2.651700 0 -9.174020 7.214400 194.813000 1372.290000 -13 663 1 0 1.000000
-0.122288 0.998918 0 -13.813900 -11.707500 222.526000 1372.280000 -13 664 1 0 1.000000
-1.417580 6.378460 0 -0.852202 -26.610400 215.958000 1372.230000 -13 665 1 0 1.000000
13.126600 -2.067620 0 -1.904100 1.893950 220.000000 1372.400000 -13 666 1 0 1.000000
-4.259990 -4.480690 0 -27.057900 -13.689800 212.729000 1372.320000 -13 667 1 0 1.000000
-3.757460 -3.984820 0 28.206300 4.570940 205.997000 1372.220000 -13 668 1 0 1.000000
-0.101671 -4.151570 0 -2.038780 11.993100 197.798000 1372.200000 -13 669 1 0 1.000000
3.545700 -1.658040 0 -15.511700 -0.318833 199.338000 1372.430000 -13 670 1 0 1.000000
3.631600 -1.297000 0 -3.106570 22.943900 192.700000 1372.370000 -13 671 1 0 1.000000
0.841739 -4.911390 0 -13.990900 -7.827600 209.280000 1372.410000 -13 672 1 0 1.000000
-2.520590 0.041603 0 7.232400 -9.477750 222.895000 1372.310000 -13 673 1 0 1.000000
-0.106904 -3.743180 0 9.202350 10.407800 196.612000 1372.290000 -13 674 1 0 1.000000
4.570520 -7.355130 0 8.706250 -4.556640 199.318000 1372.400000 -13 675 1 0 1.000000
-1.655190 -4.555010 0 4.837240 -10.018700 200.709000 1372.240000 -13 676 1 0 1.000000
-14.028900 -3.179550 0 -12.430200 -0.030964 214.838000 1372.370000 -13 677 1 0 1.000000
-1.993850 4.483020 0 -19.440600 -0.392497 209.885000 1372.240000 -13 678 1 0 1.000000
-3.721460 -3.333650 0 27.805900 -1.768390 199.317000 1372.390000 -13 679 1 0 1.000000
-1.027370 1.346230 0 5.906980 12.025900 209.067000 1372.250000 -13 680 1 0 1.000000
-1.268550 -7.767940 0 -6.674150 8.737800 214.483000 1372.420000 -13 681 1 0 1.000000
0.061892 -1.238060 0 6.382110 -4.475430 198.677000 1372.490000 -13 682 1 0 1.000000
-0.726154 1.843800 0 11.221500 -0.528726 203.201000 1372.420000 -13 683 1 0 1.000000
-2.638030 -5.419070 0 -5.243220 -1.172300 199.651000 1372.450000 -13 684 1 0 1.000000
-1.980870 -4.281520 0 2.386510 7.262730 199.163000 1372.140000 -13 685 1 0 1.000000
8.524770 3.863760 0 -16.862700 7.020820 208.358000 1372.430000 -13 686 1 0 1.000000
-8.853170 0.197906 0 -17.624700 8.050770 211.608000 1372.190000 -13 687 1 0 1.000000
-5.225360 -4.711670 0 20.289800 13.295300 223.063000 1372.350000 -13 688 1 0 1.000000
-5.513730 -4.436590 0 13.201100 -18.230400 199.122000 1372.210000 -13 689 1 0 1.000000
1.986740 -2.625850 0 7.408000 -2.034040 200.427000 1372.260000 -13 690 1 0 1.000000
-12.209000 -1.842400 0 -15.144200 1.929710 214.614000 1372.300000 -13 691 1 0 1.000000
-6.307880 3.667340 0 0.130149 11.008200 214.914000 1372.240000 -13 692 1 0 1.000000
-9.031310 -3.900490 0 -1.328120 -4.351090 202.434000 1372.410000 -13 693 1 0 1.000000
-0.863409 2.564100 0 -13.127800 -19.246700 229.685000 1372.290000 -13 694 1 0 1.000000
-4.632870 -2.538860 0 2.290440 -4.140850 198.661000 1372.210000 -13 695 1 0 1.000000
0.120447 -3.110500 0 10.353400 -8.855340 203.184000 1372.260000 -13 696 1 0 1.000000
1.484170 -7.729750 0 1.184120 -4.850920 198.907000 1372.350000 -13 697 1 0 1.000000
0.130644 2.016860 0 11.291700 4.978120 195.838000 1372.370000 -13 698 1 0 1.000000
-2.171250 5.032440 0 6.466650 0.358493 206.156000 1372.260000 -13 699 1 0 1.000000
-5.090720 -2.251180 0 -9.120700 8.508790 213.600000 1372.260000 -13 700 1 0 1.000000
-4.965030 -2.545630 0 5.965910 -0.075149 203.553000 1372.290000 -13 701 1 0 1.000000
-2.239380 -4.197880 0 11.198100 -15.955200 200.313000 1372.340000 -13 702 1 0 1.000000
-10.798900 0.061824 0 -11.747600 -21.749000 229.957000 1372.280000 -13 703 1 0 1.000000
-3.012780 -3.275100 0 18.840600 0.520149 184.769000 1372.290000 -13 704 1 0 1.000000
-4.371520 -5.054590 0 7.831750 11.469300 205.025000 1372.290000 -13 705 1 0 1.000000
-6.750630 -3.641240 0 -14.935700 10.287900 218.569000 1372.210000 -13 706 1 0 1.000000
4.149550 -1.314840 0 -6.307870 -2.363730 217.891000 1372.360000 -13 707 1 0 1.000000
-2.300230 -0.767839 0 -12.627500 1.500420 198.044000 1372.150000 -13 708 1 0 1.000000
-9.605100 -8.645970 0 16.524200 -16.077500 198.609000 1372.440000 -13 709 1 0 1.000000
6.508840 -5.635400 0 5.024960 19.263100 191.347000 1372.250000 -13 710 1 0 1.000000
0.813272 0.653756 0 -10.194400 4.948880 200.630000 1372.240000 -13 711 1 0 1.000000
2.934090 -5.905940 0 10.367100 6.522520 198.867000 1372.320000 -13 712 1 0 1.000000
-4.884370 -4.007350 0 -8.378320 14.502100 192.889000 1372.160000 -13 713 1 0 1.000000
-2.091790 -4.830090 0 -6.616810 -16.544600 206.149000 1372.250000 -13 714 1 0 1.000000
-2.591230 -7.253240 0 6.686460 -29.298600 200.515000 1372.280000 -13 715 1 0 1.000000
-6.163980 3.877840 0 2.537490 19.985300 193.005000 1372.300000 -13 716 1 0 1.000000
1.835080 -2.550940 0 0.088370 -12.614800 204.603000 1372.280000 -13 717 1 0 1.000000
-1.176210 -3.727130 0 5.412750 -2.697940 213.456000 1372.150000 -13 718 1 0 1.000000
2.868620 -12.427500 0 -27.377400 -6.962930 212.447000 1372.240000 -13 719 1 0 1.000000
-0.059811 -3.918660 0 -0.158002 4.824110 192.151000 1372.160000 -13 720 1 0 1.000000
-0.938093 -5.121640 0 -1.145440 -1.498140 201.541000 1372.140000 -13 721 1 0 1.000000
0.027731 -12.390900 0 -12.586900 13.424500 200.577000 1372.480000 -13 722 1 0 1.000000
1.082780 5.601290 0 -6.676600 3.803350 193.919000 1372.180000 -13 723 1 0 1.000000
-5.876540 -1.368630 0 10.697600 -1.142270 231.840000 1372.300000 -13 724 1 0 1.000000
-6.373870 -4.617510 0 7.775310 4.301220 217.736000 1372.350000 -13 725 1 0 1.000000
-0.187071 -6.447750 0 -4.888870 17.108000 208.289000 1372.380000 -13 726 1 0 1.000000
2.498690 -8.561140 0 0.609622 17.593900 204.863000 1372.340000 -13 727 1 0 1.000000
0.443576 -3.368710 0 11.473100 7.957570 208.834000 1372.270000 -13 728 1 0 1.000000
-6.579660 -6.463920 0 -1.085640 -31.187300 220.890000 1372.190000 -13 729 1 0 1.000000
-0.211746 0.555000 0 -7.782590 5.140830 205.104000 1372.350000 -13 730 1 0 1.000000
-7.451430 -1.524080 0 -12.813500 -2.614800 221.990000 1372.380000 -13 731 1 0 1.000000
-10.013900 -3.224000 0 35.606700 -10.712700 216.997000 1372.390000 -13 732 1 0 1.000000
-1.077260 -6.805330 0 15.504200 -22.846400 195.837000 1372.350000 -13 733 1 0 1.000000
-2.522390 -1.378310 0 -9.772110 18.199600 203.894000 1372.130000 -13 734 1 0 1.000000
2.415930 -4.191000 0 -6.378860 3.233810 198.068000 1372.320000 -13 735 1 0 1.000000
5.715320 -3.787320 0 1.637130 2.352730 181.265000 1372.320000 -13 736 1 0 1.000000
1.847270 -5.259280 0 -5.249650 -12.434900 194.154000 1372.250000 -13 737 1 0 1.000000
0.605225 -1.345550 0 -2.053440 4.917380 176.604000 1372.230000 -13 738 1 0 1.000000
-0.690082 -4.371810 0 -7.179270 7.862690 212.429000 1372.330000 -13 739 1 0 1.000000
3.298720 -7.960680 0 5.263820 10.914800 201.382000 1372.260000 -13 740 1 0 1.000000
-4.178890 1.822320 0 0.358204 10.076800 208.269000 1372.490000 -13 741 1 0 1.000000
1.470050 -2.944780 0 11.374900 -7.453080 191.056000 1372.430000 -13 742 1 0 1.000000
2.727890 -1.494790 0 -10.616400 16.275000 221.583000 1372.280000 -13 743 1 0 1.000000
-2.802680 8.873570 0 19.361200 -8.283470 216.562000 1372.280000 -13 744 1 0 1.000000
-3.076750 -1.781490 0 7.984710 -1.620990 201.054000 1372.300000 -13 745 1 0 1.000000
-2.448720 -1.506470 0 1.660270 -8.940760 215.364000 1372.360000 -13 746 1 0 1.000000
-3.369440 0.491896 0 -5.230350 -11.172900 208.455000 1372.440000 -13 747 1 0 1.000000
-3.190980 -0.443150 0 -12.118600 30.456200 214.745000 1372.340000 -13 748 1 0 1.000000
-2.912400 -8.643320 0 11.135300 5.361690 214.929000 1372.380000 -13 749 1 0 1.000000
-4.201780 -3.996700 0 -12.895700 -16.238000 204.014000 1372.440000 -13 750 1 0 1.000000
-4.807660 2.795420 0 -18.107500 -7.802650 213.363000 1372.420000 -13 751 1 0 1.000000
-7.294960 -3.565230 0 -7.891030 -7.465510 214.554000 1372.160000 -13 752 1 0 1.000000
-3.233910 1.155710 0 -11.769900 9.159630 197.935000 1372.330000 -13 753 1 0 1.000000
-3.052350 -5.637410 0 -0.645018 3.492830 219.869000 1372.250000 -13 754 1 0 1.000000
-4.608210 2.075120 0 -7.756600 3.326980 195.274000 1372.130000 -13 755 1 0 1.000000
-0.924982 2.556360 0 14.952400 1.838030 213.021000 1372.150000 -13 756 1 0 1.000000
3.397590 -6.233160 0 11.477000 14.336900 205.613000 1372.460000 -13 757 1 0 1.000000
-0.940213 0.843320 0 4.140780 16.205100 215.339000 1372.240000 -13 758 1 0 1.000000
2.208760 -5.608650 0 -3.931040 -18.737400 188.938000 1372.120000 -13 759 1 0 1.000000
1.087020 -0.317924 0 11.618100 -3.009660 198.297000 1372.290000 -13 760 1 0 1.000000
-5.176950 -6.894110 0 1.596310 -1.855210 216.805000 1372.340000 -13 761 1 0 1.000000
3.512400 -2.485790 0 -16.192400 37.077600 207.479000 1372.310000 -13 762 1 0 1.000000
-1.414890 -4.178280 0 15.860700 11.426100 212.130000 1372.300000 -13 763 1 0 1.000000
1.761750 -3.722140 0 31.767200 -34.162300 223.376000 1372.320000 -13 764 1 0 1.000000
-7.485380 -2.351730 0 -14.912400 0.406582 208.324000 1372.400000 -13 765 1 0 1.000000
6.828850 4.980460 0 -24.019300 3.301970 208.220000 1372.120000 -13 766 1 0 1.000000
-1.942420 -7.067610 0 -5.731420 -9.538040 212.567000 1372.320000 -13 767 1 0 1.000000
-7.365210 1.902900 0 4.767220 -26.689000 229.045000 1372.360000 -13 768 1 0 1.000000
8.304320 0.942535 0 -20.139300 35.149300 224.117000 1372.280000 -13 769 1 0 1.000000
-2.030980 6.129870 0 5.675970 -9.185540 215.668000 1372.230000 -13 770 1 0 1.000000
-1.239360 -8.405760 0 -6.162740 4.738130 206.602000 1372.290000 -13 771 1 0 1.000000
5.951160 -3.370620 0 9.395000 -0.033107 190.346000 1372.130000 -13 772 1 0 1.000000
0.209962 -1.193630 0 -0.027486 -40.619500 218.382000 1372.200000 -13 773 1 0 1.000000
-6.641090 -2.090810 0 10.889700 -8.097670 210.220000 1372.310000 -13 774 1 0 1.000000
0.954989 -3.816800 0 2.427800 -3.413580 208.648000 1372.340000 -13 775 1 0 1.000000
4.266310 -6.156450 0 7.959410 4.831750 207.330000 1372.440000 -13 776 1 0 1.000000
-6.245420 -1.267950 0 -43.697700 -0.838137 208.072000 1372.220000 -13 777 1 0 1.000000
-1.569400 -2.337310 0 -21.463800 -6.760680 195.521000 1372.210000 -13 778 1 0 1.000000
5.431980 -3.895390 0 5.976100 -22.177700 203.684000 1372.280000 -13 779 1 0 1.000000
1.618270 -3.744380 0 -4.642230 -9.714170 213.949000 1372.270000 -13 780 1 0 1.000000
2.504830 -5.988670 0 13.302700 -18.446800 215.167000 1372.200000 -13 781 1 0 1.000000
3.204390 -2.766800 0 2.401990 -4.302250 225.813000 1372.300000 -13 782 1 0 1.000000
0.832410 -3.933990 0 8.382510 -5.182810 214.608000 1372.290000 -13 783 1 0 1.000000
1.517970 -0.135900 0 -8.707480 4.846260 206.810000 1372.220000 -13 784 1 0 1.000000
-9.495160 -2.635070 0 -7.737270 2.217940 194.449000 1372.250000 -13 785 1 0 1.000000
8.611980 -11.074100 0 -1.549110 -15.053100 218.782000 1372.190000 -13 786 1 0 1.000000
-0.446109 -0.271067 0 -15.645700 -1.581050 195.819000 1372.480000 -13 787 1 0 1.000000
-2.142770 -4.874320 0 2.835840 -8.896350 202.221000 1372.290000 -13 788 1 0 1.000000
-3.865220 -5.190290 0 20.303400 -0.212325 214.581000 1372.300000 -13 789 1 0 1.000000
-6.192540 -4.846820 0 -11.805800 1.396550 202.259000 1372.280000 -13 790 1 0 1.000000
5.642830 -6.066710 0 1.851220 23.550800 192.942000 1372.380000 -13 791 1 0 1.000000
-0.489183 2.791730 0 20.960200 -30.666300 214.782000 1372.270000 -13 792 1 0 1.000000
5.782490 0.408040 0 1.668460 -7.890210 200.306000 1372.210000 -13 793 1 0 1.000000
4.144120 2.244460 0 8.148850 -2.431940 224.378000 1372.140000 -13 794 1 0 1.000000
-5.314980 3.207520 0 -13.182100 9.106980 193.080000 1372.140000 -13 795 1 0 1.000000
4.638270 -5.295440 0 -7.984670 17.927300 206.087000 1372.330000 -13 796 1 0 1.000000
-2.972620 -0.357561 0 35.923600 12.440100 203.879000 1372.420000 -13 797 1 0 1.000000
-2.607250 3.391980 0 5.344640 -9.939140 195.014000 1372.310000 -13 798 1 0 1.000000
-4.887710 1.052930 0 -9.162000 43.383500 202.982000 1372.370000 -13 799 1 0 1.000000
-4.092980 -4.595970 0 -6.826410 1.651380 219.618000 1372.250000 -13 800 1 0 1.000000
-3.536420 -2.423720 0 23.239800 -4.363990 211.959000 1372.280000 -13 801 1 0 1.000000
-4.378620 3.541110 0 -8.941680 -20.196700 219.973000 1372.310000 -13 802 1 0 1.000000
-3.021580 -8.120380 0 8.224490 -5.202240 205.214000 1372.100000 -13 803 1 0 1.000000
2.344690 0.312853 0 -13.303800 -0.686237 210.158000 1372.280000 -13 804 1 0 1.000000
-4.718600 -3.846260 0 15.900600 -0.946309 209.168000 1372.150000 -13 805 1 0 1.000000
-4.767120 -6.219460 0 0.053199 4.617890 213.267000 1372.310000 -13 806 1 0 1.000000
-5.756470 -4.548880 0 7.111870 5.249500 210.133000 1372.350000 -13 807 1 0 1.000000
-5.678640 5.197360 0 4.728780 -3.698670 192.838000 1372.290000 -13 808 1 0 1.000000
1.680080 -5.429960 0 -4.436300 24.759000 213.734000 1372.440000 -13 809 1 0 1.000000
-0.863481 -6.382610 0 -11.190500 2.788240 189.495000 1372.300000 -13 810 1 0 1.000000
-10.358200 -6.360500 0 -6.198870 10.434400 212.137000 1372.140000 -13 811 1 0 1.000000
-6.203800 -5.199370 0 -8.153170 4.787550 208.160000 1372.200000 -13 812 1 0 1.000000
1.408690 -5.200530 0 -15.413000 9.806330 204.974000 1372.240000 -13 813 1 0 1.000000
-3.689130 1.968140 0 11.309100 -17.707200 214.212000 1372.090000 -13 814 1 0 1.000000
-1.146970 -4.097320 0 17.694300 -8.088690 207.167000 1372.270000 -13 815 1 0 1.000000
-6.497970 1.388580 0 -8.401850 -9.917290 190.873000 1372.260000 -13 816 1 0 1.000000
5.454330 -1.242220 0 4.451180 18.768800 199.334000 1372.310000 -13 817 1 0 1.000000
-2.378310 -0.548723 0 -10.619500 -18.654900 226.873000 1372.270000 -13 818 1 0 1.000000
-0.520459 -1.119450 0 -19.962800 1.450020 221.816000 1372.330000 -13 819 1 0 1.000000
-4.489020 -7.304230 0 -1.137680 -11.924900 216.311000 1372.210000 -13 820 1 0 1.000000
-4.091310 0.586304 0 14.752100 -1.484940 217.774000 1372.190000 -13 821 1 0 1.000000
-1.828610 -2.554500 0 3.061980 6.432420 199.016000 1372.260000 -13 822 1 0 1.000000
-2.471760 -1.458460 0 2.578280 2.667330 214.683000 1372.350000 -13 823 1 0 1.000000
-0.625468 -1.938560 0 10.748400 -5.906600 190.118000 1372.320000 -13 824 1 0 1.000000
-5.477180 -10.201000 0 -13.200000 24.415200 212.755000 1372.160000 -13 825 1 0 1.000000
-4.245720 3.559020 0 -11.332900 12.105200 211.204000 1372.160000 -13 826 1 0 1.000000
5.888240 -0.952290 0 -7.649300 -16.000300 201.957000 1372.390000 -13 827 1 0 1.000000
0.074385 -0.404104 0 1.850590 -5.339200 206.587000 1372.180000 -13 828 1 0 1.000000
-5.321320 0.636487 0 -7.925210 -1.593750 197.534000 1372.300000 -13 829 1 0 1.000000
-2.656850 0.459187 0 14.821600 13.281300 214.877000 1372.280000 -13 830 1 0 1.000000
1.631890 -7.022000 0 6.669170 14.086200 206.688000 1372.250000 -13 831 1 0 1.000000
3.322100 5.257710 0 -38.087800 -2.472300 212.342000 1372.160000 -13 832 1 0 1.000000
-1.290180 -3.166350 0 19.488300 29.376800 194.411000 1372.140000 -13 833 1 0 1.000000
-2.106400 3.599510 0 -3.716200 -3.890020 202.236000 1372.310000 -13 834 1 0 1.000000
-4.892560 -4.593550 0 11.250400 8.592020 190.375000 1372.360000 -13 835 1 0 1.000000
-3.172990 1.129120 0 -1.303530 -2.827780 208.075000 1372.280000 -13 836 1 0 1.000000
-8.520160 -6.449240 0 7.705810 -8.781730 194.886000 1372.240000 -13 837 1 0 1.000000
-6.930800 -6.317920 0 -2.332260 -6.213320 213.956000 1372.450000 -13 838 1 0 1.000000
-10.826100 1.941950 0 -12.568800 3.609520 216.931000 1372.260000 -13 839 1 0 1.000000
-2.276440 -0.121304 0 2.705680 -11.051600 204.387000 1372.400000 -13 840 1 0 1.000000
0.592484 -10.536800 0 -0.092414 -4.433440 206.577000 1372.390000 -13 841 1 0 1.000000
-3.635190 -0.640688 0 7.638390 6.781800 223.169000 1372.350000 -13 842 1 0 1.000000
0.658262 -2.591600 0 -2.016160 -14.062100 194.605000 1372.130000 -13 843 1 0 1.000000
-4.933920 -2.442720 0 -20.779900 -6.185270 198.379000 1372.250000 -13 844 1 0 1.000000
-2.855430 -2.669420 0 -9.279400 -4.091650 202.188000 1372.390000 -13 845 1 0 1.000000
-1.024900 -2.552930 0 12.081800 -6.475790 204.709000 1372.370000 -13 846 1 0 1.000000
0.018841 -1.673010 0 -24.476500 3.807270 191.584000 1372.380000 -13 847 1 0 1.000000
-6.575960 1.759700 0 -8.110970 6.920040 201.066000 1372.440000 -13 848 1 0 1.000000
-1.724790 -3.714630 0 -12.947500 -14.868400 223.761000 1372.180000 -13 849 1 0 1.000000
-0.897733 1.772340 0 -14.207700 0.697684 201.750000 1372.130000 -13 850 1 0 1.000000
-3.774990 -1.202930 0 1.417630 -3.871410 218.235000 1372.230000 -13 851 1 0 1.000000
-0.102615 -6.666220 0 -16.384800 21.557400 203.996000 1372.340000 -13 852 1 0 1.000000
0.684749 -9.731890 0 0.877588 -10.235600 201.636000 1372.320000 -13 853 1 0 1.000000
-3.372490 -4.956390 0 2.223960 -2.897690 208.517000 1372.380000 -13 854 1 0 1.000000
-2.363050 6.578030 0 -1.033760 -21.283700 202.329000 1372.170000 -13 855 1 0 1.000000
-4.016460 -5.827210 0 6.836400 2.368650 191.239000 1372.340000 -13 856 1 0 1.000000
2.104770 -0.965627 0 29.862300 0.309835 206.365000 1372.180000 -13 857 1 0 1.000000
-0.110238 -6.014180 0 -7.193550 -19.367200 209.866000 1372.350000 -13 858 1 0 1.000000
5.636700 -6.228610 0 -8.456700 13.913900 196.005000 1372.250000 -13 859 1 0 1.000000
2.458630 -7.029550 0 -11.905400 6.324820 209.941000 1372.430000 -13 860 1 0 1.000000
-1.117310 -0.177038 0 -3.557680 0.397773 192.918000 1372.180000 -13 861 1 0 1.000000
-1.328230 -5.007030 0 -16.549300 42.463200 229.567000 1372.220000 -13 862 1 0 1.000000
-7.012530 -1.747530 0 -5.047720 -9.051840 207.320000 1372.290000 -13 863 1 0 1.000000
-1.180070 -4.599450 0 0.265355 -14.878900 200.403000 1372.200000 -13 864 1 0 1.000000
-4.153990 -3.089270 0 15.027900 -2.384570 204.634000 1372.310000 -13 865 1 0 1.000000
-2.728980 -7.719560 0 1.794060 -12.695100 204.952000 1372.310000 -13 866 1 0 1.000000
-0.226606 -3.385040 0 10.360600 4.776220 193.950000 1372.160000 -13 867 1 0 1.000000
-9.351850 -8.173410 0 -4.003320 -5.410530 193.094000 1372.330000 -13 868 1 0 1.000000
1.195350 -0.968382 0 2.389500 -16.246300 184.455000 1372.170000 -13 869 1 0 1.000000
8.513810 -8.325290 0 -3.891500 3.970720 193.848000 1372.290000 -13 870 1 0 1.000000
1.276880 -6.537580 0 3.177980 13.822900 197.331000 1372.100000 -13 871 1 0 1.000000
-4.922780 3.041280 0 1.058160 -0.312453 203.391000 1372.390000 -13 872 1 0 1.000000
-4.302340 -11.019300 0 -3.782150 -16.699600 226.515000 1372.200000 -13 873 1 0 1.000000
-5.604660 -4.458200 0 -16.496200 2.213470 225.141000 1372.390000 -13 874 1 0 1.000000
1.923500 4.078020 0 -11.803000 4.708960 204.639000 1372.140000 -13 875 1 0 1.000000
-6.915480 -4.029430 0 6.365320 -4.129770 206.412000 1372.240000 -13 876 1 0 1.000000
-1.918970 -1.743470 0 -19.695200 1.533250 199.995000 1372.420000 -13 877 1 0 1.000000
2.358880 -4.787620 0 -14.525700 -1.173220 190.609000 1372.360000 -13 878 1 0 1.000000
-7.201940 -7.377640 0 0.037293 -2.378920 202.992000 1372.300000 -13 879 1 0 1.000000
-6.049130 3.474090 0 25.738600 1.357900 195.653000 1372.260000 -13 880 1 0 1.000000
-2.165020 -6.323270 0 21.801800 -17.575400 212.913000 1372.280000 -13 881 1 0 1.000000
0.634808 -3.063670 0 -6.698640 8.459990 203.893000 1372.330000 -13 882 1 0 1.000000
-0.346611 -4.604180 0 32.301500 -18.441200 227.414000 1372.370000 -13 883 1 0 1.000000
-6.953200 -4.999460 0 11.664600 0.036462 214.225000 1372.320000 -13 884 1 0 1.000000
-5.650400 1.193380 0 -3.467310 -10.295000 216.485000 1372.260000 -13 885 1 0 1.000000
1.139180 -2.382410 0 -30.628500 -0.796046 217.055000 1372.350000 -13 886 1 0 1.000000
2.201720 2.322780 0 -3.130720 12.355300 199.108000 1372.370000 -13 887 1 0 1.000000
-6.282910 -7.722700 0 14.373100 -9.877430 218.699000 1372.200000 -13 888 1 0 1.000000
-9.314660 -2.017110 0 -12.507200 1.799110 193.572000 1372.340000 -13 889 1 0 1.000000
4.835300 -0.314777 0 -18.644200 13.665000 211.061000 1372.410000 -13 890 1 0 1.000000
1.602940 -8.443010 0 8.491380 1.783890 204.885000 1372.390000 -13 891 1 0 1.000000
-8.348930 -2.950100 0 -5.232920 -0.940315 214.388000 1372.310000 -13 892 1 0 1.000000
-0.630296 -4.488400 0 -17.333700 -4.254610 195.242000 1372.420000 -13 893 1 0 1.000000
-2.427740 -0.401381 0 8.636890 6.911120 184.965000 1372.160000 -13 894 1 0 1.000000
-2.271460 3.690070 0 2.971340 -13.366700 231.059000 1372.330000 -13 895 1 0 1.000000
-7.951810 -3.314290 0 3.662470 11.919400 218.114000 1372.190000 -13 896 1 0 1.000000
-3.029090 -9.835600 0 0.993813 9.147900 213.839000 1372.290000 -13 897 1 0 1.000000
-10.560500 0.300886 0 12.617600 3.876840 202.386000 1372.400000 -13 898 1 0 1.000000
-1.486610 -2.679630 0 1.878980 10.326600 202.741000 1372.210000 -13 899 1 0 1.000000
-1.545150 -6.626120 0 -4.262870 -14.561700 192.155000 1372.290000 -13 900 1 0 1.000000
-3.350170 -4.442880 0 2.766260 -11.955000 201.645000 1372.280000 -13 901 1 0 1.000000
2.529560 -4.623070 0 -16.160200 14.651200 216.495000 1372.230000 -13 902 1 0 1.000000
-3.760710 -5.867900 0 -2.170720 15.630000 188.532000 1372.400000 -13 903 1 0 1.000000
9.578190 0.565639 0 -33.364400 5.856400 202.676000 1372.300000 -13 904 1 0 1.000000
-5.573870 -3.605880 0 15.474300 -13.228900 211.687000 1372.330000 -13 905 1 0 1.000000
-11.029600 7.545450 0 -3.413800 12.647200 217.373000 1372.280000 -13 906 1 0 1.000000
-4.780990 -1.935770 0 -7.594600 -0.601879 220.173000 1372.160000 -13 907 1 0 1.000000
-2.570550 2.553610 0 -15.001700 -24.295300 203.040000 1372.300000 -13 908 1 0 1.000000
-3.660580 3.826460 0 -0.359905 17.086400 192.539000 1372.180000 -13 909 1 0 1.000000
-0.068265 3.129210 0 15.258700 14.817900 200.977000 1372.270000 -13 910 1 0 1.000000
-1.723940 -3.184720 0 -12.312900 -24.631600 210.241000 1372.240000 -13 911 1 0 1.000000
0.636196 -1.802730 0 -10.705800 -22.911000 199.084000 1372.190000 -13 912 1 0 1.000000
-0.534954 -2.608530 0 -12.930600 -8.987320 214.988000 1372.370000 -13 913 1 0 1.000000
-3.392510 -7.355520 0 8.365300 1.285090 195.264000 1372.420000 -13 914 1 0 1.000000
-5.830610 1.055260 0 29.843600 9.639380 211.619000 1372.180000 -13 915 1 0 1.000000
-4.516540 -8.732100 0 16.071600 -5.207520 209.461000 1372.450000 -13 916 1 0 1.000000
-10.204200 0.049270 0 4.645490 -3.302120 210.767000 1372.300000 -13 917 1 0 1.000000
-5.643170 0.456594 0 39.903800 7.283680 205.041000 1372.430000 -13 918 1 0 1.000000
6.417390 -1.175950 0 -31.554400 -1.705480 208.337000 1372.420000 -13 919 1 0 1.000000
-5.187970 -4.164300 0 -13.608000 -19.923100 211.832000 1372.350000 -13 920 1 0 1.000000
-0.805880 -5.961830 0 8.075020 -15.328800 207.842000 1372.230000 -13 921 1 0 1.000000
-12.990200 -6.741660 0 -14.271600 5.791230 206.676000 1372.340000 -13 922 1 0 1.000000
0.726089 -2.625600 0 -5.721360 -15.658800 208.172000 1372.270000 -13 923 1 0 1.000000
2.279100 -6.100030 0 39.096500 15.753700 197.256000 1372.290000 -13 924 1 0 1.000000
-3.934500 -8.487100 0 7.103050 -1.059700 200.050000 1372.190000 -13 925 1 0 1.000000
-3.292630 2.352460 0 5.626140 1.475610 193.761000 1372.180000 -13 926 1 0 1.000000
-3.774220 -4.567860 0 -9.608740 4.380920 199.576000 1372.360000 -13 927 1 0 1.000000
-1.871920 -2.930330 0 13.585300 5.227110 208.690000 1372.370000 -13 928 1 0 1.000000
-5.141030 -5.584540 0 -17.391000 6.112940 201.253000 1372.110000 -13 929 1 0 1.000000
-1.143240 -3.207160 0 3.600710 5.090040 227.933000 1372.260000 -13 930 1 0 1.000000
0.945024 -5.428320 0 9.583300 -0.700576 201.119000 1372.210000 -13 931 1 0 1.000000
-7.490650 -8.279400 0 0.717851 7.870070 225.717000 1372.300000 -13 932 1 0 1.000000
-1.158850 -1.259470 0 3.628380 11.163900 210.903000 1372.300000 -13 933 1 0 1.000000
3.181250 -7.446410 0 14.221700 2.739850 195.925000 1372.490000 -13 934 1 0 1.000000
-4.255980 -4.572990 0 -11.107000 -14.887500 208.639000 1372.300000 -13 935 1 0 1.000000
-1.633490 -7.409690 0 -23.846500 11.309400 200.415000 1372.180000 -13 936 1 0 1.000000
-0.659357 1.971000 0 -12.345100 4.986190 195.578000 1372.250000 -13 937 1 0 1.000000
1.776730 2.904300 0 -21.452700 0.727031 190.741000 1372.240000 -13 938 1 0 1.000000
-5.853590 -7.490160 0 1.167140 21.092900 208.218000 1372.340000 -13 939 1 0 1.000000
4.020600 1.297570 0 21.748500 26.324100 201.170000 1372.160000 -13 940 1 0 1.000000
-1.326130 -1.997300 0 -1.450580 0.311293 199.916000 1372.250000 -13 941 1 0 1.000000
-2.508060 -5.161850 0 -2.907480 -20.549700 194.161000 1372.110000 -13 942 1 0 1.000000
-2.299080 -0.679346 0 -9.973150 -15.550500 202.771000 1372.440000 -13 943 1 0 1.000000
-0.394697 -5.371960 0 17.715100 -5.899230 201.918000 1372.320000 -13 944 1 0 1.000000
-2.464130 -3.380150 0 -3.179940 0.379736 210.113000 1372.230000 -13 945 1 0 1.000000
-2.012630 -5.681710 0 -3.918420 -30.742800 199.946000 1372.360000 -13 946 1 0 1.000000
-7.147400 -9.321900 0 -1.674530 12.092700 222.228000 1372.180000 -13 947 1 0 1.000000
-2.918390 -2.590340 0 -16.433300 -1.272750 198.545000 1372.460000 -13 948 1 0 1.000000
0.460684 -7.664320 0 -3.960680 -0.940639 221.046000 1372.310000 -13 949 1 0 1.000000
-3.811420 6.967220 0 12.830400 -22.491900 200.772000 1372.260000 -13 950 1 0 1.000000
-12.295900 -9.324980 0 0.402297 -4.134950 198.624000 1372.350000 -13 951 1 0 1.000000
