#BLTrackFile solenoid_cooling_channel
#x y z Px Py Pz t PDGid EvNum TrkId Parent weight
-5.844740 -8.474280 0 0.000000 0.000000 203.000000 778.698000 -13 1 1 0 1.000000
-19.189800 -15.920100 0 6.936870 -0.043945 226.818000 778.995000 -13 2 1 0 1.000000
-0.680935 -13.676500 0 -9.083370 -4.895530 217.449000 778.943000 -13 3 1 0 1.000000
-5.640220 -20.561800 0 12.611800 -6.344980 222.879000 778.574000 -13 4 1 0 1.000000
8.505030 -12.421400 0 29.188900 -13.313400 200.255000 779.169000 -13 5 1 0 1.000000
-5.187280 -13.930600 0 -12.417600 -0.766372 212.797000 779.144000 -13 6 1 0 1.000000
-17.832800 -21.483600 0 5.551970 -10.320900 217.210000 778.979000 -13 7 1 0 1.000000
-20.651400 -21.175200 0 18.219200 7.747520 219.405000 778.968000 -13 8 1 0 1.000000
-4.299410 -13.431100 0 -8.264770 2.124270 211.148000 779.067000 -13 9 1 0 1.000000
-10.115500 -6.590920 0 6.166540 0.089000 224.952000 778.856000 -13 10 1 0 1.000000
1.522740 8.721160 0 -9.975190 -1.294560 210.595000 778.875000 -13 11 1 0 1.000000
8.052890 2.352480 0 -6.576290 9.729960 223.630000 778.924000 -13 12 1 0 1.000000
8.619310 0.441389 0 -32.803800 1.685660 203.566000 778.834000 -13 13 1 0 1.000000
1.693400 -7.744260 0 -6.101360 -6.062100 212.418000 778.998000 -13 14 1 0 1.000000
5.829360 -10.632900 0 -15.397500 15.166300 220.880000 778.801000 -13 15 1 0 1.000000
-16.589900 -14.513800 0 19.474100 1.287070 206.713000 779.044000 -13 16 1 0 1.000000
0.371152 -9.586680 0 33.186700 -1.960880 209.048000 778.573000 -13 17 1 0 1.000000
11.060300 -11.949600 0 -4.649430 -3.336640 186.218000 778.682000 -13 18 1 0 1.000000
12.838100 -27.724500 0 20.014400 -8.184270 207.561000 778.751000 -13 19 1 0 1.000000
-0.247441 -9.575900 0 -3.751250 -28.640300 228.279000 778.959000 -13 20 1 0 1.000000
-7.281610 -21.224500 0 22.090200 -23.057300 209.630000 779.000000 -13 21 1 0 1.000000
3.595160 -1.919000 0 3.175190 -2.421730 199.544000 779.056000 -13 22 1 0 1.000000
-10.600300 -10.170600 0 14.544900 -2.141820 196.193000 778.562000 -13 23 1 0 1.000000
-7.698180 -19.490200 0 -0.055661 -10.833500 225.347000 778.692000 -13 24 1 0 1.000000
19.789500 -19.676700 0 -8.175740 6.319020 206.058000 778.950000 -13 25 1 0 1.000000
-13.628000 4.521830 0 11.088900 -12.146900 212.038000 778.867000 -13 26 1 0 1.000000
-18.012500 11.215000 0 8.543000 -7.507280 219.779000 778.892000 -13 27 1 0 1.000000
-22.193100 -11.387300 0 -0.946265 11.775800 221.535000 778.954000 -13 28 1 0 1.000000
-10.205200 -7.571730 0 0.758899 -0.060230 231.586000 778.897000 -13 29 1 0 1.000000
4.444090 0.841816 0 -32.157700 -49.258900 213.697000 778.640000 -13 30 1 0 1.000000
-11.897900 -13.012000 0 -16.558200 10.500500 213.685000 778.944000 -13 31 1 0 1.000000
-13.007200 -15.175300 0 -6.743390 -11.865500 199.818000 778.987000 -13 32 1 0 1.000000
15.007200 -28.341000 0 2.331250 -18.491200 195.113000 778.728000 -13 33 1 0 1.000000
4.038440 -15.081100 0 -5.313500 -6.071890 199.960000 779.067000 -13 34 1 0 1.000000
-12.467900 10.810700 0 8.876370 0.796186 211.087000 779.174000 -13 35 1 0 1.000000
-7.693760 -32.161100 0 -4.894460 -0.818686 193.418000 778.795000 -13 36 1 0 1.000000
-28.604800 13.802900 0 -22.284900 -5.506900 235.633000 778.884000 -13 37 1 0 1.000000
-23.403900 -6.293950 0 -4.890530 6.474150 226.630000 778.926000 -13 38 1 0 1.000000
-13.783300 2.710550 0 -2.106940 -13.593600 214.195000 778.883000 -13 39 1 0 1.000000
-0.388899 -13.126000 0 -4.322420 12.267400 225.689000 778.902000 -13 40 1 0 1.000000
-14.061000 18.017600 0 -6.073800 -8.185320 228.291000 778.981000 -13 41 1 0 1.000000
-31.052100 -2.938610 0 -21.698300 16.373900 218.558000 778.925000 -13 42 1 0 1.000000
-23.039500 -20.238100 0 -8.562260 11.979600 218.108000 778.972000 -13 43 1 0 1.000000
-9.174740 -13.643600 0 -2.393930 1.330490 225.521000 778.782000 -13 44 1 0 1.000000
-38.155100 -17.682300 0 2.378020 0.598703 224.659000 778.998000 -13 45 1 0 1.000000
-27.983900 13.083300 0 -2.682210 13.411000 205.242000 778.673000 -13 46 1 0 1.000000
3.963070 -1.246960 0 -0.367430 -19.812400 227.303000 778.888000 -13 47 1 0 1.000000
-18.228700 9.746370 0 -2.633830 -3.652120 223.855000 778.756000 -13 48 1 0 1.000000
-17.711000 2.341090 0 4.773070 -26.700500 218.383000 779.188000 -13 49 1 0 1.000000
1.646360 1.674260 0 0.433459 7.202890 199.993000 778.994000 -13 50 1 0 1.000000
-2.852100 13.443300 0 -1.622550 -12.027700 215.883000 779.143000 -13 51 1 0 1.000000
-4.924990 4.112780 0 3.119020 3.129100 222.573000 779.035000 -13 52 1 0 1.000000
-6.212810 -25.963600 0 -6.108380 -1.654790 227.730000 778.746000 -13 53 1 0 1.000000
-27.785900 -2.252630 0 31.013000 -5.566940 218.616000 778.961000 -13 54 1 0 1.000000
-15.488400 -5.985750 0 2.563330 -16.572900 209.712000 779.098000 -13 55 1 0 1.000000
-10.603900 -11.488800 0 -2.480410 7.033330 212.246000 778.805000 -13 56 1 0 1.000000
-5.745940 -10.151400 0 -22.400900 -0.354751 222.619000 778.764000 -13 57 1 0 1.000000
-9.510960 -3.113770 0 -1.657880 -21.926100 210.541000 779.306000 -13 58 1 0 1.000000
-16.975600 -14.349700 0 4.929870 3.657540 227.567000 778.891000 -13 59 1 0 1.000000
-21.556400 -16.080500 0 11.172000 13.199200 205.461000 779.218000 -13 60 1 0 1.000000
-22.204100 7.910250 0 8.994250 -23.204300 221.158000 779.086000 -13 61 1 0 1.000000
-11.144000 8.256590 0 -13.023600 21.546200 225.429000 778.725000 -13 62 1 0 1.000000
-15.600400 -29.870100 0 1.579690 20.012600 210.888000 779.075000 -13 63 1 0 1.000000
-12.906900 -44.043700 0 1.262430 -5.773840 194.216000 778.816000 -13 64 1 0 1.000000
-32.696400 -16.839900 0 11.898500 18.487000 226.674000 778.920000 -13 65 1 0 1.000000
-5.450290 -19.372200 0 -2.799890 3.369840 201.330000 779.145000 -13 66 1 0 1.000000
-6.708480 -24.803200 0 -1.775980 3.636550 218.959000 779.024000 -13 67 1 0 1.000000
-4.656700 -21.855900 0 4.694060 2.625330 208.807000 779.077000 -13 68 1 0 1.000000
-20.607800 14.141800 0 26.495300 -13.406100 221.154000 779.014000 -13 69 1 0 1.000000
3.104860 -14.074100 0 -15.957300 -4.294660 219.061000 779.078000 -13 70 1 0 1.000000
-12.861200 -2.068160 0 5.004430 1.139670 230.704000 778.712000 -13 71 1 0 1.000000
-9.232390 -23.694000 0 9.299950 24.052000 218.161000 778.754000 -13 72 1 0 1.000000
-8.493760 -3.580520 0 -13.768800 -16.318200 218.571000 778.898000 -13 73 1 0 1.000000
-14.202400 -23.007200 0 -1.869720 -6.003270 223.829000 778.827000 -13 74 1 0 1.000000
-7.272580 -13.276400 0 -6.890170 -4.467520 190.025000 778.993000 -13 75 1 0 1.000000
-8.209790 -33.743100 0 -2.793330 1.805550 207.039000 779.057000 -13 76 1 0 1.000000
14.247700 -21.396600 0 -12.621100 6.145800 177.781000 778.896000 -13 77 1 0 1.000000
-2.694070 -22.262100 0 3.063530 -22.918600 212.533000 778.540000 -13 78 1 0 1.000000
8.083380 -7.919130 0 -1.990980 15.669700 212.360000 778.880000 -13 79 1 0 1.000000
18.424400 -6.560480 0 -19.767400 -21.656200 194.172000 778.980000 -13 80 1 0 1.000000
6.169780 -26.089000 0 -7.625160 2.641400 226.474000 778.806000 -13 81 1 0 1.000000
-24.820400 -7.935050 0 9.013430 7.666200 216.163000 779.138000 -13 82 1 0 1.000000
-19.761400 1.942590 0 5.193210 -32.943800 225.032000 778.989000 -13 83 1 0 1.000000
0.827918 -35.365500 0 2.603640 23.891000 221.910000 779.197000 -13 84 1 0 1.000000
7.123140 4.368680 0 3.743610 12.657800 217.828000 779.119000 -13 85 1 0 1.000000
-9.722610 -1.873380 0 -9.841700 16.122600 216.281000 778.786000 -13 86 1 0 1.000000
-2.109740 -14.420700 0 33.424000 -4.939140 218.380000 778.737000 -13 87 1 0 1.000000
-11.561300 -24.329900 0 12.645800 19.233000 211.557000 779.199000 -13 88 1 0 1.000000
-11.188500 -9.251800 0 2.370180 -5.766320 230.161000 778.809000 -13 89 1 0 1.000000
-11.375500 1.205300 0 -3.222610 -11.551900 225.279000 778.833000 -13 90 1 0 1.000000
-6.900110 -12.319900 0 4.643980 -9.838970 227.378000 778.759000 -13 91 1 0 1.000000
-20.109900 -20.952300 0 2.506720 -6.855850 211.138000 778.897000 -13 92 1 0 1.000000
-6.859140 12.008900 0 -12.849700 -12.333600 220.327000 779.129000 -13 93 1 0 1.000000
-11.735600 -11.718400 0 11.443800 -27.555600 211.932000 778.836000 -13 94 1 0 1.000000
-7.226730 -17.098300 0 -11.078300 -9.563730 217.889000 778.907000 -13 95 1 0 1.000000
3.596570 -25.691300 0 -17.240700 36.386300 237.153000 778.973000 -13 96 1 0 1.000000
-28.820300 -9.709450 0 5.869960 0.973924 229.257000 778.794000 -13 97 1 0 1.000000
-24.372200 -8.996860 0 9.963310 6.107310 214.226000 778.785000 -13 98 1 0 1.000000
3.346280 -5.386770 0 16.516400 -2.959230 228.909000 778.995000 -13 99 1 0 1.000000
-37.667600 -12.181700 0 4.693100 4.889350 206.331000 778.802000 -13 100 1 0 1.000000
-4.317460 6.252380 0 5.377820 -15.702800 217.447000 778.891000 -13 101 1 0 1.000000
-1.487760 -23.959100 0 -10.838000 -1.763190 227.042000 778.953000 -13 102 1 0 1.000000
-20.192600 3.708940 0 8.037150 -11.060100 223.767000 778.926000 -13 103 1 0 1.000000
-6.278480 6.619890 0 -21.145600 3.049960 214.218000 778.949000 -13 104 1 0 1.000000
-14.685900 13.634500 0 -9.332120 -22.381300 230.303000 778.940000 -13 105 1 0 1.000000
-10.508000 -9.237120 0 -1.740270 -15.174300 230.995000 778.969000 -13 106 1 0 1.000000
-9.818130 -9.256900 0 -10.249000 -11.808400 218.194000 779.039000 -13 107 1 0 1.000000
2.124110 -5.056650 0 15.273000 -26.906500 199.174000 778.918000 -13 108 1 0 1.000000
-15.589400 -9.789910 0 -3.305760 0.388212 225.691000 778.732000 -13 109 1 0 1.000000
-6.583430 -21.365500 0 0.323123 22.821600 228.482000 778.771000 -13 110 1 0 1.000000
-26.161200 0.602075 0 13.792900 -3.095960 229.694000 778.993000 -13 111 1 0 1.000000
-20.045600 8.570570 0 9.867450 -4.471270 197.550000 778.957000 -13 112 1 0 1.000000
-5.171480 0.245994 0 -4.464990 -11.685200 217.874000 779.046000 -13 113 1 0 1.000000
11.895300 -31.789800 0 7.112040 -18.929100 206.890000 778.724000 -13 114 1 0 1.000000
-24.233100 1.092050 0 -17.824600 3.685900 204.408000 778.988000 -13 115 1 0 1.000000
-3.145430 -6.110360 0 -3.804990 -4.291710 206.826000 778.956000 -13 116 1 0 1.000000
-32.537100 -23.018700 0 -15.482900 0.340885 218.815000 779.026000 -13 117 1 0 1.000000
-1.745560 -18.610000 0 -0.923770 8.266690 219.291000 778.902000 -13 118 1 0 1.000000
13.882100 -12.438800 0 -6.452490 -6.255380 217.145000 778.911000 -13 119 1 0 1.000000
-18.482900 -7.915800 0 8.421420 -17.027300 213.693000 778.883000 -13 120 1 0 1.000000
-6.141290 18.520900 0 10.438200 -15.911200 219.102000 778.980000 -13 121 1 0 1.000000
3.456300 0.180761 0 -5.073670 -17.897600 222.571000 778.764000 -13 122 1 0 1.000000
8.093560 -18.196300 0 21.873700 -7.820810 203.769000 779.125000 -13 123 1 0 1.000000
-18.777900 -14.553200 0 7.558650 21.609400 228.709000 778.837000 -13 124 1 0 1.000000
2.132980 14.741700 0 8.514040 -37.935100 235.479000 778.828000 -13 125 1 0 1.000000
-14.569700 -5.686090 0 4.708270 -23.287300 229.403000 778.786000 -13 126 1 0 1.000000
-27.745600 -21.964600 0 8.510010 -4.567890 224.962000 778.697000 -13 127 1 0 1.000000
-13.972700 -32.046400 0 -7.493060 13.171000 210.085000 778.801000 -13 128 1 0 1.000000
-7.159990 -26.681900 0 24.784800 2.519260 202.906000 778.832000 -13 129 1 0 1.000000
-18.508400 -21.691600 0 -14.650500 -1.758170 205.912000 778.833000 -13 130 1 0 1.000000
1.755800 -7.898440 0 4.748260 0.425937 204.876000 778.859000 -13 131 1 0 1.000000
-6.045800 -18.611600 0 6.795250 -10.379300 220.936000 778.992000 -13 132 1 0 1.000000
-21.294700 -1.773980 0 0.587383 -6.969450 196.891000 778.760000 -13 133 1 0 1.000000
-22.399700 -13.151000 0 0.285739 9.224210 205.292000 778.831000 -13 134 1 0 1.000000
-7.798360 -5.378230 0 16.088600 -16.539800 209.755000 778.738000 -13 135 1 0 1.000000
-18.454100 11.787300 0 20.109000 3.771500 229.486000 778.817000 -13 136 1 0 1.000000
-16.451500 -4.480880 0 -4.839350 -13.591700 222.731000 778.822000 -13 137 1 0 1.000000
-18.308500 -10.390100 0 -6.499300 10.882900 239.294000 778.771000 -13 138 1 0 1.000000
3.836490 -16.522300 0 -12.696500 -10.886800 217.932000 778.741000 -13 139 1 0 1.000000
-17.898200 -15.837600 0 11.854300 8.467990 210.880000 778.813000 -13 140 1 0 1.000000
-7.157590 -9.853310 0 -6.019880 2.224170 209.058000 778.969000 -13 141 1 0 1.000000
-10.814900 -4.495110 0 1.177200 -4.710640 208.064000 778.936000 -13 142 1 0 1.000000
-26.309100 -6.316730 0 2.786140 8.047280 217.906000 778.995000 -13 143 1 0 1.000000
-17.985000 3.027970 0 -7.543250 -12.790600 221.604000 778.971000 -13 144 1 0 1.000000
-2.738690 -15.431600 0 -20.053900 -12.416800 209.214000 778.791000 -13 145 1 0 1.000000
11.844000 -4.363070 0 -12.610000 -2.126090 213.982000 778.999000 -13 146 1 0 1.000000
0.141597 -20.634300 0 -1.454420 17.086900 198.693000 778.673000 -13 147 1 0 1.000000
-27.322900 3.885390 0 -5.887240 12.896800 217.498000 778.870000 -13 148 1 0 1.000000
6.113380 7.509000 0 13.492600 14.411700 203.997000 779.146000 -13 149 1 0 1.000000
-5.207280 1.985570 0 -7.419730 -11.859200 228.557000 778.914000 -13 150 1 0 1.000000
9.286940 -18.603700 0 9.450520 9.430410 198.250000 778.865000 -13 151 1 0 1.000000
5.997540 -33.772900 0 -28.622700 21.223400 210.177000 778.728000 -13 152 1 0 1.000000
-6.577710 -3.987380 0 -17.069500 2.144690 221.824000 778.631000 -13 153 1 0 1.000000
-38.219000 -33.933700 0 25.590000 14.377100 227.801000 779.069000 -13 154 1 0 1.000000
-17.390600 -8.260430 0 2.894480 -29.996900 207.851000 778.913000 -13 155 1 0 1.000000
-8.239020 -29.430500 0 -21.499000 19.457300 207.965000 778.698000 -13 156 1 0 1.000000
20.949900 2.161690 0 -14.468300 9.399010 212.213000 779.042000 -13 157 1 0 1.000000
15.929700 -13.800500 0 13.377600 10.119500 236.051000 779.137000 -13 158 1 0 1.000000
4.388950 -18.699400 0 8.467040 23.618200 222.823000 778.894000 -13 159 1 0 1.000000
2.383230 -26.217800 0 -8.882720 17.294900 210.531000 778.909000 -13 160 1 0 1.000000
-9.793380 8.625810 0 3.694100 5.857750 207.113000 779.001000 -13 161 1 0 1.000000
-6.531850 -3.918240 0 5.266350 -11.476600 215.328000 778.999000 -13 162 1 0 1.000000
-5.828140 7.669750 0 -7.905570 -1.732880 209.835000 778.752000 -13 163 1 0 1.000000
-8.975000 -16.685100 0 -3.059220 -12.489500 218.877000 778.853000 -13 164 1 0 1.000000
-13.863600 -11.154100 0 2.718290 2.282570 211.184000 778.982000 -13 165 1 0 1.000000
-21.977100 -8.975500 0 -7.593980 18.282200 224.720000 778.904000 -13 166 1 0 1.000000
-5.543990 -3.056150 0 -4.464980 22.307700 198.376000 778.927000 -13 167 1 0 1.000000
-28.322500 2.013010 0 10.367100 -3.548820 209.291000 779.038000 -13 168 1 0 1.000000
-1.686770 -3.089430 0 8.691990 6.410780 212.820000 779.048000 -13 169 1 0 1.000000
10.341600 -13.071000 0 3.137130 4.918160 209.430000 779.127000 -13 170 1 0 1.000000
-16.385300 1.101190 0 -1.977620 -1.392370 216.556000 778.658000 -13 171 1 0 1.000000
-3.880850 -14.255900 0 -7.641730 7.429730 235.129000 778.780000 -13 172 1 0 1.000000
1.443260 -19.600500 0 3.981330 10.492200 228.617000 778.861000 -13 173 1 0 1.000000
-3.242550 -21.300900 0 7.645120 -30.864000 206.409000 778.906000 -13 174 1 0 1.000000
-31.405300 -20.806800 0 21.390900 2.689320 219.437000 778.969000 -13 175 1 0 1.000000
-13.142800 10.582100 0 18.120600 -12.468000 224.192000 778.840000 -13 176 1 0 1.000000
-8.662500 -7.294470 0 -15.689900 -13.238500 213.405000 778.879000 -13 177 1 0 1.000000
-9.517220 16.731100 0 -5.498450 3.681240 212.303000 778.935000 -13 178 1 0 1.000000
-4.659070 -17.482900 0 7.885020 1.908990 197.991000 779.133000 -13 179 1 0 1.000000
0.393055 -19.906800 0 1.710930 -4.448650 228.286000 778.896000 -13 180 1 0 1.000000
-16.675500 -14.769500 0 -1.347120 -1.082390 236.049000 778.837000 -13 181 1 0 1.000000
-12.663400 -1.222550 0 -2.672060 0.718567 208.080000 778.631000 -13 182 1 0 1.000000
-6.607520 -30.654700 0 3.221290 -19.180600 208.423000 778.902000 -13 183 1 0 1.000000
-15.251400 -14.932900 0 21.423300 -14.370100 212.151000 778.811000 -13 184 1 0 1.000000
-11.059000 -12.560700 0 2.947590 15.848100 215.472000 779.132000 -13 185 1 0 1.000000
-32.360600 -0.691826 0 26.232400 11.101200 217.929000 779.098000 -13 186 1 0 1.000000
-13.337700 -4.202700 0 38.289800 19.157600 220.798000 778.552000 -13 187 1 0 1.000000
8.702010 -2.227320 0 -18.947100 3.258940 218.008000 778.485000 -13 188 1 0 1.000000
-5.441270 -7.311930 0 -13.948400 -11.270000 191.912000 779.027000 -13 189 1 0 1.000000
-14.086300 -10.786600 0 -0.860225 -2.254570 223.305000 778.825000 -13 190 1 0 1.000000
-10.412500 -13.627000 0 3.368430 9.318760 227.395000 778.862000 -13 191 1 0 1.000000
-14.656900 -1.524430 0 1.814900 -0.124046 219.168000 778.844000 -13 192 1 0 1.000000
-6.170980 0.431467 0 9.101470 -16.800000 216.498000 778.961000 -13 193 1 0 1.000000
-11.980700 -14.661400 0 0.381274 -4.669550 220.150000 778.828000 -13 194 1 0 1.000000
-33.652700 -2.050130 0 -8.629540 2.444680 211.601000 778.899000 -13 195 1 0 1.000000
-12.971600 -6.843590 0 14.128700 10.461900 227.650000 778.762000 -13 196 1 0 1.000000
-5.333290 -21.281100 0 21.934900 14.085400 211.380000 779.144000 -13 197 1 0 1.000000
-15.013200 -0.626870 0 6.550870 7.422260 229.875000 778.852000 -13 198 1 0 1.000000
-4.060540 -1.353880 0 -26.732400 -11.235900 232.432000 778.979000 -13 199 1 0 1.000000
-26.749100 -13.842500 0 26.885600 4.963390 225.526000 779.013000 -13 200 1 0 1.000000
-11.055800 -5.416520 0 -14.268700 -24.083100 238.548000 778.666000 -13 201 1 0 1.000000
-6.413670 -5.603660 0 5.845060 2.729260 218.907000 778.813000 -13 202 1 0 1.000000
-10.162900 -5.778380 0 1.638680 -6.150120 222.328000 778.975000 -13 203 1 0 1.000000
-1.112560 -18.803100 0 -21.168400 -4.365220 216.288000 778.982000 -13 204 1 0 1.000000
-12.846800 -6.166100 0 3.596020 -10.726300 211.194000 779.200000 -13 205 1 0 1.000000
-18.326400 -10.816300 0 17.366500 4.738570 226.608000 778.922000 -13 206 1 0 1.000000
-8.597550 -31.019700 0 9.533690 -8.874050 211.584000 779.069000 -13 207 1 0 1.000000
-7.989050 -7.182610 0 0.175392 1.647940 209.735000 778.982000 -13 208 1 0 1.000000
-24.897000 1.783150 0 9.918510 -8.616920 236.442000 778.865000 -13 209 1 0 1.000000
-14.063400 -17.278800 0 4.124190 18.965700 222.937000 778.948000 -13 210 1 0 1.000000
-3.970340 -27.803200 0 -2.456040 50.989200 209.117000 778.897000 -13 211 1 0 1.000000
-26.098900 8.512970 0 5.888080 20.790400 233.314000 778.525000 -13 212 1 0 1.000000
-6.838540 -9.703680 0 -2.340950 3.020660 225.451000 778.914000 -13 213 1 0 1.000000
-2.785190 -15.994100 0 -12.990100 29.178300 222.163000 778.998000 -13 214 1 0 1.000000
-14.030500 -4.323830 0 -11.539000 -8.847070 228.639000 778.805000 -13 215 1 0 1.000000
-22.099500 -7.035460 0 -1.679180 -6.769690 230.474000 778.743000 -13 216 1 0 1.000000
-38.174000 -4.998340 0 -7.967080 1.722740 201.979000 778.752000 -13 217 1 0 1.000000
-13.028800 -5.089760 0 21.307700 5.520960 209.677000 779.123000 -13 218 1 0 1.000000
-5.147820 4.428880 0 -2.212280 -13.207600 226.769000 778.881000 -13 219 1 0 1.000000
13.993700 -28.069900 0 -18.268400 -19.908700 215.074000 778.749000 -13 220 1 0 1.000000
-28.755300 -22.813100 0 28.242800 46.543700 232.679000 778.851000 -13 221 1 0 1.000000
-5.572630 -15.763100 0 10.154900 18.275900 200.895000 778.825000 -13 222 1 0 1.000000
15.351300 8.477580 0 6.446120 2.764220 189.120000 778.790000 -13 223 1 0 1.000000
-22.009800 -18.376300 0 6.752440 1.891480 230.686000 778.878000 -13 224 1 0 1.000000
-9.915260 -30.476800 0 -28.020400 6.318250 228.252000 778.897000 -13 225 1 0 1.000000
-25.009500 -6.725740 0 -3.955150 -10.594700 220.095000 778.839000 -13 226 1 0 1.000000
-17.353900 -17.011500 0 21.406400 -0.297435 218.348000 778.947000 -13 227 1 0 1.000000
-14.296400 22.567200 0 -8.295410 1.015440 226.397000 778.866000 -13 228 1 0 1.000000
-4.185880 -3.141180 0 21.836900 -1.836060 223.979000 778.844000 -13 229 1 0 1.000000
-17.244900 -1.838820 0 -11.396500 -7.077840 217.232000 778.799000 -13 230 1 0 1.000000
4.688160 -19.792000 0 1.853850 7.147400 224.567000 778.885000 -13 231 1 0 1.000000
-2.441350 -10.625100 0 15.515100 8.252910 230.353000 778.860000 -13 232 1 0 1.000000
-17.684800 -4.289570 0 19.123200 -16.590000 227.560000 778.899000 -13 233 1 0 1.000000
-11.422300 -10.321400 0 10.749300 -3.654230 211.989000 779.100000 -13 234 1 0 1.000000
-2.314510 -9.148620 0 -4.928820 11.851800 216.044000 778.923000 -13 235 1 0 1.000000
-62.254400 25.915600 0 -39.699700 7.268650 227.977000 778.959000 -13 236 1 0 1.000000
-7.261990 -12.539900 0 -15.689700 -19.104000 205.612000 778.875000 -13 237 1 0 1.000000
-8.143000 2.181960 0 -3.213720 -12.130700 221.557000 778.941000 -13 238 1 0 1.000000
-10.119400 -25.749500 0 -0.001349 26.461800 223.569000 778.940000 -13 239 1 0 1.000000
-10.288800 -16.828200 0 8.817190 -13.520400 201.743000 779.252000 -13 240 1 0 1.000000
-16.255700 -10.174900 0 14.109400 -7.502800 211.877000 778.563000 -13 241 1 0 1.000000
-4.947750 -0.816951 0 -4.382520 -31.889900 222.173000 779.086000 -13 242 1 0 1.000000
-44.426700 1.165530 0 -6.399460 2.591780 202.519000 778.720000 -13 243 1 0 1.000000
-8.088730 -6.033320 0 -15.680200 -10.407000 225.291000 778.953000 -13 244 1 0 1.000000
2.412770 -7.520390 0 -20.750800 6.892500 194.920000 778.581000 -13 245 1 0 1.000000
7.698640 -4.994560 0 -4.316170 11.075200 212.761000 778.631000 -13 246 1 0 1.000000
14.593500 18.403400 0 -12.037300 -17.753300 201.747000 779.021000 -13 247 1 0 1.000000
-14.736500 -6.615580 0 35.309700 -7.197820 195.410000 778.902000 -13 248 1 0 1.000000
3.687630 -15.991200 0 -28.315500 22.795100 214.289000 778.500000 -13 249 1 0 1.000000
-33.993800 5.563010 0 -9.098260 -10.743700 218.982000 778.976000 -13 250 1 0 1.000000
-8.494510 -3.780860 0 -10.488300 -5.725760 219.452000 778.675000 -13 251 1 0 1.000000
2.317650 -10.918800 0 2.415840 -8.543840 200.869000 779.153000 -13 252 1 0 1.000000
-12.871600 2.017830 0 13.055100 2.734310 223.643000 779.003000 -13 253 1 0 1.000000
-3.445760 -17.598400 0 -20.050100 4.096140 208.007000 778.710000 -13 254 1 0 1.000000
-9.338470 -4.842600 0 -13.761600 11.185500 225.904000 779.050000 -13 255 1 0 1.000000
-13.813900 -1.141780 0 10.723500 -15.160300 208.025000 778.611000 -13 256 1 0 1.000000
3.737690 -38.131900 0 21.118600 11.755400 199.390000 778.565000 -13 257 1 0 1.000000
-5.840120 7.796440 0 4.483010 1.152860 189.306000 778.728000 -13 258 1 0 1.000000
-29.037800 16.510200 0 10.283800 -17.902200 234.742000 778.990000 -13 259 1 0 1.000000
-11.811200 -3.760680 0 -23.029300 10.020400 219.975000 778.887000 -13 260 1 0 1.000000
-25.279000 -7.447460 0 -0.244751 6.662780 209.455000 778.692000 -13 261 1 0 1.000000
-22.188100 7.078140 0 14.301200 -21.647400 226.846000 778.960000 -13 262 1 0 1.000000
-8.463480 -24.524200 0 0.515794 -26.421400 209.020000 778.965000 -13 263 1 0 1.000000
-2.291340 -4.149770 0 13.735100 7.618130 204.896000 778.792000 -13 264 1 0 1.000000
-1.038860 -6.793700 0 11.769800 4.417440 221.709000 778.876000 -13 265 1 0 1.000000
18.303000 -24.656200 0 30.038200 -8.862410 199.774000 778.731000 -13 266 1 0 1.000000
3.184350 -5.199430 0 0.725894 6.113770 188.731000 778.968000 -13 267 1 0 1.000000
-11.582700 4.072520 0 -6.413900 1.394620 215.132000 778.912000 -13 268 1 0 1.000000
-17.747900 -4.070880 0 2.055250 13.171900 193.414000 778.723000 -13 269 1 0 1.000000
3.722890 -8.525160 0 3.134880 1.693200 201.454000 778.943000 -13 270 1 0 1.000000
-16.458400 -5.526490 0 2.294970 -4.776120 203.089000 779.027000 -13 271 1 0 1.000000
6.829570 -4.339710 0 -19.358300 -5.188060 205.634000 778.889000 -13 272 1 0 1.000000
1.300540 -11.798700 0 -9.530920 -12.603800 202.502000 778.918000 -13 273 1 0 1.000000
6.329990 0.540236 0 8.552030 -13.495100 206.846000 778.828000 -13 274 1 0 1.000000
-16.800800 -9.083060 0 7.404910 1.543840 216.067000 778.756000 -13 275 1 0 1.000000
-8.164140 -2.975130 0 0.660268 -1.073510 232.297000 778.812000 -13 276 1 0 1.000000
-13.792800 -19.689000 0 -14.551400 11.137600 217.474000 778.842000 -13 277 1 0 1.000000
-10.403200 -9.909560 0 12.683600 17.105000 221.523000 778.723000 -13 278 1 0 1.000000
-10.751800 0.181427 0 2.486990 2.641460 225.325000 778.778000 -13 279 1 0 1.000000
5.850380 -9.741760 0 -30.547500 -3.312430 224.025000 778.707000 -13 280 1 0 1.000000
-13.884800 -21.707700 0 1.457570 -2.389030 226.506000 778.755000 -13 281 1 0 1.000000
-7.598830 -17.678400 0 -14.189100 9.423610 239.830000 778.810000 -13 282 1 0 1.000000
-15.693300 -17.212800 0 0.324223 -3.205990 213.063000 778.865000 -13 283 1 0 1.000000
-3.428660 -9.065510 0 11.435800 -13.208400 213.377000 778.930000 -13 284 1 0 1.000000
15.116400 -12.371900 0 11.948100 -13.007600 211.152000 778.875000 -13 285 1 0 1.000000
-20.160200 6.282100 0 -8.066700 19.564400 205.771000 779.064000 -13 286 1 0 1.000000
0.114161 -12.443200 0 -0.747635 5.543800 218.654000 778.942000 -13 287 1 0 1.000000
-8.443570 -8.748860 0 17.940200 -4.459000 211.659000 778.903000 -13 288 1 0 1.000000
-22.796800 -17.341000 0 29.593700 19.303300 199.195000 778.854000 -13 289 1 0 1.000000
-13.371900 -5.049320 0 5.524050 -4.231970 223.609000 778.795000 -13 290 1 0 1.000000
-7.468020 -4.239410 0 1.635250 -0.511694 225.026000 778.754000 -13 291 1 0 1.000000
-4.923790 -1.236100 0 -14.747900 -18.726500 233.257000 778.777000 -13 292 1 0 1.000000
-3.955500 -27.804400 0 9.268830 -7.568880 218.807000 778.766000 -13 293 1 0 1.000000
-15.050300 -12.650800 0 26.731400 21.551600 225.457000 779.081000 -13 294 1 0 1.000000
-21.696800 15.274600 0 -18.071600 -24.814300 229.866000 778.946000 -13 295 1 0 1.000000
-14.204400 5.823490 0 -10.337800 16.180600 220.122000 778.757000 -13 296 1 0 1.000000
-17.130000 -17.143400 0 -30.956700 -1.545530 212.615000 778.898000 -13 297 1 0 1.000000
-10.155000 -12.166100 0 29.178700 -34.195300 212.758000 779.083000 -13 298 1 0 1.000000
-36.434400 -12.914700 0 0.097910 -13.663400 219.159000 778.494000 -13 299 1 0 1.000000
-3.843630 -0.121096 0 -6.005160 4.974560 214.247000 778.793000 -13 300 1 0 1.000000
14.341500 -15.717300 0 -13.023200 5.805090 199.566000 778.629000 -13 301 1 0 1.000000
4.845960 -17.756300 0 -24.173100 22.765700 195.844000 778.953000 -13 302 1 0 1.000000
-15.862800 -28.035800 0 19.812200 35.483900 211.680000 778.927000 -13 303 1 0 1.000000
-9.957370 -3.432990 0 2.214220 -18.465900 210.465000 779.148000 -13 304 1 0 1.000000
-18.211300 -10.443400 0 -10.001200 -2.677760 216.262000 779.127000 -13 305 1 0 1.000000
0.403918 -8.542820 0 -9.419680 0.757508 206.227000 778.708000 -13 306 1 0 1.000000
-0.818698 -14.881000 0 -6.823910 -7.155090 221.217000 778.934000 -13 307 1 0 1.000000
-11.062700 -16.911200 0 6.920250 -5.092920 198.632000 779.014000 -13 308 1 0 1.000000
-4.556410 -10.420300 0 -2.661100 -0.016006 190.964000 778.907000 -13 309 1 0 1.000000
14.274400 9.266480 0 -4.271220 -4.162700 212.915000 778.989000 -13 310 1 0 1.000000
7.859560 -6.810890 0 -33.790700 16.758500 211.021000 778.947000 -13 311 1 0 1.000000
-14.106400 -6.357390 0 -7.790100 5.371010 219.745000 778.939000 -13 312 1 0 1.000000
-1.359460 -0.157874 0 -10.127800 -0.188268 206.750000 779.037000 -13 313 1 0 1.000000
-9.858270 -5.885980 0 -6.799220 35.651000 202.013000 778.946000 -13 314 1 0 1.000000
16.739200 6.280550 0 14.798100 5.797780 208.162000 778.806000 -13 315 1 0 1.000000
0.216643 -10.845600 0 -12.607000 -4.626630 204.372000 778.958000 -13 316 1 0 1.000000
6.915250 0.794739 0 -13.595700 -4.574540 202.679000 778.917000 -13 317 1 0 1.000000
-3.178800 -13.304800 0 4.936470 -5.806640 229.304000 778.808000 -13 318 1 0 1.000000
5.449110 -2.436110 0 7.299730 6.354040 222.608000 778.701000 -13 319 1 0 1.000000
-3.819160 -7.615480 0 -11.921500 -6.794260 210.041000 778.780000 -13 320 1 0 1.000000
10.925000 -3.256250 0 -9.982030 10.054600 211.837000 778.832000 -13 321 1 0 1.000000
-17.858400 -0.169202 0 -6.024590 5.887160 208.147000 778.902000 -13 322 1 0 1.000000
-6.046860 -8.626670 0 -6.660230 6.510550 224.662000 778.805000 -13 323 1 0 1.000000
-2.404900 -8.048840 0 11.130300 29.727200 210.634000 778.926000 -13 324 1 0 1.000000
-17.647200 -3.591100 0 -2.788330 -12.705600 222.273000 779.135000 -13 325 1 0 1.000000
-12.814000 10.521300 0 -0.354837 -18.914500 211.052000 779.110000 -13 326 1 0 1.000000
9.329510 -14.623900 0 -18.929200 16.088700 221.387000 778.974000 -13 327 1 0 1.000000
-3.716550 20.028900 0 0.412713 -23.640200 204.103000 778.726000 -13 328 1 0 1.000000
-10.137200 -12.156500 0 1.967650 -14.423400 219.371000 778.826000 -13 329 1 0 1.000000
-16.691500 -5.187540 0 1.080690 -13.452100 231.268000 778.836000 -13 330 1 0 1.000000
-23.032100 1.647760 0 10.954400 -20.259400 223.292000 778.954000 -13 331 1 0 1.000000
3.892930 -15.376600 0 5.949180 0.861899 226.411000 778.845000 -13 332 1 0 1.000000
12.158900 4.170890 0 0.074412 3.328510 198.901000 778.671000 -13 333 1 0 1.000000
-35.849200 -9.123630 0 8.779560 13.120500 222.958000 778.953000 -13 334 1 0 1.000000
-24.608000 19.493900 0 1.240460 -2.940290 210.674000 779.082000 -13 335 1 0 1.000000
-9.333460 -0.048923 0 2.046920 13.087200 229.230000 778.924000 -13 336 1 0 1.000000
-3.542210 -10.233700 0 12.654800 -22.587500 228.237000 778.808000 -13 337 1 0 1.000000
4.233220 -5.065920 0 13.697700 -9.960640 223.762000 778.909000 -13 338 1 0 1.000000
10.059300 -7.270030 0 -6.799720 0.749601 223.127000 778.992000 -13 339 1 0 1.000000
-2.089760 -30.055500 0 -10.383400 11.379100 218.527000 778.843000 -13 340 1 0 1.000000
-7.401490 -2.248450 0 -20.685800 3.828690 225.506000 778.793000 -13 341 1 0 1.000000
-24.757500 -4.213300 0 24.153100 -7.732910 216.952000 778.688000 -13 342 1 0 1.000000
-5.343230 16.229700 0 1.748010 -13.544000 216.292000 778.778000 -13 343 1 0 1.000000
-3.903090 -1.241520 0 -28.387600 1.668470 229.116000 778.920000 -13 344 1 0 1.000000
-10.581000 -15.721700 0 -10.044300 11.634300 226.695000 778.888000 -13 345 1 0 1.000000
-31.496400 14.022000 0 23.128400 -13.308100 219.706000 778.713000 -13 346 1 0 1.000000
-23.077800 -5.932360 0 -8.382970 -6.855320 210.676000 778.834000 -13 347 1 0 1.000000
-17.079100 48.137900 0 -17.018900 -13.944700 221.661000 778.938000 -13 348 1 0 1.000000
-17.999200 20.230200 0 3.127330 -12.696300 223.185000 778.960000 -13 349 1 0 1.000000
-7.970110 -4.822470 0 11.258900 -7.066540 222.845000 778.834000 -13 350 1 0 1.000000
-7.617250 -21.434700 0 -1.207500 -38.755400 213.542000 778.971000 -13 351 1 0 1.000000
-15.475800 5.601930 0 11.258000 -14.497600 218.347000 778.855000 -13 352 1 0 1.000000
-19.376100 -29.303500 0 -18.994900 19.122000 236.531000 778.691000 -13 353 1 0 1.000000
-1.757480 -18.758800 0 -13.810800 -9.218860 212.549000 778.904000 -13 354 1 0 1.000000
-3.928160 -7.078480 0 3.412190 4.661380 213.614000 778.933000 -13 355 1 0 1.000000
-1.797880 7.862520 0 -13.324200 -10.197200 217.997000 778.877000 -13 356 1 0 1.000000
-8.128040 -6.815890 0 8.779410 15.924000 212.615000 778.717000 -13 357 1 0 1.000000
-8.472700 -8.424620 0 11.352500 22.808900 220.458000 778.776000 -13 358 1 0 1.000000
-13.002200 -6.324180 0 -5.135560 7.407180 221.346000 779.123000 -13 359 1 0 1.000000
-4.976620 -16.472900 0 -15.663800 13.733800 231.617000 778.824000 -13 360 1 0 1.000000
-0.343292 12.738400 0 -9.388960 1.151110 217.972000 778.910000 -13 361 1 0 1.000000
-14.449500 -6.922930 0 6.320260 7.945250 229.289000 778.722000 -13 362 1 0 1.000000
0.725620 -6.447180 0 2.225650 5.932380 218.810000 779.009000 -13 363 1 0 1.000000
0.480937 -2.561210 0 -0.697922 -3.562090 187.765000 778.744000 -13 364 1 0 1.000000
-15.415700 -33.395400 0 28.126800 14.383300 214.830000 779.073000 -13 365 1 0 1.000000
5.644270 6.708080 0 -3.845940 -10.706100 199.465000 778.750000 -13 366 1 0 1.000000
-22.872900 12.086300 0 17.304700 -5.060730 202.400000 779.006000 -13 367 1 0 1.000000
-3.117010 -48.308100 0 -13.159500 -16.736500 226.853000 778.637000 -13 368 1 0 1.000000
-10.493000 -18.969100 0 -3.033920 3.831490 199.302000 779.047000 -13 369 1 0 1.000000
6.078230 3.099650 0 6.180190 -5.278480 226.474000 778.739000 -13 370 1 0 1.000000
-34.614800 -9.059530 0 20.780400 -16.161600 214.593000 779.044000 -13 371 1 0 1.000000
-7.597400 -7.501250 0 -3.392070 -2.340610 195.474000 779.168000 -13 372 1 0 1.000000
-13.119500 -7.217870 0 0.971501 -4.086120 229.705000 778.708000 -13 373 1 0 1.000000
17.032200 -24.842900 0 1.642570 24.508900 198.326000 778.578000 -13 374 1 0 1.000000
-10.101600 -2.724530 0 -6.656110 8.818520 213.068000 778.973000 -13 375 1 0 1.000000
-13.440500 -0.090925 0 31.135500 -4.777290 202.204000 778.724000 -13 376 1 0 1.000000
-11.335100 -17.974200 0 35.450400 25.398000 198.291000 778.962000 -13 377 1 0 1.000000
-11.834500 -20.687100 0 -5.349590 13.034900 221.269000 778.773000 -13 378 1 0 1.000000
-9.999630 -10.126800 0 -13.580600 -7.383200 210.344000 779.201000 -13 379 1 0 1.000000
2.293820 -7.992450 0 -9.101140 -25.212100 187.461000 779.026000 -13 380 1 0 1.000000
-11.183200 -23.501400 0 3.924950 1.553490 233.795000 778.817000 -13 381 1 0 1.000000
2.427780 -10.581900 0 -4.905230 0.411684 202.591000 779.032000 -13 382 1 0 1.000000
-23.159400 -16.558800 0 1.445220 4.261130 206.713000 779.077000 -13 383 1 0 1.000000
-14.880200 -16.481800 0 13.430000 15.991000 208.542000 779.372000 -13 384 1 0 1.000000
-13.117700 -9.253000 0 11.604400 -0.631849 212.360000 778.780000 -13 385 1 0 1.000000
-5.426130 -24.463200 0 8.576070 25.819100 219.798000 778.978000 -13 386 1 0 1.000000
-14.586100 -24.077300 0 19.912500 15.949100 223.504000 778.912000 -13 387 1 0 1.000000
-1.746600 4.878180 0 -5.325610 -13.783300 227.299000 778.707000 -13 388 1 0 1.000000
-3.786840 7.087590 0 4.975220 1.207030 200.576000 779.033000 -13 389 1 0 1.000000
-14.917300 -25.209200 0 -9.992850 2.459350 202.772000 778.909000 -13 390 1 0 1.000000
-7.725360 6.371540 0 -8.576360 -4.490390 219.068000 778.916000 -13 391 1 0 1.000000
-15.271900 -13.164400 0 9.863940 2.604010 224.432000 778.465000 -13 392 1 0 1.000000
0.066892 -27.233600 0 0.902405 -4.052480 197.346000 779.112000 -13 393 1 0 1.000000
-5.646650 -5.019170 0 -6.501530 9.108390 206.543000 778.879000 -13 394 1 0 1.000000
-2.164790 -5.356510 0 4.485250 -1.107570 198.478000 779.082000 -13 395 1 0 1.000000
-9.003820 4.638440 0 11.241800 -15.010000 205.141000 778.998000 -13 396 1 0 1.000000
-29.088600 -0.835239 0 -2.834560 -5.856890 203.083000 778.951000 -13 397 1 0 1.000000
23.969200 -10.430000 0 19.640200 15.974200 209.840000 778.783000 -13 398 1 0 1.000000
-16.080600 -22.047700 0 -2.886420 14.596000 229.719000 778.838000 -13 399 1 0 1.000000
-12.159500 9.812500 0 10.988100 -27.239100 228.147000 778.703000 -13 400 1 0 1.000000
-4.055990 4.816980 0 -1.894050 -20.563600 192.813000 778.964000 -13 401 1 0 1.000000
1.142340 -10.685900 0 4.294480 -10.994900 216.794000 778.746000 -13 402 1 0 1.000000
-22.604100 -13.787500 0 -2.431750 14.058000 205.530000 778.687000 -13 403 1 0 1.000000
-21.283400 -20.603400 0 12.878200 10.249200 212.696000 779.121000 -13 404 1 0 1.000000
-19.134000 -9.077070 0 23.373900 0.847904 222.717000 778.688000 -13 405 1 0 1.000000
-11.194800 -9.803040 0 10.225800 7.324470 214.550000 778.781000 -13 406 1 0 1.000000
-19.440000 -0.561597 0 -18.214600 -9.816880 217.532000 778.709000 -13 407 1 0 1.000000
-39.280800 -11.726400 0 0.316804 -12.185900 225.811000 778.735000 -13 408 1 0 1.000000
-26.128500 -8.898130 0 5.135460 27.914000 225.973000 778.779000 -13 409 1 0 1.000000
-4.702540 -11.908000 0 -1.330250 3.848610 225.980000 778.721000 -13 410 1 0 1.000000
4.860060 19.063000 0 -8.096140 -11.000900 221.216000 779.053000 -13 411 1 0 1.000000
-11.951200 -12.952700 0 8.838230 -7.957670 226.746000 778.916000 -13 412 1 0 1.000000
-13.319200 -34.980100 0 5.478770 24.277300 222.235000 778.974000 -13 413 1 0 1.000000
3.942470 -14.108300 0 5.429140 0.316894 204.120000 778.903000 -13 414 1 0 1.000000
-10.307500 -12.505800 0 -5.593750 17.041700 192.479000 778.851000 -13 415 1 0 1.000000
-9.008140 -1.771650 0 -1.846110 -13.078700 227.103000 778.856000 -13 416 1 0 1.000000
-19.595700 20.827100 0 44.576500 -41.510000 231.592000 778.945000 -13 417 1 0 1.000000
-10.540500 -23.747200 0 13.375900 4.990360 208.716000 779.164000 -13 418 1 0 1.000000
-7.282750 -7.088810 0 22.509800 14.780500 218.977000 779.028000 -13 419 1 0 1.000000
-7.209170 -3.671920 0 7.453760 -2.665050 223.495000 778.909000 -13 420 1 0 1.000000
19.810700 -7.704890 0 -18.690400 -5.969260 213.819000 779.038000 -13 421 1 0 1.000000
0.326805 -15.332400 0 9.115400 5.468880 203.011000 778.502000 -13 422 1 0 1.000000
-1.432340 -12.687600 0 11.193200 34.796400 204.086000 778.900000 -13 423 1 0 1.000000
-19.264500 -11.026800 0 0.917809 2.940410 202.175000 779.087000 -13 424 1 0 1.000000
-14.570700 -3.039680 0 -1.711190 -18.418200 193.636000 779.005000 -13 425 1 0 1.000000
13.787800 7.660390 0 1.325510 2.557360 220.762000 778.431000 -13 426 1 0 1.000000
-3.960990 -29.781700 0 -5.758590 -16.946700 221.492000 778.812000 -13 427 1 0 1.000000
-10.687400 -32.273800 0 27.545800 -6.242360 221.374000 779.078000 -13 428 1 0 1.000000
-12.116700 -13.168900 0 -20.426900 -6.097200 217.472000 779.119000 -13 429 1 0 1.000000
-13.752000 7.181210 0 -10.302200 -6.583160 224.689000 778.818000 -13 430 1 0 1.000000
-4.684330 -8.931430 0 -13.415900 5.483060 226.375000 778.837000 -13 431 1 0 1.000000
5.510570 21.035000 0 0.462212 -8.353980 220.869000 778.977000 -13 432 1 0 1.000000
-19.756200 -30.030900 0 -3.891090 8.816980 228.541000 778.898000 -13 433 1 0 1.000000
-19.100200 -1.705400 0 17.844500 21.798500 212.589000 778.861000 -13 434 1 0 1.000000
-15.048800 -5.550900 0 -23.414600 -3.290810 214.286000 778.783000 -13 435 1 0 1.000000
-9.423370 -18.831800 0 -8.632270 -2.357430 213.945000 778.927000 -13 436 1 0 1.000000
-13.780800 11.919600 0 16.937000 -11.533200 226.366000 778.964000 -13 437 1 0 1.000000
-12.147300 -7.194530 0 15.720200 -9.869680 217.552000 778.933000 -13 438 1 0 1.000000
-20.382400 -3.129140 0 4.467640 -0.531849 212.481000 779.047000 -13 439 1 0 1.000000
-17.311200 -11.436500 0 0.436481 -3.599270 209.412000 778.841000 -13 440 1 0 1.000000
-28.512800 -10.364300 0 -12.698000 8.545520 215.224000 778.847000 -13 441 1 0 1.000000
-17.370900 5.076860 0 -6.433610 9.179350 217.578000 778.777000 -13 442 1 0 1.000000
-9.507840 -11.839900 0 -15.995000 -8.115440 209.445000 778.786000 -13 443 1 0 1.000000
5.109570 -34.936200 0 -9.560870 4.216870 233.198000 778.773000 -13 444 1 0 1.000000
-7.173820 -8.971780 0 1.512100 -16.945500 220.104000 778.765000 -13 445 1 0 1.000000
-23.451200 -8.588460 0 -2.760820 3.313280 231.776000 778.684000 -13 446 1 0 1.000000
14.164100 -8.493510 0 0.938519 -9.388840 205.016000 778.908000 -13 447 1 0 1.000000
13.902700 8.434060 0 -3.172090 -40.184100 226.184000 778.982000 -13 448 1 0 1.000000
-4.551860 5.237860 0 5.160810 -7.857750 223.089000 778.741000 -13 449 1 0 1.000000
10.698700 -11.002800 0 -1.481240 -1.316090 218.296000 778.886000 -13 450 1 0 1.000000
-8.578690 -18.455500 0 10.805500 -4.776040 234.712000 778.930000 -13 451 1 0 1.000000
-46.114700 -25.785700 0 -13.731500 -12.697600 202.309000 778.670000 -13 452 1 0 1.000000
-15.627700 -3.367270 0 -10.628700 -12.491500 219.889000 778.747000 -13 453 1 0 1.000000
-4.471330 -30.110600 0 16.964500 3.709230 229.095000 778.647000 -13 454 1 0 1.000000
5.031740 -6.146700 0 -2.136260 -8.165520 186.600000 778.806000 -13 455 1 0 1.000000
-21.344000 -18.743600 0 -29.213500 13.834500 200.770000 778.706000 -13 456 1 0 1.000000
-17.330100 -5.665640 0 17.139800 -11.456200 204.149000 779.328000 -13 457 1 0 1.000000
-2.046690 -1.961550 0 -10.044500 19.195500 216.877000 778.710000 -13 458 1 0 1.000000
-8.082110 -7.144850 0 -11.151300 -6.055010 214.028000 778.872000 -13 459 1 0 1.000000
-13.041300 6.068350 0 -2.247370 -14.351100 210.392000 778.679000 -13 460 1 0 1.000000
-4.934070 -4.519840 0 -1.181840 8.184240 232.900000 778.794000 -13 461 1 0 1.000000
-16.146900 -56.066400 0 -9.771850 9.314590 231.551000 778.544000 -13 462 1 0 1.000000
-7.323200 -8.251140 0 -2.707680 10.562200 211.173000 778.874000 -13 463 1 0 1.000000
-7.812670 14.657300 0 -23.781400 14.946300 214.008000 778.865000 -13 464 1 0 1.000000
-2.416380 -19.822500 0 -12.735100 32.498300 202.204000 778.992000 -13 465 1 0 1.000000
-4.529660 -7.867610 0 13.800100 -14.794900 214.360000 779.180000 -13 466 1 0 1.000000
-5.860820 15.404300 0 -1.317980 -29.098400 223.838000 778.673000 -13 467 1 0 1.000000
-21.880600 -8.101790 0 0.737296 -5.592750 230.888000 778.882000 -13 468 1 0 1.000000
-8.926260 -0.709027 0 3.204740 3.370380 231.748000 778.841000 -13 469 1 0 1.000000
21.943100 -5.562050 0 1.786070 -14.614400 198.461000 778.720000 -13 470 1 0 1.000000
-4.972090 -5.293870 0 3.332010 -16.687400 235.856000 778.810000 -13 471 1 0 1.000000
1.812320 7.683690 0 3.693480 24.032600 192.723000 778.662000 -13 472 1 0 1.000000
0.926679 -3.969560 0 -31.423500 -0.604794 209.554000 779.206000 -13 473 1 0 1.000000
-1.919150 -11.694100 0 -0.047115 4.815860 230.312000 778.776000 -13 474 1 0 1.000000
-34.115700 2.050350 0 14.221200 4.827850 219.883000 779.000000 -13 475 1 0 1.000000
-10.046000 -5.322700 0 15.342500 4.262800 226.530000 778.825000 -13 476 1 0 1.000000
-6.397830 1.306950 0 9.419080 -17.893900 207.108000 779.054000 -13 477 1 0 1.000000
-19.427700 4.411000 0 -1.593880 -19.032600 228.131000 778.851000 -13 478 1 0 1.000000
-27.292300 6.272960 0 0.212123 -15.184700 227.370000 778.811000 -13 479 1 0 1.000000
-14.043000 -22.152300 0 18.989500 3.441040 213.568000 778.917000 -13 480 1 0 1.000000
-17.076500 -5.694920 0 7.601220 1.302770 227.056000 778.707000 -13 481 1 0 1.000000
-10.030700 6.753210 0 -1.784190 -15.433500 217.021000 778.768000 -13 482 1 0 1.000000
-15.785600 -17.319300 0 -2.413070 7.274850 217.030000 779.038000 -13 483 1 0 1.000000
-18.059700 -5.967840 0 4.488990 -14.576700 232.003000 778.835000 -13 484 1 0 1.000000
5.180110 -6.291630 0 -9.849370 -12.078900 215.570000 778.860000 -13 485 1 0 1.000000
-10.875700 -18.817300 0 -2.814860 3.458060 218.079000 779.031000 -13 486 1 0 1.000000
-8.397450 3.179480 0 4.547260 -10.177300 216.137000 778.898000 -13 487 1 0 1.000000
-10.215300 -10.320300 0 -13.382800 -13.572700 230.118000 778.911000 -13 488 1 0 1.000000
-4.968010 -6.899510 0 4.772270 -8.512710 225.980000 778.947000 -13 489 1 0 1.000000
0.804638 2.707360 0 -2.971220 -6.327700 210.373000 778.761000 -13 490 1 0 1.000000
-5.765760 -39.579100 0 12.123300 4.966640 223.336000 778.916000 -13 491 1 0 1.000000
-0.751989 -8.779130 0 -10.615400 4.122370 208.043000 779.043000 -13 492 1 0 1.000000
-23.235800 1.355100 0 41.223400 7.377520 235.820000 779.002000 -13 493 1 0 1.000000
-16.390500 0.871059 0 -6.325970 -7.272220 228.549000 778.756000 -13 494 1 0 1.000000
-9.866100 -8.368530 0 8.591240 -5.906660 214.636000 778.933000 -13 495 1 0 1.000000
-10.191500 1.068660 0 11.895800 1.837720 225.190000 778.636000 -13 496 1 0 1.000000
3.242480 -1.871240 0 -10.415200 -6.210230 213.722000 778.984000 -13 497 1 0 1.000000
8.532230 2.261230 0 -18.568900 6.714720 227.094000 778.826000 -13 498 1 0 1.000000
-3.724740 -11.695200 0 23.272100 -6.152160 231.010000 778.719000 -13 499 1 0 1.000000
-38.265100 -15.504800 0 -7.768390 44.734000 237.801000 778.936000 -13 500 1 0 1.000000
-9.971580 -4.540430 0 1.853830 -15.639000 227.159000 778.976000 -13 501 1 0 1.000000
-6.646110 -19.312100 0 -11.017200 -8.938180 214.555000 778.708000 -13 502 1 0 1.000000
-4.811920 -13.024100 0 12.023800 -7.510200 218.566000 778.438000 -13 503 1 0 1.000000
3.067190 3.882030 0 -7.552420 -12.447400 215.096000 779.059000 -13 504 1 0 1.000000
-5.397100 -24.883100 0 6.746050 -3.178920 204.093000 778.757000 -13 505 1 0 1.000000
5.493390 -22.131600 0 -8.951170 18.907800 209.895000 779.017000 -13 506 1 0 1.000000
-13.534300 -12.809100 0 13.541000 7.626980 217.016000 779.008000 -13 507 1 0 1.000000
-17.808100 -2.964190 0 1.031630 -2.375610 214.322000 778.980000 -13 508 1 0 1.000000
7.653510 -15.545100 0 -16.196500 3.396820 214.803000 778.725000 -13 509 1 0 1.000000
-5.245550 1.122280 0 12.676900 -22.790600 218.313000 779.027000 -13 510 1 0 1.000000
-7.989960 0.985409 0 4.299000 -8.337520 215.230000 779.008000 -13 511 1 0 1.000000
-2.177140 -7.883750 0 -7.362810 3.021980 205.085000 779.166000 -13 512 1 0 1.000000
-9.120700 -16.332900 0 -6.194420 -3.170970 222.621000 778.832000 -13 513 1 0 1.000000
-4.748000 -11.418900 0 13.009000 22.315000 204.440000 778.873000 -13 514 1 0 1.000000
-3.413180 -16.040700 0 -0.269095 7.796650 219.209000 779.125000 -13 515 1 0 1.000000
-15.110600 -13.936700 0 8.305830 -5.366700 205.698000 778.807000 -13 516 1 0 1.000000
-13.134500 -13.984900 0 -14.519600 6.663780 228.343000 778.866000 -13 517 1 0 1.000000
-10.733000 -9.643380 0 6.267830 -4.386980 207.329000 779.015000 -13 518 1 0 1.000000
-11.942900 -14.558600 0 5.572460 2.238320 230.961000 778.809000 -13 519 1 0 1.000000
-11.776500 -5.024510 0 -7.353030 8.779820 208.612000 779.073000 -13 520 1 0 1.000000
-17.837900 -1.996120 0 12.595800 16.289400 229.691000 778.870000 -13 521 1 0 1.000000
-22.739000 -7.771640 0 -12.974000 15.740900 194.135000 778.674000 -13 522 1 0 1.000000
9.939300 -17.698100 0 -0.667197 8.835110 203.222000 778.571000 -13 523 1 0 1.000000
1.631200 -10.310400 0 10.453900 -4.093560 229.632000 778.912000 -13 524 1 0 1.000000
-0.974748 -14.454400 0 -3.603690 -12.542000 198.358000 778.838000 -13 525 1 0 1.000000
-1.121950 -27.794000 0 -12.138500 17.519900 224.203000 778.637000 -13 526 1 0 1.000000
-5.083320 -0.668530 0 16.252900 18.718300 212.027000 778.604000 -13 527 1 0 1.000000
-11.133500 14.259300 0 14.413200 -37.771200 196.034000 779.022000 -13 528 1 0 1.000000
4.984030 -20.106700 0 -28.877400 20.177800 219.694000 778.773000 -13 529 1 0 1.000000
-4.528810 22.931600 0 1.751690 18.315500 204.629000 778.728000 -13 530 1 0 1.000000
1.887740 -12.630200 0 5.672900 13.834500 218.474000 778.868000 -13 531 1 0 1.000000
-10.981200 -13.107600 0 9.593580 4.524120 220.751000 778.870000 -13 532 1 0 1.000000
-18.299600 0.976288 0 -0.510841 -7.897380 238.681000 778.933000 -13 533 1 0 1.000000
11.126700 1.879130 0 -4.986140 -9.808750 207.095000 779.064000 -13 534 1 0 1.000000
-3.496720 -3.330000 0 2.774670 9.449620 230.876000 778.836000 -13 535 1 0 1.000000
-24.229600 9.332630 0 24.190700 -4.714850 213.779000 779.002000 -13 536 1 0 1.000000
-9.553320 -4.708280 0 -5.820080 -9.162930 204.435000 778.856000 -13 537 1 0 1.000000
-15.532900 -36.865900 0 16.360800 0.111478 220.151000 778.984000 -13 538 1 0 1.000000
-30.861700 -12.395800 0 18.616200 -6.734940 224.821000 778.871000 -13 539 1 0 1.000000
-23.503200 -1.599430 0 15.942300 10.872900 217.997000 778.767000 -13 540 1 0 1.000000
-10.201800 2.081790 0 6.174890 -11.081300 209.422000 778.834000 -13 541 1 0 1.000000
-16.587700 -9.941160 0 16.816900 23.789400 198.559000 778.619000 -13 542 1 0 1.000000
-3.531120 -16.198200 0 3.485830 -9.050610 183.019000 778.635000 -13 543 1 0 1.000000
-19.284700 3.037430 0 3.487110 16.889200 234.674000 778.633000 -13 544 1 0 1.000000
-14.143300 -15.312100 0 7.337190 7.532390 214.334000 778.769000 -13 545 1 0 1.000000
-8.661740 -8.183090 0 0.946748 -10.001200 207.846000 778.964000 -13 546 1 0 1.000000
-11.106200 -6.550900 0 -3.235070 -0.767519 223.485000 778.947000 -13 547 1 0 1.000000
-18.467700 -11.619900 0 8.760790 -14.943200 232.196000 778.937000 -13 548 1 0 1.000000
-5.904540 -8.964620 0 3.232750 25.995100 224.753000 778.817000 -13 549 1 0 1.000000
7.282740 -32.820700 0 -13.831300 17.162200 207.613000 779.221000 -13 550 1 0 1.000000
-15.588700 0.952090 0 9.106440 -12.313100 220.403000 778.894000 -13 551 1 0 1.000000
-3.733050 5.761670 0 -18.459400 -19.825500 229.544000 778.802000 -13 552 1 0 1.000000
-14.534600 -10.026600 0 -4.182020 -7.561270 213.499000 779.107000 -13 553 1 0 1.000000
-0.040128 8.701640 0 -5.601640 -9.488020 215.756000 778.716000 -13 554 1 0 1.000000
-12.390600 -18.077100 0 -14.809600 14.776800 221.375000 778.823000 -13 555 1 0 1.000000
-12.297400 -10.194600 0 -4.667920 5.132870 220.921000 778.824000 -13 556 1 0 1.000000
-20.966500 -18.326700 0 11.198400 8.872330 222.882000 778.726000 -13 557 1 0 1.000000
-12.150600 1.274330 0 -2.570840 -3.672160 219.319000 778.785000 -13 558 1 0 1.000000
-3.754620 1.878180 0 0.527064 11.939500 199.643000 778.699000 -13 559 1 0 1.000000
-4.961160 -13.559600 0 21.142000 5.727750 216.734000 779.146000 -13 560 1 0 1.000000
-20.817600 -6.142910 0 -10.426100 -6.995970 216.738000 778.846000 -13 561 1 0 1.000000
-9.895880 -0.555448 0 0.942236 2.028410 216.246000 778.967000 -13 562 1 0 1.000000
-10.775800 1.440240 0 -3.668430 -9.623650 219.771000 778.782000 -13 563 1 0 1.000000
4.797890 -24.886600 0 -18.615000 13.483500 229.728000 778.684000 -13 564 1 0 1.000000
10.950200 -5.671250 0 5.881750 8.675650 215.987000 778.694000 -13 565 1 0 1.000000
1.057140 -11.819000 0 9.214310 -5.163290 226.473000 778.828000 -13 566 1 0 1.000000
16.346400 -2.948780 0 -18.082800 2.360470 210.182000 779.031000 -13 567 1 0 1.000000
-9.352850 -7.909350 0 -15.108500 2.137710 225.019000 778.908000 -13 568 1 0 1.000000
-24.071500 -25.580600 0 10.700900 7.228880 227.640000 778.855000 -13 569 1 0 1.000000
-14.623300 5.499280 0 3.388020 -6.954880 220.603000 779.003000 -13 570 1 0 1.000000
-15.668700 -13.647000 0 21.622700 6.335030 215.527000 778.968000 -13 571 1 0 1.000000
-7.606340 2.628010 0 -7.822110 -17.198800 231.306000 778.842000 -13 572 1 0 1.000000
-9.257500 6.070830 0 13.030500 -4.985700 219.249000 778.887000 -13 573 1 0 1.000000
-34.440500 7.629400 0 0.693685 3.666750 237.368000 778.937000 -13 574 1 0 1.000000
1.460230 -12.375400 0 1.334820 -27.138400 190.003000 778.974000 -13 575 1 0 1.000000
-16.017300 -8.567810 0 -20.357200 29.388600 213.802000 778.944000 -13 576 1 0 1.000000
-4.875840 -4.825440 0 2.161760 -10.330800 212.738000 778.823000 -13 577 1 0 1.000000
-7.283320 5.280030 0 15.279600 -8.644000 227.051000 778.917000 -13 578 1 0 1.000000
-13.400300 -5.994060 0 -3.515600 -16.257400 218.701000 778.769000 -13 579 1 0 1.000000
-6.245320 -8.848220 0 21.449300 -6.903040 191.913000 778.827000 -13 580 1 0 1.000000
-10.551000 9.822640 0 2.771350 15.310800 193.103000 778.756000 -13 581 1 0 1.000000
-19.954900 -23.591700 0 7.918730 11.299700 217.235000 778.810000 -13 582 1 0 1.000000
-27.756800 1.149940 0 10.620200 -7.324690 215.650000 778.960000 -13 583 1 0 1.000000
-19.949500 -9.963600 0 9.585310 -5.348970 217.735000 778.831000 -13 584 1 0 1.000000
4.400910 -8.595580 0 1.456780 -15.245500 211.795000 778.877000 -13 585 1 0 1.000000
-0.594115 18.598800 0 -1.619150 9.982280 218.871000 778.915000 -13 586 1 0 1.000000
-18.572100 -11.141400 0 -14.120900 -2.472110 225.818000 778.879000 -13 587 1 0 1.000000
-4.389940 -9.467300 0 2.570770 -2.968510 220.953000 778.854000 -13 588 1 0 1.000000
-15.132000 -12.281300 0 -5.414730 -2.438820 218.125000 778.735000 -13 589 1 0 1.000000
-10.594800 -7.561670 0 -16.179100 -9.189320 218.323000 778.915000 -13 590 1 0 1.000000
12.857100 5.329710 0 -6.550660 -0.242554 225.453000 778.843000 -13 591 1 0 1.000000
0.328783 18.580200 0 -15.081100 -15.816600 212.545000 779.006000 -13 592 1 0 1.000000
14.597500 6.874630 0 -4.333510 -1.948560 212.982000 778.961000 -13 593 1 0 1.000000
-2.901520 -0.483299 0 -30.206700 -7.067230 232.836000 778.937000 -13 594 1 0 1.000000
-30.159500 7.196720 0 42.666600 -19.826200 222.942000 779.310000 -13 595 1 0 1.000000
-35.854900 -7.317850 0 14.175500 21.923900 223.761000 778.856000 -13 596 1 0 1.000000
-9.047490 -3.888030 0 0.222533 -7.207050 225.498000 778.787000 -13 597 1 0 1.000000
-21.086200 -2.388440 0 -7.493240 5.479360 232.790000 778.841000 -13 598 1 0 1.000000
-10.539300 -11.245300 0 -11.297800 10.306900 220.919000 779.057000 -13 599 1 0 1.000000
-7.394090 -2.844860 0 -14.615800 16.311600 218.500000 778.691000 -13 600 1 0 1.000000
2.263290 3.084800 0 -12.539400 -0.828091 200.355000 778.646000 -13 601 1 0 1.000000
-9.256180 4.591560 0 4.317880 8.759320 204.397000 778.976000 -13 602 1 0 1.000000
9.362850 4.717540 0 -1.468930 -10.135300 199.214000 778.810000 -13 603 1 0 1.000000
35.080100 5.439980 0 -5.851600 0.958005 218.695000 778.976000 -13 604 1 0 1.000000
18.091500 2.376930 0 -17.991500 2.457790 199.896000 779.270000 -13 605 1 0 1.000000
-10.170500 -13.179500 0 -5.610190 9.533780 204.294000 779.065000 -13 606 1 0 1.000000
-7.242180 -21.443000 0 -29.971200 -6.505010 214.344000 778.726000 -13 607 1 0 1.000000
-17.812900 8.249830 0 0.151343 -6.585640 217.007000 778.805000 -13 608 1 0 1.000000
-18.684600 -3.298990 0 12.792600 -24.667800 236.753000 778.726000 -13 609 1 0 1.000000
7.433050 2.168470 0 -5.850590 -1.303390 227.919000 778.960000 -13 610 1 0 1.000000
-12.230400 -20.000000 0 -7.304340 22.189600 191.489000 778.789000 -13 611 1 0 1.000000
-12.566700 -9.500490 0 2.733110 -2.777870 227.085000 778.758000 -13 612 1 0 1.000000
-34.950500 0.991374 0 -4.359820 18.236500 206.009000 779.011000 -13 613 1 0 1.000000
-26.447700 -7.869430 0 2.136880 -2.555930 223.728000 778.889000 -13 614 1 0 1.000000
-10.437200 10.041900 0 -8.126080 -3.475610 216.457000 779.026000 -13 615 1 0 1.000000
-9.311290 -9.891250 0 -7.739370 -0.225489 186.671000 778.704000 -13 616 1 0 1.000000
-5.731620 -6.228520 0 -4.842930 14.743300 232.484000 778.861000 -13 617 1 0 1.000000
-3.732500 -1.269960 0 9.734120 15.099300 199.753000 778.967000 -13 618 1 0 1.000000
-5.812940 -7.020390 0 8.417530 -9.060730 187.307000 778.860000 -13 619 1 0 1.000000
-17.983500 -2.286530 0 25.864000 -3.976680 225.577000 779.034000 -13 620 1 0 1.000000
-4.137670 -37.587700 0 -16.879900 22.512000 210.207000 778.874000 -13 621 1 0 1.000000
-10.439200 -22.862300 0 9.451780 -26.940300 224.741000 778.952000 -13 622 1 0 1.000000
-9.456600 3.975120 0 4.497970 -4.667800 224.752000 778.643000 -13 623 1 0 1.000000
-9.283590 2.491060 0 -9.515420 -10.903600 218.194000 778.900000 -13 624 1 0 1.000000
-18.144600 -18.476700 0 -8.812120 12.767100 217.822000 778.876000 -13 625 1 0 1.000000
-11.600300 -17.064500 0 -1.643750 18.783600 209.956000 779.010000 -13 626 1 0 1.000000
-10.600200 -18.762800 0 -11.379100 11.263400 211.395000 779.204000 -13 627 1 0 1.000000
-0.499637 -7.724780 0 -16.702200 -7.356470 221.380000 778.988000 -13 628 1 0 1.000000
2.059460 -20.107000 0 -11.055200 -4.424700 208.456000 779.099000 -13 629 1 0 1.000000
4.937270 -9.562770 0 -9.975560 -2.908360 205.107000 778.869000 -13 630 1 0 1.000000
-17.833800 -6.502530 0 -10.845400 -3.953610 218.535000 778.878000 -13 631 1 0 1.000000
2.073560 0.150880 0 -16.743100 -19.151200 229.610000 778.810000 -13 632 1 0 1.000000
-10.678100 -28.384500 0 -9.904380 8.040530 228.151000 778.915000 -13 633 1 0 1.000000
-8.402680 -1.102790 0 4.860180 -14.493700 223.489000 778.885000 -13 634 1 0 1.000000
-21.180500 1.417200 0 4.860000 8.331250 208.950000 778.913000 -13 635 1 0 1.000000
-8.703940 -11.081100 0 15.319800 7.466930 217.744000 779.107000 -13 636 1 0 1.000000
-20.251600 -7.648850 0 6.609100 -0.056901 210.985000 778.802000 -13 637 1 0 1.000000
-15.547400 -12.196400 0 -1.375920 31.337400 229.394000 779.009000 -13 638 1 0 1.000000
-15.477900 4.413980 0 14.565400 -7.394490 202.794000 778.826000 -13 639 1 0 1.000000
-1.814310 -6.667150 0 -5.466280 1.819750 222.803000 778.736000 -13 640 1 0 1.000000
4.071520 -0.875378 0 -6.529740 -6.855210 218.277000 778.731000 -13 641 1 0 1.000000
-3.775140 -14.935800 0 4.702600 4.433760 216.847000 778.786000 -13 642 1 0 1.000000
-9.896150 -10.705600 0 7.017360 17.998100 212.964000 778.772000 -13 643 1 0 1.000000
-10.644400 3.662540 0 12.665000 18.587300 228.784000 778.788000 -13 644 1 0 1.000000
-35.602000 -9.984900 0 -5.040490 -2.983680 228.538000 778.740000 -13 645 1 0 1.000000
5.249190 -9.899920 0 -12.647500 22.076700 209.651000 778.986000 -13 646 1 0 1.000000
10.378700 -7.599920 0 14.163900 -7.112830 200.617000 779.048000 -13 647 1 0 1.000000
-28.540900 6.086440 0 12.884500 15.605400 225.209000 779.052000 -13 648 1 0 1.000000
3.872710 -7.756300 0 11.438600 -10.622300 229.770000 778.876000 -13 649 1 0 1.000000
-2.660250 -21.261500 0 -9.887420 -7.451290 234.308000 778.775000 -13 650 1 0 1.000000
-12.520400 -2.264600 0 -1.664380 3.019170 214.687000 778.663000 -13 651 1 0 1.000000
0.581610 -8.229810 0 -3.026470 -14.586300 220.877000 778.673000 -13 652 1 0 1.000000
-4.203250 -6.019220 0 -1.461050 12.968100 218.161000 778.701000 -13 653 1 0 1.000000
-12.959800 -12.502600 0 -9.147750 -4.750800 213.848000 778.760000 -13 654 1 0 1.000000
-17.385700 -1.436950 0 -8.417450 -12.330100 218.125000 778.952000 -13 655 1 0 1.000000
-6.194680 -22.583900 0 -9.460670 15.954800 203.717000 779.262000 -13 656 1 0 1.000000
-48.265600 -4.748040 0 26.950700 -15.814900 233.547000 778.998000 -13 657 1 0 1.000000
-7.278960 -15.503700 0 22.935000 4.505270 226.275000 778.966000 -13 658 1 0 1.000000
-1.467840 22.481700 0 5.124360 0.461299 210.507000 779.007000 -13 659 1 0 1.000000
-0.756989 0.352414 0 -3.363280 7.461220 238.088000 778.859000 -13 660 1 0 1.000000
-4.758300 -19.541000 0 -6.789610 1.136870 222.477000 778.855000 -13 661 1 0 1.000000
5.701790 -37.008400 0 7.685320 21.964800 205.297000 778.875000 -13 662 1 0 1.000000
-11.193700 -11.765000 0 -13.273800 0.339206 218.688000 778.817000 -13 663 1 0 1.000000
7.971760 -11.597200 0 -15.840500 -15.236800 218.569000 778.716000 -13 664 1 0 1.000000
-0.805100 11.786400 0 -4.078020 -0.270091 201.363000 779.190000 -13 665 1 0 1.000000
-1.283780 -20.554000 0 -12.202200 19.279100 215.769000 779.089000 -13 666 1 0 1.000000
-11.967400 -7.364320 0 8.199610 -30.091300 223.842000 778.717000 -13 667 1 0 1.000000
-5.820490 8.087600 0 6.731710 -2.460150 214.556000 778.817000 -13 668 1 0 1.000000
-20.392000 4.610500 0 -18.051400 -16.668000 218.909000 778.788000 -13 669 1 0 1.000000
-3.026530 -17.404300 0 -0.520411 -4.803080 222.093000 778.777000 -13 670 1 0 1.000000
16.817000 -16.750300 0 2.375930 -17.851800 239.075000 778.502000 -13 671 1 0 1.000000
-1.214540 -17.080100 0 -23.959500 15.281900 199.596000 778.467000 -13 672 1 0 1.000000
-28.325900 -12.175800 0 1.094240 8.044840 228.236000 778.823000 -13 673 1 0 1.000000
3.322810 -7.122390 0 -1.099500 -6.920090 203.195000 778.508000 -13 674 1 0 1.000000
7.619240 6.074680 0 6.897170 1.326330 209.409000 778.640000 -13 675 1 0 1.000000
-7.426480 0.601043 0 17.722400 13.741400 214.984000 778.609000 -13 676 1 0 1.000000
8.618130 -1.875320 0 13.515100 -8.125370 206.967000 779.042000 -13 677 1 0 1.000000
7.443420 -9.668980 0 -22.125000 -10.592900 200.745000 778.966000 -13 678 1 0 1.000000
-2.274220 -8.164700 0 -2.642200 1.668490 214.817000 779.127000 -13 679 1 0 1.000000
-21.896000 11.531700 0 -10.569300 12.876700 219.123000 779.076000 -13 680 1 0 1.000000
-3.093690 -10.416300 0 1.176300 10.743100 220.874000 779.004000 -13 681 1 0 1.000000
-10.749300 -6.682110 0 -22.859700 19.733900 185.861000 778.677000 -13 682 1 0 1.000000
2.958330 -39.913200 0 -6.972990 -30.582100 203.718000 778.807000 -13 683 1 0 1.000000
-14.519700 -3.228320 0 -8.248970 1.480370 219.456000 779.050000 -13 684 1 0 1.000000
2.957630 -26.820900 0 1.117920 -17.490000 230.558000 778.627000 -13 685 1 0 1.000000
7.598230 -25.188100 0 0.446292 -5.124540 207.390000 779.155000 -13 686 1 0 1.000000
-0.676375 -11.489300 0 -17.672800 9.065620 202.055000 778.705000 -13 687 1 0 1.000000
-3.940510 -20.213400 0 -6.186380 7.602050 215.292000 778.975000 -13 688 1 0 1.000000
-23.539600 -17.753000 0 13.900300 6.413040 225.182000 778.909000 -13 689 1 0 1.000000
-17.790600 -10.874200 0 8.216830 -5.369140 219.345000 778.775000 -13 690 1 0 1.000000
3.329970 -10.468600 0 19.783900 1.012910 228.239000 779.155000 -13 691 1 0 1.000000
6.550980 -7.913200 0 -27.851900 7.642930 222.342000 778.933000 -13 692 1 0 1.000000
-23.032200 -12.178300 0 10.629600 20.551000 205.250000 778.958000 -13 693 1 0 1.000000
-2.437240 -16.217600 0 -13.083700 7.281730 203.906000 779.152000 -13 694 1 0 1.000000
20.904900 -9.264470 0 -7.320760 -12.589600 202.262000 778.766000 -13 695 1 0 1.000000
-10.478000 -24.918500 0 -8.492970 -8.818330 224.792000 778.965000 -13 696 1 0 1.000000
-34.483700 -1.431800 0 37.731400 -1.113560 222.281000 779.222000 -13 697 1 0 1.000000
-5.029220 -22.472900 0 22.910800 -7.248580 200.746000 778.787000 -13 698 1 0 1.000000
15.695700 -15.521700 0 -8.376420 -19.416200 221.068000 778.934000 -13 699 1 0 1.000000
-25.617800 -28.324800 0 -1.207530 -3.374510 217.755000 778.953000 -13 700 1 0 1.000000
-4.731970 -0.542723 0 -23.982600 -32.849500 228.753000 779.138000 -13 701 1 0 1.000000
-24.757100 -10.238200 0 21.820800 29.553300 236.003000 778.595000 -13 702 1 0 1.000000
-3.456970 -13.077700 0 2.137800 -11.421100 227.584000 779.135000 -13 703 1 0 1.000000
-8.419570 -1.007440 0 4.003170 4.629000 192.952000 778.666000 -13 704 1 0 1.000000
-8.805010 -4.230940 0 4.736330 18.326300 196.421000 778.927000 -13 705 1 0 1.000000
-20.149300 -9.096430 0 25.431700 12.558800 228.477000 778.793000 -13 706 1 0 1.000000
-18.710200 -17.937500 0 0.579540 -14.923000 206.659000 778.887000 -13 707 1 0 1.000000
-11.557900 -4.538620 0 4.936960 3.461140 217.505000 778.824000 -13 708 1 0 1.000000
-18.077800 -12.355300 0 -28.244900 13.151300 202.080000 778.846000 -13 709 1 0 1.000000
-16.720400 17.319200 0 15.823900 -2.933860 217.092000 778.943000 -13 710 1 0 1.000000
-7.448620 -17.021000 0 -17.234900 -1.363040 199.592000 778.832000 -13 711 1 0 1.000000
-21.131600 -5.245190 0 8.196800 -19.819200 220.481000 778.872000 -13 712 1 0 1.000000
-5.898970 -16.763400 0 5.063290 -11.921700 198.086000 779.018000 -13 713 1 0 1.000000
-9.309730 8.052650 0 11.153800 9.825180 219.055000 778.792000 -13 714 1 0 1.000000
6.395910 -6.355950 0 8.896740 19.142500 208.761000 778.969000 -13 715 1 0 1.000000
5.637860 8.536090 0 -7.081620 3.386450 230.066000 778.896000 -13 716 1 0 1.000000
-10.748200 21.718400 0 2.219410 3.438970 227.830000 778.592000 -13 717 1 0 1.000000
-17.091000 7.718670 0 15.144700 -26.430500 224.326000 778.963000 -13 718 1 0 1.000000
-3.540700 -11.518600 0 -19.564000 6.554580 219.272000 778.742000 -13 719 1 0 1.000000
-21.587300 -15.664600 0 30.939000 10.432800 216.781000 778.991000 -13 720 1 0 1.000000
2.984900 5.530610 0 5.573700 -3.115180 218.679000 778.713000 -13 721 1 0 1.000000
7.580420 -4.966760 0 -1.650220 4.487920 220.148000 778.739000 -13 722 1 0 1.000000
-6.159180 -19.654900 0 4.435190 19.208400 218.369000 779.000000 -13 723 1 0 1.000000
33.525300 -6.915630 0 1.027680 1.368360 234.825000 779.108000 -13 724 1 0 1.000000
-5.979940 -4.307560 0 -13.049700 -15.251500 188.794000 779.134000 -13 725 1 0 1.000000
-13.709000 -5.925100 0 11.877800 11.097700 224.260000 778.780000 -13 726 1 0 1.000000
-0.968777 5.538000 0 11.274100 2.324790 217.343000 778.723000 -13 727 1 0 1.000000
-2.406470 -4.458110 0 -2.003490 -8.105660 201.846000 778.853000 -13 728 1 0 1.000000
0.472739 11.666500 0 10.752700 -13.166000 222.364000 778.977000 -13 729 1 0 1.000000
-20.714200 -2.162020 0 14.618100 -7.491390 217.954000 778.762000 -13 730 1 0 1.000000
-14.337300 2.091960 0 -21.834400 -6.423080 209.868000 778.859000 -13 731 1 0 1.000000
-8.713490 -8.880740 0 -2.703630 -21.153500 202.124000 778.915000 -13 732 1 0 1.000000
0.597902 -1.149480 0 18.435300 -2.319320 215.921000 778.875000 -13 733 1 0 1.000000
-0.953475 5.019700 0 -13.941900 -11.556400 230.047000 778.882000 -13 734 1 0 1.000000
-9.965050 -5.361220 0 -3.316520 7.979700 228.697000 778.793000 -13 735 1 0 1.000000
7.993000 -27.512900 0 -8.937970 28.091000 215.421000 778.987000 -13 736 1 0 1.000000
-0.842038 -5.277680 0 -12.247800 -2.530480 212.492000 779.020000 -13 737 1 0 1.000000
-15.662200 -15.651000 0 -4.664110 19.590600 228.635000 778.810000 -13 738 1 0 1.000000
-4.018990 -2.591990 0 -18.953700 -6.360900 199.752000 779.043000 -13 739 1 0 1.000000
0.137844 -26.412700 0 1.007990 -23.256200 200.065000 778.695000 -13 740 1 0 1.000000
-32.313900 -21.888700 0 -7.098520 4.000940 212.189000 778.741000 -13 741 1 0 1.000000
-11.066700 -5.272730 0 -10.129500 6.037380 234.567000 778.701000 -13 742 1 0 1.000000
-14.645600 -13.832400 0 8.629190 6.833220 230.475000 778.724000 -13 743 1 0 1.000000
-8.353090 -0.342440 0 -8.633080 -9.567410 230.834000 778.667000 -13 744 1 0 1.000000
-12.839200 11.224100 0 -6.430820 -8.412130 206.710000 778.934000 -13 745 1 0 1.000000
0.253879 7.330310 0 -10.761500 -17.522000 196.571000 778.770000 -13 746 1 0 1.000000
-15.697200 23.302800 0 21.425500 0.692849 229.765000 778.554000 -13 747 1 0 1.000000
-31.450200 -12.660000 0 0.355152 -7.902650 213.914000 778.984000 -13 748 1 0 1.000000
25.042400 -13.130400 0 -8.757860 3.937750 204.390000 778.698000 -13 749 1 0 1.000000
14.041500 0.919276 0 3.431870 -7.296810 229.393000 778.999000 -13 750 1 0 1.000000
-6.422270 -8.152530 0 -7.874680 9.220960 228.692000 778.682000 -13 751 1 0 1.000000
-9.460000 -2.321440 0 9.375880 -2.607580 237.231000 778.779000 -13 752 1 0 1.000000
-6.254430 -2.894930 0 -3.728430 -0.613807 216.419000 778.890000 -13 753 1 0 1.000000
-4.345090 -6.513360 0 1.101700 5.441400 206.316000 778.736000 -13 754 1 0 1.000000
-24.129500 -5.274270 0 -11.989300 -3.162560 217.449000 778.639000 -13 755 1 0 1.000000
23.332800 -7.198650 0 0.932754 -2.407220 214.446000 778.929000 -13 756 1 0 1.000000
-22.403600 -15.420500 0 -12.533700 10.164700 215.146000 778.745000 -13 757 1 0 1.000000
-10.724000 -7.134440 0 14.407700 0.204948 201.735000 778.704000 -13 758 1 0 1.000000
-2.238090 -16.888100 0 -18.281200 3.652690 230.063000 778.717000 -13 759 1 0 1.000000
-13.413200 -0.783790 0 -14.925500 -16.926400 216.203000 779.048000 -13 760 1 0 1.000000
31.505400 -6.350720 0 -30.404200 -6.198710 210.658000 779.193000 -13 761 1 0 1.000000
-20.710400 9.044590 0 -13.364500 2.544140 232.090000 778.781000 -13 762 1 0 1.000000
-11.065300 4.469710 0 22.256600 -11.808200 205.954000 779.202000 -13 763 1 0 1.000000
-3.805090 -14.479900 0 -2.347750 6.665490 228.020000 778.955000 -13 764 1 0 1.000000
-7.498670 -3.895080 0 -4.644160 -5.224510 213.489000 778.682000 -13 765 1 0 1.000000
-11.245100 3.735620 0 22.556900 -5.885940 211.416000 779.015000 -13 766 1 0 1.000000
5.702710 6.720260 0 -11.536000 12.289400 217.752000 778.828000 -13 767 1 0 1.000000
-13.424800 -22.588400 0 10.237700 -0.481552 192.521000 778.889000 -13 768 1 0 1.000000
-8.015220 -11.539000 0 18.896200 -4.641440 218.511000 778.817000 -13 769 1 0 1.000000
-17.088500 11.107900 0 20.295600 15.185500 214.386000 778.887000 -13 770 1 0 1.000000
-3.363130 5.098200 0 -3.219790 13.691000 201.544000 779.089000 -13 771 1 0 1.000000
-15.827100 -23.738400 0 1.091890 -4.633920 214.274000 778.912000 -13 772 1 0 1.000000
-10.008900 -0.711082 0 15.558100 -12.555900 214.499000 778.887000 -13 773 1 0 1.000000
-22.593100 3.933350 0 -11.551400 -4.433800 210.148000 779.085000 -13 774 1 0 1.000000
-15.069600 -26.596900 0 10.104800 -4.692450 226.218000 778.804000 -13 775 1 0 1.000000
-19.960300 5.312160 0 -6.025830 4.695940 234.492000 778.743000 -13 776 1 0 1.000000
-25.428200 6.510880 0 22.615600 -0.705922 217.212000 778.923000 -13 777 1 0 1.000000
-28.380900 -18.521300 0 13.404300 -9.762200 218.676000 778.834000 -13 778 1 0 1.000000
-8.116690 -5.016400 0 -6.376600 0.144937 221.683000 778.839000 -13 779 1 0 1.000000
-11.848800 8.437480 0 15.602700 -27.180600 223.555000 778.650000 -13 780 1 0 1.000000
-31.036900 16.443200 0 -14.656600 -4.355890 215.942000 778.663000 -13 781 1 0 1.000000
-20.894900 -7.069980 0 -29.775900 17.746000 214.464000 778.882000 -13 782 1 0 1.000000
-6.464620 -4.123500 0 1.851770 -8.804940 209.342000 778.931000 -13 783 1 0 1.000000
-24.397100 -7.955340 0 7.199000 -1.551120 198.057000 779.095000 -13 784 1 0 1.000000
-3.509990 1.850870 0 0.288577 -14.110700 197.182000 779.182000 -13 785 1 0 1.000000
-15.262800 -6.455670 0 23.541300 9.859420 198.265000 779.118000 -13 786 1 0 1.000000
-8.452410 -0.900656 0 -5.994860 -8.277800 194.982000 778.571000 -13 787 1 0 1.000000
-6.062560 -1.507210 0 33.482900 -23.602600 208.949000 779.092000 -13 788 1 0 1.000000
-31.111200 -4.353270 0 14.062200 15.568400 207.125000 778.505000 -13 789 1 0 1.000000
-11.258200 1.125860 0 2.710300 -12.331300 209.851000 778.919000 -13 790 1 0 1.000000
-15.910400 -5.033320 0 9.351060 -8.670280 208.457000 779.092000 -13 791 1 0 1.000000
-0.707032 -31.624500 0 -8.572280 14.233600 224.412000 778.959000 -13 792 1 0 1.000000
-9.494190 -27.444700 0 0.749554 -30.529700 190.436000 778.802000 -13 793 1 0 1.000000
7.155380 -13.987000 0 9.493260 -9.611140 208.176000 778.909000 -13 794 1 0 1.000000
-13.277700 -17.686100 0 15.895900 -5.641810 233.056000 778.807000 -13 795 1 0 1.000000
-9.141960 -17.129700 0 -10.213700 7.748630 227.637000 778.793000 -13 796 1 0 1.000000
-27.732000 -3.066480 0 -9.036110 -4.256120 214.733000 779.025000 -13 797 1 0 1.000000
1.737720 -13.573200 0 3.362380 -2.540510 223.841000 778.917000 -13 798 1 0 1.000000
-39.637800 13.200100 0 0.981633 -1.054510 235.760000 778.842000 -13 799 1 0 1.000000
2.397750 -34.423900 0 -19.984900 9.785890 218.378000 779.136000 -13 800 1 0 1.000000
-16.039400 3.949490 0 11.564300 1.629320 217.966000 778.929000 -13 801 1 0 1.000000
-29.912000 11.032700 0 12.683600 21.355100 229.211000 778.888000 -13 802 1 0 1.000000
1.281250 -18.064500 0 -29.308700 1.790980 201.211000 779.031000 -13 803 1 0 1.000000
-11.468400 -28.954800 0 4.774140 12.495800 222.709000 778.969000 -13 804 1 0 1.000000
-9.351570 -7.694670 0 14.173700 3.555560 222.424000 778.903000 -13 805 1 0 1.000000
-11.161300 -5.222460 0 0.419004 -6.131950 229.729000 778.870000 -13 806 1 0 1.000000
-45.062500 21.910600 0 28.668100 -3.970440 224.250000 778.950000 -13 807 1 0 1.000000
0.000867 -6.196400 0 -0.499688 -12.267100 230.741000 778.819000 -13 808 1 0 1.000000
-12.153500 -8.554950 0 -0.586717 14.734200 214.590000 778.973000 -13 809 1 0 1.000000
0.608056 -6.571440 0 -0.624571 -12.771100 222.635000 778.716000 -13 810 1 0 1.000000
-5.296290 -6.991870 0 0.033456 -12.660800 214.541000 778.796000 -13 811 1 0 1.000000
15.346800 -17.436000 0 -22.590300 0.999711 218.406000 779.070000 -13 812 1 0 1.000000
-10.447500 -19.327800 0 -8.671330 14.392600 220.132000 778.638000 -13 813 1 0 1.000000
-14.484900 -17.750900 0 8.129850 0.770839 230.983000 778.872000 -13 814 1 0 1.000000
-5.642760 0.540926 0 -11.255700 -3.337730 223.479000 778.655000 -13 815 1 0 1.000000
-5.945690 -15.380400 0 -0.901664 10.494800 211.073000 778.653000 -13 816 1 0 1.000000
-8.180350 -7.076880 0 32.735700 -26.712500 214.309000 778.843000 -13 817 1 0 1.000000
-4.403940 -12.973000 0 -7.020490 2.900780 236.408000 778.773000 -13 818 1 0 1.000000
2.308950 -18.359400 0 -28.883200 -10.433400 181.040000 778.679000 -13 819 1 0 1.000000
-13.153600 11.855300 0 -2.138450 4.207300 211.466000 778.564000 -13 820 1 0 1.000000
6.999580 -28.003800 0 -26.609900 1.605280 227.339000 778.820000 -13 821 1 0 1.000000
43.714600 11.103500 0 -14.067000 -0.899088 220.008000 779.007000 -13 822 1 0 1.000000
-20.062400 -16.872100 0 -16.792100 6.059680 237.741000 778.526000 -13 823 1 0 1.000000
-13.126400 -15.585900 0 5.511590 11.097900 231.622000 778.852000 -13 824 1 0 1.000000
-17.773300 22.575100 0 5.581580 0.005091 216.738000 778.935000 -13 825 1 0 1.000000
2.392040 -21.869100 0 -2.417790 -8.035260 193.913000 778.995000 -13 826 1 0 1.000000
-11.164300 -0.849841 0 -13.765500 -19.991000 223.468000 778.855000 -13 827 1 0 1.000000
-1.700770 -10.218400 0 -0.853301 2.740770 190.417000 778.600000 -13 828 1 0 1.000000
3.199120 -9.247030 0 24.642600 -19.056300 230.156000 778.923000 -13 829 1 0 1.000000
-0.528291 -8.647590 0 8.114750 1.919330 222.249000 778.918000 -13 830 1 0 1.000000
-25.887600 -7.908920 0 -1.062070 -3.244080 204.092000 779.005000 -13 831 1 0 1.000000
-12.669200 4.223830 0 -0.840338 -12.067200 225.350000 778.873000 -13 832 1 0 1.000000
-5.397790 -14.900400 0 3.281980 -1.224320 226.305000 778.801000 -13 833 1 0 1.000000
0.912250 4.826660 0 -3.160210 -6.261740 223.800000 778.796000 -13 834 1 0 1.000000
-22.112700 -3.013630 0 4.009110 5.047950 227.606000 778.874000 -13 835 1 0 1.000000
-23.170900 14.161400 0 15.216500 2.264220 221.879000 778.693000 -13 836 1 0 1.000000
-6.105680 -10.817000 0 6.823830 27.442000 219.424000 778.850000 -13 837 1 0 1.000000
-10.404400 -23.468000 0 -1.552270 15.323600 228.380000 778.949000 -13 838 1 0 1.000000
-8.747610 10.253800 0 -0.434506 -5.989510 206.765000 779.032000 -13 839 1 0 1.000000
-10.757100 -1.118910 0 18.122000 -12.170000 202.471000 779.195000 -13 840 1 0 1.000000
-18.067200 3.273240 0 4.232750 -13.473400 230.607000 778.858000 -13 841 1 0 1.000000
2.231730 -10.292100 0 -1.033210 7.457710 220.018000 779.072000 -13 842 1 0 1.000000
-22.261300 -23.397300 0 19.148800 17.610500 222.735000 778.924000 -13 843 1 0 1.000000
-31.287000 -0.065418 0 5.009570 -5.380250 195.270000 779.185000 -13 844 1 0 1.000000
9.354030 -9.539020 0 2.537940 7.006770 213.170000 778.878000 -13 845 1 0 1.000000
-4.800640 -8.676300 0 -22.347500 -11.892200 209.519000 778.953000 -13 846 1 0 1.000000
-16.686500 -4.244270 0 15.032500 -21.550700 220.307000 779.019000 -13 847 1 0 1.000000
-0.851410 -13.229000 0 0.490341 -6.381370 204.581000 778.834000 -13 848 1 0 1.000000
-30.767200 -17.099000 0 -9.643250 -2.109670 207.560000 778.350000 -13 849 1 0 1.000000
-1.285980 -9.696130 0 0.315123 -7.687430 212.953000 778.874000 -13 850 1 0 1.000000
-17.842100 -27.905700 0 17.366900 9.970710 218.396000 778.937000 -13 851 1 0 1.000000
-12.288200 -21.366800 0 -1.558570 31.072000 225.133000 779.285000 -13 852 1 0 1.000000
-11.177800 -16.383200 0 -10.407200 3.281020 209.236000 778.894000 -13 853 1 0 1.000000
-9.312810 -9.541790 0 -14.172400 -9.249570 219.001000 778.802000 -13 854 1 0 1.000000
8.061110 -13.669700 0 -5.281470 4.787150 216.404000 779.030000 -13 855 1 0 1.000000
-0.622956 -11.485000 0 -9.975280 -4.970450 227.828000 778.816000 -13 856 1 0 1.000000
-24.383000 -19.533800 0 17.225900 16.608500 203.318000 778.786000 -13 857 1 0 1.000000
-8.606840 -18.909000 0 -13.612100 5.734190 224.300000 778.941000 -13 858 1 0 1.000000
-4.427680 -6.925210 0 -3.190630 17.615200 211.954000 778.916000 -13 859 1 0 1.000000
-15.065300 -8.688650 0 -1.600870 -14.483700 214.404000 778.741000 -13 860 1 0 1.000000
-10.352700 -14.856300 0 6.588420 11.629300 220.827000 778.956000 -13 861 1 0 1.000000
2.743820 -6.949050 0 9.324540 15.893300 224.920000 778.941000 -13 862 1 0 1.000000
8.107140 13.738300 0 15.681100 -4.120080 229.346000 778.568000 -13 863 1 0 1.000000
-3.260810 -25.737500 0 -7.401440 2.214360 201.233000 779.140000 -13 864 1 0 1.000000
1.769900 17.433100 0 -3.762620 6.339170 199.933000 779.210000 -13 865 1 0 1.000000
-4.232220 -1.590350 0 -3.009610 -18.567700 218.026000 779.047000 -13 866 1 0 1.000000
14.008700 -20.372400 0 -43.253500 -12.385100 216.599000 778.995000 -13 867 1 0 1.000000
-26.844500 -1.114920 0 -11.335200 8.793400 225.423000 779.125000 -13 868 1 0 1.000000
-11.432700 -5.889200 0 15.846700 -1.595070 231.543000 778.813000 -13 869 1 0 1.000000
-0.103982 -10.480300 0 -22.404000 2.800840 228.560000 778.886000 -13 870 1 0 1.000000
-14.312300 -8.078130 0 7.600750 1.774300 216.045000 778.737000 -13 871 1 0 1.000000
-0.824533 8.361180 0 -4.304810 -8.021000 225.261000 778.738000 -13 872 1 0 1.000000
-2.407380 -26.974100 0 -3.199970 7.443070 219.015000 778.924000 -13 873 1 0 1.000000
-11.137900 -30.261800 0 -14.190900 -7.520090 220.699000 778.905000 -13 874 1 0 1.000000
-7.538190 -8.310420 0 7.671690 -12.899800 225.193000 778.977000 -13 875 1 0 1.000000
-9.369440 12.548100 0 0.107360 1.585060 216.620000 779.086000 -13 876 1 0 1.000000
-8.686540 3.209780 0 24.529700 -14.727800 222.552000 778.897000 -13 877 1 0 1.000000
-12.735100 -10.434400 0 5.243580 -4.245050 223.436000 778.755000 -13 878 1 0 1.000000
-30.919400 -12.416000 0 -9.835620 -12.809400 212.226000 778.824000 -13 879 1 0 1.000000
-19.496900 -7.812430 0 0.532067 19.767100 221.894000 778.729000 -13 880 1 0 1.000000
-7.302440 -1.114610 0 11.006700 -27.499200 238.282000 778.971000 -13 881 1 0 1.000000
7.288300 0.348880 0 1.039560 0.290541 200.373000 779.177000 -13 882 1 0 1.000000
18.931100 -27.155700 0 -0.792973 -5.305540 208.810000 778.887000 -13 883 1 0 1.000000
-9.948080 -8.352560 0 -18.280900 4.275520 204.537000 778.838000 -13 884 1 0 1.000000
-15.990500 -10.712000 0 -17.105500 5.198620 187.323000 778.850000 -13 885 1 0 1.000000
21.326100 -19.607000 0 13.789200 -12.227100 222.433000 778.977000 -13 886 1 0 1.000000
-22.562600 -4.536460 0 14.859500 -5.136760 229.677000 778.870000 -13 887 1 0 1.000000
-24.447000 3.439890 0 24.249800 -4.176440 217.974000 778.837000 -13 888 1 0 1.000000
-10.933500 -19.285000 0 10.414300 4.431550 218.085000 778.924000 -13 889 1 0 1.000000
-41.526900 -4.612200 0 13.856500 2.360300 232.941000 778.932000 -13 890 1 0 1.000000
-5.597750 -9.682200 0 12.697500 -1.962650 218.555000 778.830000 -13 891 1 0 1.000000
-20.787900 -23.479900 0 7.246880 11.415600 221.129000 778.885000 -13 892 1 0 1.000000
-10.557800 1.929140 0 -6.377940 -9.316190 216.435000 778.939000 -13 893 1 0 1.000000
-17.666000 -20.043500 0 26.532500 -0.760507 215.681000 779.058000 -13 894 1 0 1.000000
9.556530 -8.847500 0 -2.056070 -6.007990 218.300000 778.832000 -13 895 1 0 1.000000
9.600650 -13.086700 0 16.057600 22.861600 218.401000 778.654000 -13 896 1 0 1.000000
-15.000900 -24.153900 0 32.049700 37.008600 208.722000 778.716000 -13 897 1 0 1.000000
-5.606980 -13.577700 0 -15.823300 9.069390 224.439000 778.952000 -13 898 1 0 1.000000
3.728750 1.259070 0 -17.041300 -2.675760 220.778000 778.989000 -13 899 1 0 1.000000
-9.162020 -6.515330 0 6.082820 -14.939200 209.351000 779.096000 -13 900 1 0 1.000000
10.244600 -10.150300 0 50.073200 12.703700 201.926000 779.071000 -13 901 1 0 1.000000
-8.494100 13.076000 0 6.923340 2.256450 217.830000 778.909000 -13 902 1 0 1.000000
-2.162300 -7.317920 0 -3.705240 -10.804400 200.813000 778.663000 -13 903 1 0 1.000000
-19.812300 9.161450 0 10.862600 -12.752700 221.481000 778.795000 -13 904 1 0 1.000000
7.577880 -25.659200 0 -31.140800 -3.650770 231.880000 778.342000 -13 905 1 0 1.000000
1.345410 12.494300 0 -2.266290 8.391980 208.375000 779.079000 -13 906 1 0 1.000000
8.704920 -1.724250 0 10.907400 -25.536900 212.743000 778.844000 -13 907 1 0 1.000000
-10.061200 -8.238890 0 8.577540 -29.550400 222.660000 779.021000 -13 908 1 0 1.000000
0.827727 1.465520 0 1.841840 14.772000 206.088000 778.970000 -13 909 1 0 1.000000
5.535110 -17.418500 0 -0.483433 25.019000 210.871000 778.876000 -13 910 1 0 1.000000
-6.935030 -11.620300 0 -21.876100 4.205700 227.929000 778.759000 -13 911 1 0 1.000000
-21.738700 -7.854520 0 -2.082800 -11.557100 233.918000 778.954000 -13 912 1 0 1.000000
-0.327507 -11.054300 0 -5.065000 -11.628300 216.290000 778.822000 -13 913 1 0 1.000000
-0.520885 -24.101700 0 -6.201900 4.131650 220.756000 778.942000 -13 914 1 0 1.000000
-15.469800 2.028980 0 -9.334130 -23.787600 218.164000 778.890000 -13 915 1 0 1.000000
-18.677700 -7.738410 0 3.854330 -29.171400 206.107000 778.749000 -13 916 1 0 1.000000
-19.801300 -21.817400 0 -16.384000 -43.040700 221.147000 778.999000 -13 917 1 0 1.000000
-9.614750 -8.199680 0 -8.518400 1.794560 227.189000 778.949000 -13 918 1 0 1.000000
-18.321700 -13.889300 0 2.545850 -2.458470 214.912000 778.840000 -13 919 1 0 1.000000
-2.565820 -6.041590 0 22.677300 -11.318000 219.318000 779.054000 -13 920 1 0 1.000000
8.201360 3.133320 0 0.987936 -8.711390 213.928000 778.886000 -13 921 1 0 1.000000
-20.596800 16.071700 0 7.930180 5.999800 211.205000 779.016000 -13 922 1 0 1.000000
-17.381600 -20.800400 0 15.064800 -9.336850 222.307000 778.513000 -13 923 1 0 1.000000
-1.085780 -8.573050 0 17.206500 4.315280 218.349000 779.045000 -13 924 1 0 1.000000
-20.036300 4.730440 0 -0.673267 -26.366300 231.198000 778.891000 -13 925 1 0 1.000000
-6.905670 -24.085200 0 -9.314720 -2.633680 211.825000 778.846000 -13 926 1 0 1.000000
-12.713800 -15.779700 0 3.665030 -1.818510 229.625000 778.731000 -13 927 1 0 1.000000
-4.362540 -19.877200 0 -0.885404 2.284470 193.327000 778.758000 -13 928 1 0 1.000000
-12.921400 -5.354730 0 11.844300 2.832070 201.207000 778.992000 -13 929 1 0 1.000000
-13.803800 10.316600 0 12.173800 22.990600 218.661000 778.725000 -13 930 1 0 1.000000
-15.306100 0.410560 0 -4.627110 -8.168090 234.080000 778.682000 -13 931 1 0 1.000000
1.344500 -7.488570 0 -16.466500 -13.217500 220.492000 778.743000 -13 932 1 0 1.000000
-14.789700 -0.217342 0 -2.907750 -15.470000 218.148000 778.648000 -13 933 1 0 1.000000
-13.686100 -14.839500 0 -4.826390 -14.244300 211.265000 778.880000 -13 934 1 0 1.000000
-23.136400 -16.105400 0 2.564460 10.716500 218.543000 778.926000 -13 935 1 0 1.000000
-0.250392 -26.056300 0 -1.313220 9.200070 216.955000 778.833000 -13 936 1 0 1.000000
1.397100 -2.932300 0 28.485800 1.316640 221.659000 778.780000 -13 937 1 0 1.000000
11.815100 -26.586600 0 3.483380 3.312950 211.554000 778.801000 -13 938 1 0 1.000000
-3.389230 3.664080 0 7.803470 -15.452900 204.601000 779.110000 -13 939 1 0 1.000000
6.300410 20.886900 0 -10.160500 6.306040 227.271000 778.986000 -13 940 1 0 1.000000
-29.348600 1.492040 0 14.986200 -14.481200 228.611000 778.951000 -13 941 1 0 1.000000
0.101705 -4.986040 0 12.486100 -6.275990 203.691000 779.118000 -13 942 1 0 1.000000
-0.681214 -12.921500 0 -2.582830 2.306830 187.839000 778.906000 -13 943 1 0 1.000000
-18.959200 -16.418800 0 -19.373800 17.729600 217.739000 778.946000 -13 944 1 0 1.000000
-10.571900 -13.268000 0 22.797600 0.794561 208.421000 779.099000 -13 945 1 0 1.000000
-10.468200 -8.584970 0 15.655000 12.163300 193.469000 778.937000 -13 946 1 0 1.000000
1.167540 -13.917600 0 12.757900 5.555780 202.851000 779.284000 -13 947 1 0 1.000000
0.285884 -19.208900 0 -14.391700 10.888100 214.908000 778.990000 -13 948 1 0 1.000000
-5.820060 -3.967850 0 19.188000 -3.792150 205.845000 779.016000 -13 949 1 0 1.000000
-13.695200 -21.037600 0 -3.990040 -10.324100 215.583000 778.805000 -13 950 1 0 1.000000
-25.104500 -7.505710 0 -17.253300 -17.682000 203.469000 778.955000 -13 951 1 0 1.000000
-9.588440 -5.935170 0 -2.373600 4.904450 214.588000 779.072000 -13 952 1 0 1.000000
-13.221500 -14.693000 0 16.388900 25.274100 215.533000 778.825000 -13 953 1 0 1.000000
-11.301500 8.434760 0 8.739370 -6.074330 233.757000 778.781000 -13 954 1 0 1.000000
-15.797200 -20.852300 0 -1.226290 21.402600 228.766000 778.760000 -13 955 1 0 1.000000
-9.221470 0.046321 0 -7.195730 -2.199400 211.756000 779.267000 -13 956 1 0 1.000000
-9.135660 -3.222540 0 5.342610 -0.714417 229.121000 778.830000 -13 957 1 0 1.000000
-10.537700 -4.112240 0 5.974910 0.793866 223.317000 779.074000 -13 958 1 0 1.000000
-4.034740 4.203280 0 0.627662 -27.183400 229.583000 778.794000 -13 959 1 0 1.000000
-13.944500 -15.427200 0 -2.531550 -1.669060 218.085000 778.649000 -13 960 1 0 1.000000
-51.986700 -14.378100 0 8.384710 27.037300 231.900000 779.013000 -13 961 1 0 1.000000
-5.608500 -13.200400 0 -15.281100 -25.219000 223.365000 779.044000 -13 962 1 0 1.000000
-16.372100 -12.198100 0 -9.122650 -10.720300 230.983000 778.871000 -13 963 1 0 1.000000
-7.485620 -8.361190 0 9.364310 -11.820000 217.277000 779.201000 -13 964 1 0 1.000000
-5.613030 -22.884500 0 -0.763759 -8.237320 225.616000 778.765000 -13 965 1 0 1.000000
9.014310 -9.221450 0 2.079700 -4.513300 222.137000 778.833000 -13 966 1 0 1.000000
9.683020 -1.378110 0 -15.292900 -5.611700 211.369000 778.963000 -13 967 1 0 1.000000
-7.179410 4.631810 0 3.331630 12.474300 228.436000 778.938000 -13 968 1 0 1.000000
-3.722220 -7.289090 0 -4.270340 -4.932880 197.868000 778.681000 -13 969 1 0 1.000000
-18.952100 11.334800 0 5.993900 -5.754170 217.889000 778.980000 -13 970 1 0 1.000000
-17.868000 -12.128900 0 3.992610 -4.771890 227.224000 778.928000 -13 971 1 0 1.000000
-21.656800 -17.409500 0 -13.513400 -9.410080 204.814000 778.914000 -13 972 1 0 1.000000
-8.910450 -6.917360 0 -11.662900 -0.922417 226.689000 778.846000 -13 973 1 0 1.000000
-2.922730 4.721200 0 0.967082 -10.117400 192.081000 779.012000 -13 974 1 0 1.000000
1.698300 12.472500 0 -18.449500 -17.868000 223.634000 779.124000 -13 975 1 0 1.000000
0.082000 -8.073460 0 -7.650320 -11.278000 198.064000 778.667000 -13 976 1 0 1.000000
-8.006530 -9.142970 0 -19.552100 15.379500 205.801000 778.989000 -13 977 1 0 1.000000
-9.268010 2.681700 0 -17.979100 -14.477000 205.413000 779.167000 -13 978 1 0 1.000000
-0.125001 -0.780142 0 15.608600 4.092670 224.069000 778.804000 -13 979 1 0 1.000000
-3.742300 -4.830610 0 -16.419200 15.082000 234.228000 778.859000 -13 980 1 0 1.000000
-10.621500 -2.845770 0 -4.277120 -17.625900 219.907000 778.722000 -13 981 1 0 1.000000
-24.939100 -3.347030 0 -9.429930 -10.741700 222.621000 778.651000 -13 982 1 0 1.000000
-14.065800 -12.475400 0 -0.048046 -7.969450 228.403000 778.762000 -13 983 1 0 1.000000
-6.902520 -22.573200 0 -2.118700 0.764247 218.499000 778.748000 -13 984 1 0 1.000000
-25.361600 2.699710 0 23.699000 4.326660 223.020000 779.030000 -13 985 1 0 1.000000
0.841721 -10.739300 0 -6.834820 -13.070400 222.981000 778.960000 -13 986 1 0 1.000000
-15.036400 -31.548900 0 -5.185700 8.875060 219.295000 778.931000 -13 987 1 0 1.000000
-32.581400 -6.901060 0 2.833140 11.761500 213.636000 778.847000 -13 988 1 0 1.000000
-12.478700 -8.583010 0 2.377640 -1.818450 205.612000 779.193000 -13 989 1 0 1.000000
7.107940 -5.802490 0 27.817600 12.205600 198.923000 779.027000 -13 990 1 0 1.000000
-6.072560 -10.470300 0 -15.747100 6.539710 221.965000 779.075000 -13 991 1 0 1.000000
-27.089800 -0.749201 0 26.101300 -3.650420 235.752000 778.818000 -13 992 1 0 1.000000
-16.275800 0.061249 0 -6.211340 1.022010 214.182000 779.016000 -13 993 1 0 1.000000
1.207010 5.672740 0 9.318850 -4.000170 203.228000 778.905000 -13 994 1 0 1.000000
29.278100 -1.306930 0 -18.437500 -4.742820 219.148000 778.905000 -13 995 1 0 1.000000
-61.295900 -18.243100 0 45.849600 11.793200 237.742000 779.104000 -13 996 1 0 1.000000
-21.014200 12.113400 0 -1.673760 -13.698500 214.483000 779.070000 -13 997 1 0 1.000000
33.197000 -15.000800 0 1.075800 -7.340030 233.484000 778.506000 -13 998 1 0 1.000000
-32.949400 -12.995700 0 -5.122580 19.999700 199.005000 778.774000 -13 999 1 0 1.000000
-13.133500 -7.645980 0 -0.703302 1.860750 214.404000 778.774000 -13 1000 1 0 1.000000
-8.843910 -2.534760 0 -5.655550 9.344980 215.818000 778.920000 -13 1001 1 0 1.000000
-7.863230 -10.848300 0 12.836400 -11.928400 214.624000 778.654000 -13 1002 1 0 1.000000
-6.784800 9.252970 0 1.009840 -18.092600 212.917000 778.740000 -13 1003 1 0 1.000000
-36.484600 -2.428960 0 7.331300 10.095900 223.368000 778.903000 -13 1004 1 0 1.000000
-9.716500 -27.184300 0 9.044670 14.451100 219.519000 779.007000 -13 1005 1 0 1.000000
1.622920 -4.528980 0 -4.230070 1.254720 197.979000 779.087000 -13 1006 1 0 1.000000
7.987470 -3.218990 0 -18.393800 7.283310 202.875000 778.756000 -13 1007 1 0 1.000000
25.371300 -23.788600 0 -27.077700 -10.407700 226.851000 778.496000 -13 1008 1 0 1.000000
-35.669000 3.602470 0 3.249330 12.793600 220.188000 778.340000 -13 1009 1 0 1.000000
13.978300 -19.709500 0 9.122780 -17.557800 195.129000 779.062000 -13 1010 1 0 1.000000
-8.896960 5.163430 0 -6.766090 -5.541350 225.429000 779.035000 -13 1011 1 0 1.000000
1.322510 -27.295700 0 0.888537 -3.625520 211.785000 779.105000 -13 1012 1 0 1.000000
15.622700 -13.197400 0 -15.782600 12.950100 182.033000 778.575000 -13 1013 1 0 1.000000
2.178780 -13.421200 0 -10.006400 -8.704010 184.390000 778.697000 -13 1014 1 0 1.000000
1.594660 -27.983700 0 -0.252117 -12.696100 215.449000 778.924000 -13 1015 1 0 1.000000
-6.242910 1.483210 0 6.015920 6.902300 217.029000 778.782000 -13 1016 1 0 1.000000
-6.413290 -3.415460 0 -8.773720 -13.307600 221.004000 778.872000 -13 1017 1 0 1.000000
-9.601550 2.593760 0 6.388900 -36.520500 222.074000 778.839000 -13 1018 1 0 1.000000
18.795800 -22.478600 0 -16.889800 1.566280 217.008000 779.004000 -13 1019 1 0 1.000000
-12.758900 -7.516710 0 -2.784190 -3.236280 203.344000 779.070000 -13 1020 1 0 1.000000
-4.417120 -8.558230 0 18.203400 -3.602430 212.736000 778.781000 -13 1021 1 0 1.000000
-4.598200 10.379200 0 0.769081 2.390340 213.178000 778.755000 -13 1022 1 0 1.000000
2.237450 2.756360 0 3.221180 -11.650900 207.979000 779.020000 -13 1023 1 0 1.000000
-11.682200 -11.618000 0 22.676300 15.106100 208.182000 778.830000 -13 1024 1 0 1.000000
-20.541800 -7.597780 0 12.290400 -4.980680 228.967000 778.684000 -13 1025 1 0 1.000000
10.714500 -8.730610 0 0.756742 11.111700 203.716000 778.688000 -13 1026 1 0 1.000000
-14.124800 -20.207400 0 9.682670 -0.936390 201.471000 778.948000 -13 1027 1 0 1.000000
-30.313200 -15.932300 0 -2.326220 -7.799550 197.757000 778.973000 -13 1028 1 0 1.000000
32.541900 -1.881730 0 1.481380 7.811080 227.807000 779.051000 -13 1029 1 0 1.000000
-3.108600 -9.809120 0 6.979280 0.389044 222.741000 779.024000 -13 1030 1 0 1.000000
-14.030200 4.588440 0 -0.030594 3.064180 201.008000 778.941000 -13 1031 1 0 1.000000
-16.999900 -7.296990 0 17.989500 -3.112920 252.367000 778.708000 -13 1032 1 0 1.000000
-4.987350 -35.960000 0 -0.253995 0.127053 221.835000 778.962000 -13 1033 1 0 1.000000
-19.629200 -13.245100 0 -0.129104 -2.034460 210.612000 779.002000 -13 1034 1 0 1.000000
-4.698580 -4.596250 0 10.982800 -14.764400 213.630000 778.721000 -13 1035 1 0 1.000000
-3.988690 3.864760 0 13.375900 18.020100 214.528000 778.556000 -13 1036 1 0 1.000000
-13.220900 -2.893140 0 -13.068000 -13.087600 203.677000 779.072000 -13 1037 1 0 1.000000
-7.576760 8.896800 0 -9.927690 4.065460 218.910000 778.742000 -13 1038 1 0 1.000000
10.387200 -11.771100 0 -0.935036 4.516190 218.656000 779.036000 -13 1039 1 0 1.000000
25.816100 -25.289100 0 1.669150 -1.724930 219.306000 778.972000 -13 1040 1 0 1.000000
-7.582060 -27.999200 0 14.004300 4.352990 209.941000 778.922000 -13 1041 1 0 1.000000
5.196960 -4.396330 0 -4.241890 -8.681470 213.856000 778.956000 -13 1042 1 0 1.000000
-26.088000 -15.701200 0 21.046600 -2.062240 223.008000 779.048000 -13 1043 1 0 1.000000
5.242310 8.243770 0 -7.899290 -4.072600 202.918000 779.040000 -13 1044 1 0 1.000000
-7.837990 -1.262270 0 -4.278670 5.446420 225.963000 778.926000 -13 1045 1 0 1.000000
-28.440800 -10.954400 0 -3.281150 10.448700 220.419000 779.016000 -13 1046 1 0 1.000000
8.601540 3.990860 0 -3.701200 -26.198200 212.263000 778.519000 -13 1047 1 0 1.000000
6.322370 2.812810 0 12.121000 0.201628 198.321000 779.180000 -13 1048 1 0 1.000000
7.104740 -1.620760 0 -4.613950 -17.240000 202.111000 778.940000 -13 1049 1 0 1.000000
-21.583900 -0.829433 0 9.142680 5.652540 221.688000 779.064000 -13 1050 1 0 1.000000
-21.376100 4.038060 0 11.935900 -3.922090 228.125000 778.742000 -13 1051 1 0 1.000000
4.715650 -31.566000 0 1.027870 15.525100 220.278000 778.795000 -13 1052 1 0 1.000000
10.171800 -16.831000 0 -13.614000 0.775490 216.942000 778.977000 -13 1053 1 0 1.000000
-25.830800 -0.358449 0 4.740630 12.754200 219.211000 778.780000 -13 1054 1 0 1.000000
-7.573800 -4.800530 0 -13.616500 -20.725200 225.485000 778.943000 -13 1055 1 0 1.000000
-16.628400 -17.940600 0 10.548200 14.985900 224.407000 778.693000 -13 1056 1 0 1.000000
7.160540 -10.670300 0 7.851290 -17.992000 203.571000 778.998000 -13 1057 1 0 1.000000
-34.883900 4.496270 0 8.991490 9.328520 223.391000 778.873000 -13 1058 1 0 1.000000
-21.326800 -3.644450 0 15.646100 -14.710900 217.036000 778.923000 -13 1059 1 0 1.000000
-25.829500 -10.893300 0 -1.283070 -16.982200 227.578000 778.718000 -13 1060 1 0 1.000000
-8.451340 -1.356420 0 -7.887080 13.589300 218.229000 778.871000 -13 1061 1 0 1.000000
-4.285740 -45.606000 0 -16.622700 1.856210 222.562000 778.695000 -13 1062 1 0 1.000000
-37.186500 -17.549100 0 14.051400 -16.650600 211.365000 778.639000 -13 1063 1 0 1.000000
-12.396600 -20.106400 0 5.970180 4.296370 221.283000 778.872000 -13 1064 1 0 1.000000
10.647600 24.929300 0 -16.425400 -15.387400 240.620000 779.086000 -13 1065 1 0 1.000000
-7.435460 21.969500 0 8.070240 -11.115800 221.322000 778.855000 -13 1066 1 0 1.000000
-4.122920 -4.572760 0 2.943570 12.998100 228.541000 778.901000 -13 1067 1 0 1.000000
-2.968390 -8.579300 0 -11.414500 -9.502690 218.717000 779.017000 -13 1068 1 0 1.000000
-21.336200 -1.700690 0 7.206230 -0.109576 208.725000 778.928000 -13 1069 1 0 1.000000
-11.733800 -9.608520 0 6.206520 -0.666458 220.194000 779.057000 -13 1070 1 0 1.000000
-8.096890 -3.504240 0 -4.444560 -9.067140 225.808000 778.806000 -13 1071 1 0 1.000000
-8.238660 -19.843700 0 -20.589100 4.803460 229.664000 779.010000 -13 1072 1 0 1.000000
-22.655800 -0.640602 0 -20.686300 -9.154300 224.972000 778.870000 -13 1073 1 0 1.000000
-12.661300 4.201950 0 -0.796477 0.887859 230.148000 778.773000 -13 1074 1 0 1.000000
-27.043700 -28.507200 0 32.537700 53.167800 218.296000 779.324000 -13 1075 1 0 1.000000
-16.645900 5.822300 0 -0.244472 3.085920 230.076000 778.869000 -13 1076 1 0 1.000000
9.631360 -11.957800 0 -4.530560 10.788200 220.171000 778.962000 -13 1077 1 0 1.000000
-13.050300 -6.067450 0 -5.448320 -5.068480 207.880000 779.176000 -13 1078 1 0 1.000000
-19.779100 13.887600 0 -0.295015 8.586510 208.951000 779.022000 -13 1079 1 0 1.000000
-0.899437 -4.338710 0 -35.521300 20.464300 224.235000 778.926000 -13 1080 1 0 1.000000
-26.332500 -10.352200 0 -5.712040 -2.644310 232.761000 778.949000 -13 1081 1 0 1.000000
-16.614200 -1.528190 0 7.876260 -18.040000 204.670000 779.175000 -13 1082 1 0 1.000000
-1.856490 -18.404900 0 7.071050 2.465770 217.836000 778.812000 -13 1083 1 0 1.000000
-9.079450 -8.549760 0 11.251900 3.419220 217.621000 778.913000 -13 1084 1 0 1.000000
-16.988000 -1.953450 0 -4.099990 7.409820 206.290000 779.058000 -13 1085 1 0 1.000000
-20.499200 -22.360500 0 -4.208360 4.058130 220.035000 778.665000 -13 1086 1 0 1.000000
-27.469200 2.027260 0 -4.814190 -15.846200 221.976000 778.809000 -13 1087 1 0 1.000000
-21.975600 -16.804600 0 4.374190 -12.372600 197.741000 778.980000 -13 1088 1 0 1.000000
-1.586450 -19.511000 0 -11.384900 25.294300 221.534000 778.796000 -13 1089 1 0 1.000000
-14.817900 21.298700 0 23.912100 -17.439300 218.379000 778.775000 -13 1090 1 0 1.000000
-17.294300 -12.608900 0 44.379700 -24.152200 237.586000 779.042000 -13 1091 1 0 1.000000
-2.233670 -6.580130 0 -9.764420 20.578900 219.670000 778.826000 -13 1092 1 0 1.000000
-11.535500 -9.571630 0 2.835350 11.246000 224.238000 778.850000 -13 1093 1 0 1.000000
-6.710940 -29.368600 0 2.441730 1.211740 217.953000 778.957000 -13 1094 1 0 1.000000
-5.083250 -8.556950 0 -21.017900 8.565590 215.492000 778.853000 -13 1095 1 0 1.000000
-17.564800 -11.128700 0 -5.544830 15.321600 229.314000 779.078000 -13 1096 1 0 1.000000
-4.320560 -6.288520 0 -23.286300 11.367500 206.296000 778.729000 -13 1097 1 0 1.000000
-12.687000 -15.977700 0 -6.313420 -0.551958 213.283000 779.071000 -13 1098 1 0 1.000000
-20.157100 1.798460 0 1.425740 14.915300 221.339000 778.746000 -13 1099 1 0 1.000000
-4.715900 -10.943100 0 19.653900 31.748000 215.508000 778.839000 -13 1100 1 0 1.000000
-20.000200 -10.916000 0 20.989200 0.300075 207.704000 779.028000 -13 1101 1 0 1.000000
-31.070800 24.209800 0 1.913430 -10.771900 224.576000 779.052000 -13 1102 1 0 1.000000
3.345650 -25.880000 0 1.311850 7.330430 226.342000 778.752000 -13 1103 1 0 1.000000
-4.142420 -8.565490 0 2.332500 1.272400 205.965000 778.942000 -13 1104 1 0 1.000000
0.662478 -25.541200 0 6.895420 2.871740 208.991000 778.698000 -13 1105 1 0 1.000000
-2.804120 -0.023908 0 -0.583574 -21.284900 226.203000 778.777000 -13 1106 1 0 1.000000
-6.119290 -23.234000 0 -9.368990 -0.477210 217.946000 778.969000 -13 1107 1 0 1.000000
-14.863400 -6.417930 0 -2.338100 -6.938910 210.932000 778.860000 -13 1108 1 0 1.000000
-9.656060 -9.455550 0 -4.916080 -7.873520 216.463000 778.918000 -13 1109 1 0 1.000000
-9.789190 -3.078690 0 -13.192200 -10.608800 214.062000 778.737000 -13 1110 1 0 1.000000
-31.343600 16.529900 0 -9.918090 11.252300 218.890000 778.957000 -13 1111 1 0 1.000000
-17.259600 -22.370900 0 -5.339100 -4.903410 206.074000 778.848000 -13 1112 1 0 1.000000
-6.772950 -21.734100 0 6.696920 -4.856590 223.112000 779.043000 -13 1113 1 0 1.000000
-10.916200 -4.929090 0 -30.358300 -14.570500 211.560000 778.667000 -13 1114 1 0 1.000000
-5.217050 -27.345700 0 -12.326700 -15.514400 223.716000 778.747000 -13 1115 1 0 1.000000
