#BLTrackFile solenoid_cooling_channel
#x y z Px Py Pz t PDGid EvNum TrkId Parent weight
-1.686440 -2.261040 0 0.000000 0.000000 203.000000 1492.610000 -13 1 1 0 1.000000
-0.715980 -6.126370 0 2.186590 6.318430 208.968000 1492.610000 -13 2 1 0 1.000000
-1.724990 -3.551230 0 6.092330 -9.790840 213.761000 1492.610000 -13 3 1 0 1.000000
-3.678300 -0.777389 0 -3.381140 -14.262200 199.994000 1492.550000 -13 4 1 0 1.000000
0.800130 -0.234426 0 7.846730 2.104530 215.975000 1492.540000 -13 5 1 0 1.000000
0.038316 -5.421880 0 -2.524450 -1.524150 207.575000 1492.510000 -13 6 1 0 1.000000
-1.166910 -0.359882 0 4.520750 7.885990 206.719000 1492.650000 -13 7 1 0 1.000000
-0.615663 -2.924260 0 8.595690 -8.376820 202.751000 1492.640000 -13 8 1 0 1.000000
1.474660 -2.367020 0 8.535650 -30.451600 210.765000 1492.470000 -13 9 1 0 1.000000
-6.437480 -0.647129 0 20.884500 -3.733170 196.314000 1492.820000 -13 10 1 0 1.000000
-0.598508 -7.143880 0 -16.847600 -8.512610 222.087000 1492.650000 -13 11 1 0 1.000000
-0.555828 0.068042 0 -2.414150 -1.571640 209.106000 1492.550000 -13 12 1 0 1.000000
-1.246970 -1.733170 0 1.092360 1.082030 189.372000 1492.670000 -13 13 1 0 1.000000
-2.939880 3.488340 0 -21.587000 -3.693230 212.943000 1492.470000 -13 14 1 0 1.000000
-2.478680 0.712087 0 21.607100 4.982920 194.532000 1492.760000 -13 15 1 0 1.000000
-4.354020 0.662890 0 22.568000 5.475670 210.121000 1492.600000 -13 16 1 0 1.000000
-3.378980 2.437150 0 -3.657580 1.999430 210.448000 1492.650000 -13 17 1 0 1.000000
-1.730060 1.530610 0 0.166978 -5.284830 196.557000 1492.500000 -13 18 1 0 1.000000
-2.678310 -4.194290 0 -18.274900 13.795500 213.284000 1492.680000 -13 19 1 0 1.000000
-3.013880 1.623390 0 -11.595700 8.347250 218.948000 1492.660000 -13 20 1 0 1.000000
-4.840130 0.246001 0 6.647340 -14.900500 226.854000 1492.480000 -13 21 1 0 1.000000
-3.215620 0.333627 0 2.976190 8.059170 220.442000 1492.660000 -13 22 1 0 1.000000
-1.379990 1.075420 0 -12.365000 -5.684570 213.368000 1492.800000 -13 23 1 0 1.000000
0.863416 5.313600 0 -4.313020 -1.101260 209.595000 1492.690000 -13 24 1 0 1.000000
0.412523 -4.438280 0 8.293080 -11.775200 203.722000 1492.600000 -13 25 1 0 1.000000
4.906160 0.313412 0 2.607610 5.601610 202.184000 1492.720000 -13 26 1 0 1.000000
-2.982020 -0.006890 0 -5.534560 -2.303900 210.988000 1492.620000 -13 27 1 0 1.000000
-5.730270 -2.161280 0 3.556380 18.502600 204.102000 1492.690000 -13 28 1 0 1.000000
-6.576430 1.780420 0 -27.538800 18.567900 218.981000 1492.690000 -13 29 1 0 1.000000
-4.650000 1.871450 0 2.241800 1.382840 202.689000 1492.630000 -13 30 1 0 1.000000
-4.631440 -2.656030 0 2.841160 2.817000 203.140000 1492.700000 -13 31 1 0 1.000000
0.098249 -2.039820 0 -15.708000 -0.152136 200.873000 1492.830000 -13 32 1 0 1.000000
-8.546370 0.499092 0 -11.541700 18.313800 203.802000 1492.580000 -13 33 1 0 1.000000
1.224110 4.625070 0 1.126490 14.965300 202.597000 1492.720000 -13 34 1 0 1.000000
-1.960100 0.197828 0 21.443800 7.843910 217.196000 1492.690000 -13 35 1 0 1.000000
-5.313050 -2.635390 0 -5.366840 10.680800 210.514000 1492.660000 -13 36 1 0 1.000000
1.326310 -2.562420 0 3.767580 25.348700 205.416000 1492.550000 -13 37 1 0 1.000000
0.652797 -2.251950 0 -3.948060 28.555800 199.908000 1492.690000 -13 38 1 0 1.000000
-5.037850 0.278302 0 -4.065380 -5.441310 199.398000 1492.630000 -13 39 1 0 1.000000
-0.894771 -0.543996 0 -39.858500 7.811610 207.553000 1492.500000 -13 40 1 0 1.000000
-2.246030 -3.031260 0 18.147800 -7.953320 207.250000 1492.680000 -13 41 1 0 1.000000
-5.785170 1.995580 0 -4.690430 -16.780300 205.787000 1492.550000 -13 42 1 0 1.000000
4.514060 5.053060 0 -11.756800 19.821700 215.691000 1492.670000 -13 43 1 0 1.000000
-0.986774 1.257040 0 0.582665 -5.742740 192.852000 1492.680000 -13 44 1 0 1.000000
2.796460 -0.862227 0 -5.990740 0.628604 206.846000 1492.640000 -13 45 1 0 1.000000
3.342340 4.817490 0 11.276600 -21.057100 214.638000 1492.740000 -13 46 1 0 1.000000
-2.505990 0.035057 0 -2.193820 4.191130 213.611000 1492.570000 -13 47 1 0 1.000000
2.300680 3.309910 0 -23.198900 -4.763360 207.605000 1492.640000 -13 48 1 0 1.000000
-5.039360 -2.854400 0 7.011240 -6.196860 213.972000 1492.570000 -13 49 1 0 1.000000
-3.319530 -0.221223 0 -1.944400 -34.621000 201.886000 1492.550000 -13 50 1 0 1.000000
2.429740 -6.424970 0 5.291890 -12.361000 212.554000 1492.590000 -13 51 1 0 1.000000
-2.931310 -5.426320 0 7.550950 2.622630 192.671000 1492.590000 -13 52 1 0 1.000000
-2.916290 1.488710 0 -23.126000 17.543200 216.444000 1492.460000 -13 53 1 0 1.000000
-4.235080 -0.198962 0 10.725200 -6.790970 198.564000 1492.570000 -13 54 1 0 1.000000
-8.677580 -0.619521 0 4.266800 14.493000 219.953000 1492.660000 -13 55 1 0 1.000000
-2.206920 1.706190 0 13.782600 2.198510 215.951000 1492.580000 -13 56 1 0 1.000000
1.147400 -2.126780 0 -2.241600 12.609700 209.348000 1492.710000 -13 57 1 0 1.000000
-4.609810 -7.603810 0 -20.671600 -1.052290 214.341000 1492.560000 -13 58 1 0 1.000000
-0.323067 -0.414073 0 4.312490 -15.023500 212.684000 1492.550000 -13 59 1 0 1.000000
-2.188070 -2.022320 0 16.578100 -6.380050 222.334000 1492.710000 -13 60 1 0 1.000000
-1.402510 -2.652720 0 -0.241040 16.369400 205.554000 1492.490000 -13 61 1 0 1.000000
-2.832420 2.064170 0 -0.549060 -18.501100 198.711000 1492.660000 -13 62 1 0 1.000000
-4.277920 -0.729083 0 -2.534530 -12.223400 215.992000 1492.580000 -13 63 1 0 1.000000
2.197050 -8.478530 0 3.044670 -8.012790 220.150000 1492.650000 -13 64 1 0 1.000000
-4.626800 -3.251740 0 12.120600 2.074900 215.070000 1492.690000 -13 65 1 0 1.000000
-1.317230 -1.575830 0 12.329600 -2.265490 210.987000 1492.580000 -13 66 1 0 1.000000
0.115160 -5.674390 0 -8.583420 -4.847390 196.395000 1492.490000 -13 67 1 0 1.000000
-6.124230 -1.501050 0 -2.181060 -1.647360 204.045000 1492.610000 -13 68 1 0 1.000000
-1.070270 -8.157420 0 25.943900 -5.129810 212.045000 1492.580000 -13 69 1 0 1.000000
1.114490 -3.036260 0 14.184300 -9.633890 217.762000 1492.510000 -13 70 1 0 1.000000
1.636610 -4.605440 0 -18.593000 16.623300 204.851000 1492.680000 -13 71 1 0 1.000000
-4.165750 -4.593520 0 9.541520 -18.027100 194.541000 1492.650000 -13 72 1 0 1.000000
-6.297190 -2.205440 0 12.931100 16.650900 217.388000 1492.690000 -13 73 1 0 1.000000
0.528406 -3.606660 0 -2.868920 5.951710 196.027000 1492.620000 -13 74 1 0 1.000000
-5.832300 0.118231 0 33.151800 -4.746950 220.163000 1492.630000 -13 75 1 0 1.000000
1.288880 -2.817100 0 0.406309 -0.349779 210.883000 1492.540000 -13 76 1 0 1.000000
-3.052400 1.391030 0 -10.398300 11.454100 215.011000 1492.530000 -13 77 1 0 1.000000
-6.127040 -1.734950 0 12.650200 -11.664200 214.980000 1492.560000 -13 78 1 0 1.000000
-0.248939 -4.338180 0 0.232847 8.162730 204.697000 1492.750000 -13 79 1 0 1.000000
-2.240500 -2.750040 0 9.641640 -3.870120 186.966000 1492.620000 -13 80 1 0 1.000000
-3.807360 -5.638330 0 6.779760 -2.433090 224.120000 1492.640000 -13 81 1 0 1.000000
-0.032302 -6.905910 0 -8.412520 25.437800 218.139000 1492.660000 -13 82 1 0 1.000000
-5.219350 -3.914600 0 2.254840 9.668400 208.955000 1492.530000 -13 83 1 0 1.000000
-1.928830 -0.188716 0 -1.524530 -5.886730 208.374000 1492.620000 -13 84 1 0 1.000000
-3.869060 -4.462390 0 -0.116215 -10.736700 203.368000 1492.760000 -13 85 1 0 1.000000
-7.671740 -1.015690 0 0.550828 -1.723930 216.305000 1492.530000 -13 86 1 0 1.000000
-7.221960 -4.572350 0 17.157500 -15.739400 226.735000 1492.560000 -13 87 1 0 1.000000
-5.017860 -5.170860 0 0.749443 -18.526700 209.386000 1492.670000 -13 88 1 0 1.000000
-3.917590 -3.292310 0 7.073640 11.413100 215.959000 1492.670000 -13 89 1 0 1.000000
-1.584820 -2.448900 0 6.184270 -4.710650 210.933000 1492.540000 -13 90 1 0 1.000000
-3.106090 -4.876430 0 7.977520 -2.179770 207.963000 1492.630000 -13 91 1 0 1.000000
-0.203173 2.188630 0 -13.078400 14.172700 196.210000 1492.510000 -13 92 1 0 1.000000
-2.425810 -6.014030 0 5.768260 12.177100 197.403000 1492.620000 -13 93 1 0 1.000000
-4.706890 -1.653490 0 -19.992000 29.900700 205.937000 1492.620000 -13 94 1 0 1.000000
-3.015140 1.869430 0 -15.098500 6.644590 191.740000 1492.490000 -13 95 1 0 1.000000
-0.366723 -0.425162 0 0.497777 -5.328330 189.473000 1492.520000 -13 96 1 0 1.000000
-3.337150 -3.866340 0 6.125290 -0.040422 229.359000 1492.540000 -13 97 1 0 1.000000
-8.890270 2.380640 0 1.826570 1.241100 186.831000 1492.500000 -13 98 1 0 1.000000
0.050998 3.736720 0 -7.627570 27.430300 208.336000 1492.510000 -13 99 1 0 1.000000
0.313759 -3.450330 0 13.888700 8.605540 217.292000 1492.470000 -13 100 1 0 1.000000
2.376860 -0.099865 0 0.343816 1.176700 214.548000 1492.600000 -13 101 1 0 1.000000
-2.504860 -4.749820 0 0.893274 -1.341650 201.525000 1492.640000 -13 102 1 0 1.000000
0.012000 4.852520 0 5.457490 -0.389592 211.790000 1492.540000 -13 103 1 0 1.000000
-1.990060 -5.239070 0 10.072800 3.108390 214.386000 1492.590000 -13 104 1 0 1.000000
-3.082950 3.088190 0 2.133840 -5.941270 191.584000 1492.610000 -13 105 1 0 1.000000
-0.760358 -4.076210 0 2.162930 -13.424700 216.871000 1492.630000 -13 106 1 0 1.000000
-3.756900 -0.073307 0 -5.290940 2.542510 202.326000 1492.570000 -13 107 1 0 1.000000
-3.569420 -0.916600 0 -9.350860 15.993000 209.670000 1492.550000 -13 108 1 0 1.000000
-5.944600 0.353175 0 -3.805610 4.134180 203.649000 1492.670000 -13 109 1 0 1.000000
-3.531450 -2.655030 0 15.170800 -11.786000 205.231000 1492.460000 -13 110 1 0 1.000000
-5.496360 -2.827440 0 -0.660397 11.194200 210.913000 1492.600000 -13 111 1 0 1.000000
-5.733030 1.839670 0 9.922410 -25.121000 222.325000 1492.730000 -13 112 1 0 1.000000
-6.173840 -5.850590 0 13.650300 -3.427720 209.632000 1492.790000 -13 113 1 0 1.000000
-1.533950 -6.142750 0 -8.477190 14.451000 210.296000 1492.580000 -13 114 1 0 1.000000
-0.656155 -2.623620 0 25.898500 0.191991 187.925000 1492.570000 -13 115 1 0 1.000000
-2.607410 -4.180230 0 5.932310 -8.011160 205.850000 1492.470000 -13 116 1 0 1.000000
-6.320610 0.441547 0 -3.051130 -6.162400 210.746000 1492.740000 -13 117 1 0 1.000000
0.755576 -2.511560 0 -15.471500 14.638500 195.494000 1492.630000 -13 118 1 0 1.000000
-2.676870 -5.743060 0 0.423793 1.278220 221.279000 1492.580000 -13 119 1 0 1.000000
-0.519529 -1.474310 0 -4.892300 -10.609700 215.819000 1492.540000 -13 120 1 0 1.000000
-5.813750 -4.159140 0 4.221480 -5.168500 199.294000 1492.660000 -13 121 1 0 1.000000
0.632555 -4.290070 0 -19.353600 -4.426540 197.278000 1492.610000 -13 122 1 0 1.000000
-3.548090 -0.813439 0 6.231100 -11.454900 215.840000 1492.590000 -13 123 1 0 1.000000
1.923030 5.287480 0 -10.117100 -32.356100 206.580000 1492.660000 -13 124 1 0 1.000000
-1.544670 -1.781700 0 -17.445300 10.950000 215.613000 1492.530000 -13 125 1 0 1.000000
0.317222 -5.678730 0 3.478860 20.380300 188.576000 1492.620000 -13 126 1 0 1.000000
-3.106950 -4.350150 0 1.127940 -3.131990 195.304000 1492.690000 -13 127 1 0 1.000000
-0.559753 6.017190 0 -0.364540 1.974290 222.766000 1492.720000 -13 128 1 0 1.000000
0.183649 -2.183090 0 4.072120 6.051160 203.423000 1492.560000 -13 129 1 0 1.000000
-0.261118 -1.270510 0 -2.648890 2.165850 187.744000 1492.600000 -13 130 1 0 1.000000
-2.695610 -4.215240 0 -1.578530 11.745900 188.646000 1492.540000 -13 131 1 0 1.000000
-1.137290 -1.033280 0 -1.872280 2.056870 216.720000 1492.570000 -13 132 1 0 1.000000
-4.550490 -1.969330 0 -15.858500 -6.886970 206.321000 1492.710000 -13 133 1 0 1.000000
2.794910 -1.131280 0 13.082400 9.200780 204.006000 1492.600000 -13 134 1 0 1.000000
-0.055080 -12.712500 0 -3.939690 17.375500 217.610000 1492.630000 -13 135 1 0 1.000000
-5.253940 1.581570 0 6.513020 -16.477300 209.052000 1492.570000 -13 136 1 0 1.000000
-6.233130 -3.777540 0 12.157500 -16.345500 202.577000 1492.560000 -13 137 1 0 1.000000
-1.934210 -4.343240 0 25.890900 -7.460430 218.001000 1492.700000 -13 138 1 0 1.000000
-2.390810 -1.016970 0 16.397100 8.546590 220.220000 1492.510000 -13 139 1 0 1.000000
-6.371210 -8.603500 0 10.311600 -11.971000 195.343000 1492.680000 -13 140 1 0 1.000000
-2.351400 -3.723600 0 7.797880 3.035560 203.600000 1492.630000 -13 141 1 0 1.000000
-5.356660 -1.306660 0 -10.563100 -23.960000 217.700000 1492.720000 -13 142 1 0 1.000000
0.531916 -9.240610 0 0.813944 -16.880600 209.107000 1492.690000 -13 143 1 0 1.000000
-5.156220 -4.767640 0 4.639600 8.479200 226.783000 1492.610000 -13 144 1 0 1.000000
-1.152920 -0.413120 0 -0.586991 7.235680 197.517000 1492.610000 -13 145 1 0 1.000000
0.088535 -1.551610 0 -16.588000 7.399480 214.934000 1492.690000 -13 146 1 0 1.000000
-3.511230 -5.308770 0 -2.455680 5.564100 201.002000 1492.610000 -13 147 1 0 1.000000
0.881343 2.730460 0 15.122900 6.814430 205.007000 1492.550000 -13 148 1 0 1.000000
-2.945960 -3.934140 0 -11.271900 7.810610 206.383000 1492.660000 -13 149 1 0 1.000000
4.080920 -0.930192 0 8.875380 -4.528420 198.124000 1492.610000 -13 150 1 0 1.000000
0.127643 -5.800550 0 -0.896597 3.244290 208.553000 1492.670000 -13 151 1 0 1.000000
-8.758830 -6.945660 0 -9.842950 2.953650 190.210000 1492.580000 -13 152 1 0 1.000000
-2.458290 0.914717 0 20.028100 4.920310 209.997000 1492.620000 -13 153 1 0 1.000000
-2.445120 -2.964340 0 -8.833930 -11.248900 219.156000 1492.530000 -13 154 1 0 1.000000
3.872450 -0.424689 0 -17.329500 4.064540 213.916000 1492.660000 -13 155 1 0 1.000000
1.809450 -5.944580 0 -16.828800 1.996730 201.837000 1492.560000 -13 156 1 0 1.000000
-2.089040 -4.910620 0 25.256200 14.278700 209.836000 1492.750000 -13 157 1 0 1.000000
-2.949280 -3.353330 0 12.596800 3.044240 208.078000 1492.600000 -13 158 1 0 1.000000
0.358666 -3.526200 0 -6.832470 0.464375 208.677000 1492.650000 -13 159 1 0 1.000000
2.381380 -0.105978 0 -8.829360 12.630000 193.856000 1492.570000 -13 160 1 0 1.000000
-6.373410 -6.525870 0 5.514000 5.840510 198.212000 1492.490000 -13 161 1 0 1.000000
1.985070 -2.226920 0 18.539200 7.869440 201.748000 1492.540000 -13 162 1 0 1.000000
-0.979626 -3.831000 0 23.161300 1.433920 204.172000 1492.640000 -13 163 1 0 1.000000
2.535350 -1.216150 0 11.166700 -20.665500 200.048000 1492.620000 -13 164 1 0 1.000000
-0.807509 -6.326530 0 -11.324800 -10.620700 201.778000 1492.480000 -13 165 1 0 1.000000
-1.128080 1.910330 0 3.804850 12.919000 207.497000 1492.580000 -13 166 1 0 1.000000
-0.841930 -0.135134 0 -19.330300 9.113780 203.989000 1492.710000 -13 167 1 0 1.000000
-3.678280 0.705425 0 8.676630 -8.893190 207.220000 1492.810000 -13 168 1 0 1.000000
-10.623700 -1.015950 0 5.652970 -35.756700 203.175000 1492.630000 -13 169 1 0 1.000000
3.545100 -1.622540 0 -9.896750 6.544210 209.442000 1492.570000 -13 170 1 0 1.000000
-3.192950 -3.405030 0 -14.555200 -2.328780 210.691000 1492.720000 -13 171 1 0 1.000000
-0.463663 -4.728590 0 17.698500 5.976920 214.115000 1492.660000 -13 172 1 0 1.000000
-4.976670 -6.466240 0 20.034000 14.054000 210.786000 1492.520000 -13 173 1 0 1.000000
-2.382650 2.027910 0 4.642970 3.085690 222.026000 1492.560000 -13 174 1 0 1.000000
-0.431239 -1.218830 0 -1.662180 3.210980 204.132000 1492.550000 -13 175 1 0 1.000000
1.020970 -7.723370 0 17.157100 -5.221980 197.846000 1492.600000 -13 176 1 0 1.000000
-0.334807 -5.049140 0 -12.938000 14.917500 192.006000 1492.510000 -13 177 1 0 1.000000
-4.507610 -2.792310 0 1.156680 15.729700 198.975000 1492.660000 -13 178 1 0 1.000000
7.368740 -4.530370 0 9.509850 -14.954600 197.155000 1492.710000 -13 179 1 0 1.000000
-6.162990 -4.089990 0 11.342900 -5.636570 217.466000 1492.470000 -13 180 1 0 1.000000
-2.332280 -5.480470 0 -5.783030 -1.279410 199.447000 1492.550000 -13 181 1 0 1.000000
-3.013470 -7.865240 0 6.843220 -0.183807 201.268000 1492.670000 -13 182 1 0 1.000000
-9.113550 -3.416940 0 -5.952680 3.992960 207.989000 1492.650000 -13 183 1 0 1.000000
1.562090 -6.097170 0 15.708400 4.434770 216.022000 1492.580000 -13 184 1 0 1.000000
-1.387700 -0.990443 0 -1.317390 -2.347710 212.605000 1492.690000 -13 185 1 0 1.000000
-1.982160 2.278520 0 4.623810 23.198900 194.297000 1492.480000 -13 186 1 0 1.000000
-0.874612 -2.517820 0 -6.000520 -0.675678 225.661000 1492.700000 -13 187 1 0 1.000000
-3.293500 0.320424 0 -28.348700 -1.998800 221.851000 1492.560000 -13 188 1 0 1.000000
-1.722160 -1.835980 0 -2.291430 12.872700 204.273000 1492.560000 -13 189 1 0 1.000000
-4.119550 -3.170310 0 -7.669020 29.772000 209.769000 1492.530000 -13 190 1 0 1.000000
0.116519 -0.712622 0 27.965400 -18.567900 198.572000 1492.630000 -13 191 1 0 1.000000
-3.976840 -7.183260 0 5.001870 1.598060 208.752000 1492.560000 -13 192 1 0 1.000000
-1.145770 -0.458731 0 -8.623060 -3.442570 205.843000 1492.600000 -13 193 1 0 1.000000
0.653898 -1.021300 0 13.491800 -27.295900 206.257000 1492.740000 -13 194 1 0 1.000000
-3.268000 -0.779706 0 -9.553000 -4.280240 209.654000 1492.690000 -13 195 1 0 1.000000
-1.681900 -6.923330 0 12.161700 -20.133800 188.855000 1492.610000 -13 196 1 0 1.000000
-5.864580 1.044350 0 -20.725600 13.995000 197.167000 1492.540000 -13 197 1 0 1.000000
-2.099980 0.167795 0 13.644200 12.454600 206.363000 1492.460000 -13 198 1 0 1.000000
3.492080 -6.888190 0 -4.924460 -1.295780 215.774000 1492.650000 -13 199 1 0 1.000000
-1.750920 -0.018067 0 11.453100 8.580720 206.956000 1492.630000 -13 200 1 0 1.000000
-4.396800 1.590270 0 -17.792500 0.012650 225.369000 1492.620000 -13 201 1 0 1.000000
-9.236570 -3.531790 0 -18.833200 -8.904390 217.718000 1492.570000 -13 202 1 0 1.000000
-0.935734 -1.845030 0 -11.772100 -0.572943 212.510000 1492.500000 -13 203 1 0 1.000000
-1.946650 -3.966120 0 -4.084480 9.641370 217.261000 1492.710000 -13 204 1 0 1.000000
-5.717590 -2.600500 0 -0.136276 18.630000 213.150000 1492.520000 -13 205 1 0 1.000000
2.435240 -6.868470 0 25.884300 -9.105640 213.355000 1492.730000 -13 206 1 0 1.000000
-0.102429 -2.637390 0 -1.421270 2.928230 200.575000 1492.780000 -13 207 1 0 1.000000
-1.605160 -9.544180 0 16.298000 -13.817100 205.035000 1492.670000 -13 208 1 0 1.000000
-2.550820 -6.648470 0 2.047100 0.557436 208.366000 1492.530000 -13 209 1 0 1.000000
-5.598340 -11.308300 0 3.029100 -16.320300 208.700000 1492.550000 -13 210 1 0 1.000000
-0.307442 -5.228900 0 -5.591570 -1.567420 203.541000 1492.490000 -13 211 1 0 1.000000
-3.309400 -1.085360 0 3.601580 6.613970 220.985000 1492.690000 -13 212 1 0 1.000000
-3.310250 -0.270109 0 -9.919570 0.411684 213.200000 1492.520000 -13 213 1 0 1.000000
-1.129420 -1.435220 0 -21.232700 17.014600 195.958000 1492.790000 -13 214 1 0 1.000000
3.224410 -4.447750 0 -0.039192 -24.989600 202.399000 1492.580000 -13 215 1 0 1.000000
0.549921 -6.987600 0 10.717300 4.630390 204.354000 1492.540000 -13 216 1 0 1.000000
2.447690 -3.749650 0 1.937430 13.948300 206.070000 1492.510000 -13 217 1 0 1.000000
-6.161010 -1.637860 0 -7.575380 6.746940 224.414000 1492.680000 -13 218 1 0 1.000000
-3.864790 3.068020 0 8.372930 -25.743800 199.160000 1492.780000 -13 219 1 0 1.000000
-0.739801 -5.655130 0 4.195800 -0.142743 200.770000 1492.550000 -13 220 1 0 1.000000
0.903765 -0.754393 0 -2.751820 15.987100 199.110000 1492.590000 -13 221 1 0 1.000000
-1.177840 -2.922970 0 19.906900 2.008360 206.424000 1492.560000 -13 222 1 0 1.000000
1.881940 -5.163830 0 5.701180 -15.160700 217.383000 1492.750000 -13 223 1 0 1.000000
-2.161000 0.424666 0 3.739880 -4.962140 213.627000 1492.650000 -13 224 1 0 1.000000
-4.538010 -2.551640 0 -2.737170 -4.743740 216.579000 1492.670000 -13 225 1 0 1.000000
-6.263180 -3.133490 0 -22.493700 9.959070 200.648000 1492.530000 -13 226 1 0 1.000000
-2.063680 0.445707 0 -0.958754 10.364600 217.435000 1492.610000 -13 227 1 0 1.000000
-6.256390 0.455931 0 5.140960 -6.654840 207.903000 1492.640000 -13 228 1 0 1.000000
-3.350370 -6.021480 0 -0.648418 -26.943900 224.379000 1492.570000 -13 229 1 0 1.000000
1.353760 -4.160230 0 -16.236100 5.627800 205.523000 1492.780000 -13 230 1 0 1.000000
2.726150 -4.361770 0 -23.108900 19.816500 228.737000 1492.620000 -13 231 1 0 1.000000
-1.670310 -3.589820 0 14.219600 6.798210 217.009000 1492.590000 -13 232 1 0 1.000000
-4.626490 -3.942960 0 2.996190 8.761430 216.918000 1492.520000 -13 233 1 0 1.000000
-4.745060 3.191410 0 -17.384300 -1.351950 208.935000 1492.640000 -13 234 1 0 1.000000
-9.006230 -5.436280 0 -3.476930 10.855400 193.612000 1492.580000 -13 235 1 0 1.000000
1.855190 0.305437 0 5.086520 -9.479840 201.350000 1492.660000 -13 236 1 0 1.000000
-4.744720 0.019849 0 -11.270900 -7.917530 187.844000 1492.590000 -13 237 1 0 1.000000
-6.805970 4.772410 0 9.420060 -0.752793 196.325000 1492.640000 -13 238 1 0 1.000000
3.023550 0.069484 0 -11.955900 -33.389600 202.037000 1492.550000 -13 239 1 0 1.000000
-4.753190 -5.865270 0 -19.189400 18.840100 216.804000 1492.590000 -13 240 1 0 1.000000
3.902140 -2.565640 0 6.038990 22.560600 211.732000 1492.590000 -13 241 1 0 1.000000
-4.838250 2.936110 0 -6.572990 2.397250 219.932000 1492.680000 -13 242 1 0 1.000000
-2.465000 -1.323650 0 -12.405400 -1.464130 215.382000 1492.680000 -13 243 1 0 1.000000
0.385581 -0.435237 0 -7.217920 3.940820 178.575000 1492.590000 -13 244 1 0 1.000000
0.345238 -1.510690 0 0.694388 13.722200 194.991000 1492.620000 -13 245 1 0 1.000000
-4.169000 -3.656830 0 -6.898840 13.974100 210.266000 1492.630000 -13 246 1 0 1.000000
-0.402781 1.261580 0 -7.780460 8.331010 210.347000 1492.590000 -13 247 1 0 1.000000
-1.233990 -0.823247 0 -6.996360 15.832900 208.489000 1492.470000 -13 248 1 0 1.000000
3.571360 -4.078270 0 -13.820400 -6.089820 211.892000 1492.560000 -13 249 1 0 1.000000
-5.501940 -1.189140 0 2.049730 6.218780 224.407000 1492.570000 -13 250 1 0 1.000000
-3.354870 -8.100640 0 26.870900 -10.501500 200.757000 1492.460000 -13 251 1 0 1.000000
-0.120172 1.554270 0 -16.412700 29.072900 222.768000 1492.540000 -13 252 1 0 1.000000
-5.380320 0.301342 0 10.042400 7.969690 200.059000 1492.510000 -13 253 1 0 1.000000
-1.943310 -2.038770 0 -4.585760 7.229200 194.729000 1492.510000 -13 254 1 0 1.000000
-6.109580 1.435850 0 -9.513960 1.033850 209.757000 1492.590000 -13 255 1 0 1.000000
-3.331470 -4.538460 0 11.859100 12.287700 226.626000 1492.580000 -13 256 1 0 1.000000
-2.641340 -0.321967 0 -6.760170 13.350000 222.902000 1492.620000 -13 257 1 0 1.000000
-0.872380 0.603679 0 -11.694800 20.304800 214.120000 1492.500000 -13 258 1 0 1.000000
-1.362500 -4.487980 0 22.198400 -7.983520 195.067000 1492.810000 -13 259 1 0 1.000000
-3.505670 -0.652593 0 -11.883900 -17.416300 183.800000 1492.620000 -13 260 1 0 1.000000
-1.975130 1.172410 0 16.931700 -9.041840 202.648000 1492.590000 -13 261 1 0 1.000000
-0.125250 0.872934 0 9.623270 7.731730 202.057000 1492.470000 -13 262 1 0 1.000000
-2.708710 -4.651200 0 -5.228710 1.692160 210.347000 1492.650000 -13 263 1 0 1.000000
-1.230390 -0.421538 0 5.787810 -10.401800 205.991000 1492.700000 -13 264 1 0 1.000000
-0.380405 -6.406800 0 22.134100 14.307300 204.582000 1492.550000 -13 265 1 0 1.000000
2.027580 -2.247880 0 -1.325080 -13.732800 196.459000 1492.550000 -13 266 1 0 1.000000
-6.885490 -4.015840 0 3.363560 -9.548430 207.988000 1492.660000 -13 267 1 0 1.000000
0.780147 -1.296320 0 -14.698200 -8.014350 199.751000 1492.520000 -13 268 1 0 1.000000
3.279160 0.949452 0 0.151323 14.763400 200.600000 1492.660000 -13 269 1 0 1.000000
-5.202690 2.900060 0 -10.933800 9.181310 222.576000 1492.610000 -13 270 1 0 1.000000
3.047280 -5.952970 0 21.555400 -13.581500 209.346000 1492.480000 -13 271 1 0 1.000000
-7.392360 2.205120 0 -25.337200 -6.375630 202.915000 1492.630000 -13 272 1 0 1.000000
-3.020600 -1.420480 0 -2.921050 -5.215410 217.225000 1492.630000 -13 273 1 0 1.000000
-3.305240 -4.116540 0 6.175180 5.168120 187.886000 1492.760000 -13 274 1 0 1.000000
1.672870 -6.662840 0 -3.499860 25.133300 192.954000 1492.660000 -13 275 1 0 1.000000
-2.403370 -4.191250 0 -14.644700 21.034300 224.411000 1492.570000 -13 276 1 0 1.000000
2.403670 -2.782850 0 4.826590 -22.033500 206.855000 1492.660000 -13 277 1 0 1.000000
2.028070 -3.323150 0 13.277900 18.013900 215.244000 1492.530000 -13 278 1 0 1.000000
2.680100 7.842150 0 -10.995800 17.667200 209.509000 1492.560000 -13 279 1 0 1.000000
3.605130 -0.601918 0 -16.528300 -22.867900 191.846000 1492.630000 -13 280 1 0 1.000000
-3.326790 5.057700 0 -9.431850 7.093460 207.441000 1492.610000 -13 281 1 0 1.000000
-4.104200 -4.226570 0 0.407051 -3.468000 212.730000 1492.620000 -13 282 1 0 1.000000
-2.324020 -2.229170 0 13.818800 4.686420 211.648000 1492.680000 -13 283 1 0 1.000000
-2.482580 1.949730 0 27.770300 13.858200 219.099000 1492.620000 -13 284 1 0 1.000000
1.177610 2.048860 0 17.138200 -5.166280 217.602000 1492.590000 -13 285 1 0 1.000000
-6.513250 -4.739220 0 -4.704110 27.923800 215.055000 1492.710000 -13 286 1 0 1.000000
0.321284 -6.034620 0 5.888680 19.192000 188.148000 1492.430000 -13 287 1 0 1.000000
-2.776190 1.169300 0 -8.778220 7.440840 218.765000 1492.470000 -13 288 1 0 1.000000
-1.057990 -1.634140 0 -12.443500 0.539824 182.005000 1492.600000 -13 289 1 0 1.000000
-2.538120 -4.681760 0 12.358400 -25.147400 212.347000 1492.760000 -13 290 1 0 1.000000
-3.111770 -7.920470 0 8.427480 1.670400 216.018000 1492.580000 -13 291 1 0 1.000000
2.501870 -3.250860 0 -25.619800 -18.998800 219.658000 1492.600000 -13 292 1 0 1.000000
1.072960 -4.995830 0 -8.471130 16.675600 201.116000 1492.530000 -13 293 1 0 1.000000
0.887926 -2.115570 0 -10.060800 -8.757670 206.172000 1492.540000 -13 294 1 0 1.000000
-1.338120 -3.156470 0 -10.669700 15.986900 204.582000 1492.480000 -13 295 1 0 1.000000
-1.053220 -2.312960 0 -10.862000 -3.240990 213.742000 1492.540000 -13 296 1 0 1.000000
0.895261 3.920980 0 7.114560 -11.635400 208.605000 1492.590000 -13 297 1 0 1.000000
-3.614020 -5.069740 0 8.628380 11.596800 205.703000 1492.640000 -13 298 1 0 1.000000
-7.584090 -3.310980 0 7.279680 10.740200 225.983000 1492.670000 -13 299 1 0 1.000000
0.026993 -3.799120 0 -10.588900 10.952200 228.575000 1492.520000 -13 300 1 0 1.000000
1.892920 0.652327 0 -9.489150 10.975400 208.103000 1492.610000 -13 301 1 0 1.000000
3.546730 -1.867350 0 -13.790500 -18.311500 204.444000 1492.630000 -13 302 1 0 1.000000
-4.156280 4.025770 0 -12.167200 -13.066900 205.470000 1492.550000 -13 303 1 0 1.000000
-1.992840 -0.444256 0 -11.249500 -8.872590 201.799000 1492.590000 -13 304 1 0 1.000000
-1.925120 -3.738960 0 22.840900 -5.980220 219.030000 1492.540000 -13 305 1 0 1.000000
1.222040 -4.096270 0 -32.586100 -11.083000 206.961000 1492.700000 -13 306 1 0 1.000000
3.141410 -1.841000 0 0.363548 27.712000 203.213000 1492.620000 -13 307 1 0 1.000000
1.593800 -4.276910 0 -3.881880 0.791799 205.383000 1492.660000 -13 308 1 0 1.000000
-0.239195 -1.784950 0 -9.243720 -0.692318 197.831000 1492.540000 -13 309 1 0 1.000000
-5.405130 -0.091295 0 -7.379350 32.134200 217.784000 1492.590000 -13 310 1 0 1.000000
-3.227450 -2.455480 0 18.709800 -3.386230 222.338000 1492.670000 -13 311 1 0 1.000000
2.856630 -3.367220 0 6.734120 -0.398183 209.122000 1492.750000 -13 312 1 0 1.000000
-3.570310 -3.012640 0 8.766850 17.251900 223.480000 1492.550000 -13 313 1 0 1.000000
-3.395170 -0.379347 0 1.282240 11.993200 187.826000 1492.680000 -13 314 1 0 1.000000
0.940623 2.907040 0 -11.199000 3.417340 210.367000 1492.740000 -13 315 1 0 1.000000
-1.305480 1.522060 0 -11.057600 -16.791000 213.023000 1492.620000 -13 316 1 0 1.000000
-2.641360 -1.360360 0 -6.736860 26.853200 201.213000 1492.500000 -13 317 1 0 1.000000
-0.582305 3.000810 0 -23.035000 -3.884010 206.191000 1492.710000 -13 318 1 0 1.000000
-7.101130 -6.764970 0 -5.034580 14.641700 209.248000 1492.550000 -13 319 1 0 1.000000
4.031400 4.190600 0 -3.130450 -11.291700 207.098000 1492.620000 -13 320 1 0 1.000000
-6.018250 -6.042690 0 -8.704000 6.508140 223.934000 1492.480000 -13 321 1 0 1.000000
-3.888780 -2.141160 0 -1.339140 -5.609870 204.347000 1492.480000 -13 322 1 0 1.000000
-3.831990 -3.249160 0 -10.067600 -13.439700 207.810000 1492.590000 -13 323 1 0 1.000000
-3.274050 -2.287240 0 -18.144100 -0.206961 212.801000 1492.580000 -13 324 1 0 1.000000
-1.615060 -7.488920 0 -3.421270 33.792800 223.416000 1492.560000 -13 325 1 0 1.000000
-6.634720 -10.431900 0 -2.259250 17.315900 208.214000 1492.500000 -13 326 1 0 1.000000
-7.630020 -6.173560 0 4.092710 -5.599820 207.805000 1492.550000 -13 327 1 0 1.000000
-6.672560 -5.134120 0 8.370690 -7.870890 211.339000 1492.680000 -13 328 1 0 1.000000
-4.140420 1.623830 0 4.909170 11.438100 195.033000 1492.520000 -13 329 1 0 1.000000
-0.088826 3.341770 0 -7.877420 -0.282594 199.329000 1492.430000 -13 330 1 0 1.000000
-7.423390 -3.830410 0 -9.329680 12.099100 219.763000 1492.690000 -13 331 1 0 1.000000
-7.518300 -1.409630 0 -6.771360 17.665400 213.340000 1492.760000 -13 332 1 0 1.000000
1.836000 1.076130 0 10.579200 -5.790320 217.522000 1492.480000 -13 333 1 0 1.000000
0.826923 -3.053640 0 -6.717370 -15.532100 212.558000 1492.500000 -13 334 1 0 1.000000
0.585096 -2.067840 0 -3.753550 -3.976240 205.822000 1492.650000 -13 335 1 0 1.000000
-1.505970 -1.801700 0 12.852300 21.006000 186.823000 1492.600000 -13 336 1 0 1.000000
2.246090 0.878970 0 -13.698300 -2.882540 200.955000 1492.510000 -13 337 1 0 1.000000
-2.486060 -1.733700 0 -2.818070 5.872690 189.946000 1492.770000 -13 338 1 0 1.000000
1.879740 1.598200 0 13.080000 -26.703900 195.446000 1492.580000 -13 339 1 0 1.000000
-2.839200 2.871310 0 0.307476 6.313620 206.331000 1492.640000 -13 340 1 0 1.000000
-0.665515 -5.311240 0 -36.693600 -5.138370 216.834000 1492.640000 -13 341 1 0 1.000000
-2.750490 -3.574930 0 19.280400 6.595880 220.904000 1492.590000 -13 342 1 0 1.000000
-10.534100 1.195880 0 -1.191650 -3.355770 200.514000 1492.630000 -13 343 1 0 1.000000
-2.352830 1.675970 0 -13.904800 -16.763600 221.386000 1492.620000 -13 344 1 0 1.000000
-2.283200 -1.730370 0 23.137300 10.744400 215.831000 1492.610000 -13 345 1 0 1.000000
-3.166240 0.164412 0 12.297900 -8.367430 208.158000 1492.580000 -13 346 1 0 1.000000
-6.591210 -0.374346 0 24.028100 4.359990 207.053000 1492.670000 -13 347 1 0 1.000000
-1.227110 -9.321250 0 10.074200 -0.873646 205.822000 1492.560000 -13 348 1 0 1.000000
-2.175610 -0.143403 0 -29.944800 -1.337500 218.165000 1492.540000 -13 349 1 0 1.000000
-1.433740 -2.007530 0 -20.290200 -5.797480 218.007000 1492.800000 -13 350 1 0 1.000000
1.680470 -3.182750 0 4.247050 10.752700 201.179000 1492.550000 -13 351 1 0 1.000000
-0.751257 -5.502140 0 22.794500 -31.891000 204.097000 1492.770000 -13 352 1 0 1.000000
3.270910 1.195060 0 -8.473010 -15.044100 211.724000 1492.680000 -13 353 1 0 1.000000
-3.811510 -4.056970 0 -10.498600 2.224600 187.729000 1492.630000 -13 354 1 0 1.000000
-6.125670 -1.917940 0 -14.488900 -13.172400 191.103000 1492.550000 -13 355 1 0 1.000000
-5.814340 -0.683252 0 -13.692400 -20.905400 222.517000 1492.690000 -13 356 1 0 1.000000
0.214117 -3.342510 0 -1.179180 6.522240 198.855000 1492.710000 -13 357 1 0 1.000000
-0.839266 -6.058570 0 10.152200 -5.848510 222.582000 1492.610000 -13 358 1 0 1.000000
-1.387330 -2.709250 0 -8.481530 -13.626500 198.446000 1492.530000 -13 359 1 0 1.000000
-2.778600 -3.884140 0 -9.413390 -1.594380 200.794000 1492.850000 -13 360 1 0 1.000000
-5.105680 -3.400470 0 -2.547530 15.565000 192.721000 1492.510000 -13 361 1 0 1.000000
-8.737100 1.946410 0 -22.720500 -10.589600 218.076000 1492.490000 -13 362 1 0 1.000000
-3.321690 0.973482 0 7.432900 11.191600 214.421000 1492.590000 -13 363 1 0 1.000000
-2.546550 -4.737420 0 -6.911830 -5.864060 192.093000 1492.560000 -13 364 1 0 1.000000
-1.160760 -0.103926 0 -4.458130 -3.847030 210.416000 1492.490000 -13 365 1 0 1.000000
5.091450 -2.511150 0 -15.567000 -7.530440 213.731000 1492.650000 -13 366 1 0 1.000000
-2.825100 -5.911700 0 4.534950 -0.802011 203.149000 1492.610000 -13 367 1 0 1.000000
1.473990 -4.370670 0 6.313220 -1.942670 206.191000 1492.500000 -13 368 1 0 1.000000
0.440229 -5.818840 0 -2.522110 -2.115970 207.331000 1492.580000 -13 369 1 0 1.000000
1.081580 -2.295420 0 4.259940 -0.125510 208.707000 1492.670000 -13 370 1 0 1.000000
-2.743280 0.401998 0 -23.822700 -5.397870 216.846000 1492.490000 -13 371 1 0 1.000000
-0.693167 -3.008430 0 32.217600 -2.892160 221.093000 1492.540000 -13 372 1 0 1.000000
0.614941 -8.364800 0 -16.488400 2.700270 206.876000 1492.650000 -13 373 1 0 1.000000
1.296430 -1.421130 0 10.606700 38.131300 197.729000 1492.660000 -13 374 1 0 1.000000
-4.253500 -2.668750 0 9.943340 25.800000 219.806000 1492.800000 -13 375 1 0 1.000000
-3.748160 -6.768670 0 21.671700 6.732230 215.626000 1492.560000 -13 376 1 0 1.000000
0.630640 -3.888230 0 -10.676500 -11.058300 189.755000 1492.610000 -13 377 1 0 1.000000
-0.448880 -3.298360 0 -10.495900 -11.056900 204.584000 1492.510000 -13 378 1 0 1.000000
1.929110 -3.570790 0 37.399700 7.416700 213.298000 1492.550000 -13 379 1 0 1.000000
-0.682917 1.092380 0 7.123410 4.817030 216.947000 1492.550000 -13 380 1 0 1.000000
-3.402590 -1.130090 0 -2.790300 -9.422060 205.329000 1492.690000 -13 381 1 0 1.000000
-1.892740 -0.515937 0 6.660720 -2.904660 217.716000 1492.740000 -13 382 1 0 1.000000
-1.267570 -1.215000 0 0.390475 5.045500 208.655000 1492.510000 -13 383 1 0 1.000000
-0.386135 -5.890550 0 3.104850 11.661900 207.021000 1492.490000 -13 384 1 0 1.000000
-4.283810 -2.975170 0 -8.182290 -0.252171 222.896000 1492.610000 -13 385 1 0 1.000000
0.297200 -0.091460 0 20.382400 -4.836070 197.905000 1492.500000 -13 386 1 0 1.000000
-1.494190 -5.723640 0 -2.683650 6.755790 192.542000 1492.480000 -13 387 1 0 1.000000
-1.118510 2.686420 0 -24.152300 14.952100 216.114000 1492.580000 -13 388 1 0 1.000000
-4.768440 0.197356 0 -33.335800 5.078110 208.192000 1492.750000 -13 389 1 0 1.000000
-7.753070 -8.444540 0 -24.126000 -12.959600 206.858000 1492.590000 -13 390 1 0 1.000000
-0.428466 -1.448280 0 13.414300 34.815700 200.546000 1492.530000 -13 391 1 0 1.000000
3.523190 -9.013990 0 8.444520 -3.716340 211.684000 1492.570000 -13 392 1 0 1.000000
-6.671330 2.746310 0 1.995670 -17.856600 213.965000 1492.700000 -13 393 1 0 1.000000
-6.868040 -3.346980 0 10.078400 5.293980 195.289000 1492.720000 -13 394 1 0 1.000000
-2.042120 -4.387520 0 25.568700 28.531100 204.751000 1492.680000 -13 395 1 0 1.000000
5.485570 0.795696 0 3.171170 -14.523400 200.387000 1492.700000 -13 396 1 0 1.000000
-0.699203 -3.348170 0 -7.619800 2.172190 209.376000 1492.580000 -13 397 1 0 1.000000
-3.836730 -4.872430 0 5.600110 12.566800 196.404000 1492.670000 -13 398 1 0 1.000000
0.807986 -6.809400 0 5.522450 -0.699234 215.616000 1492.540000 -13 399 1 0 1.000000
0.421034 -5.015370 0 -5.856300 2.241310 202.732000 1492.550000 -13 400 1 0 1.000000
-7.049440 -0.343962 0 -9.563160 9.400560 216.943000 1492.660000 -13 401 1 0 1.000000
7.851160 -3.622490 0 -11.176500 -1.477270 210.619000 1492.530000 -13 402 1 0 1.000000
-2.808070 -0.107904 0 -2.740480 1.637280 211.619000 1492.660000 -13 403 1 0 1.000000
-4.155340 -4.478770 0 20.785300 1.742650 217.207000 1492.600000 -13 404 1 0 1.000000
-0.700457 -1.633670 0 9.245280 -6.983950 182.315000 1492.620000 -13 405 1 0 1.000000
2.713270 -0.232605 0 30.647400 6.199130 214.253000 1492.600000 -13 406 1 0 1.000000
0.735160 0.071026 0 -19.450300 -32.930500 196.781000 1492.680000 -13 407 1 0 1.000000
-4.502500 -0.147659 0 -19.385800 6.257840 212.511000 1492.690000 -13 408 1 0 1.000000
-1.908120 3.118680 0 -12.571900 -8.219160 214.618000 1492.690000 -13 409 1 0 1.000000
-3.717830 -1.707640 0 3.311090 9.266990 208.474000 1492.450000 -13 410 1 0 1.000000
0.075515 -2.765550 0 8.309070 4.056630 213.805000 1492.570000 -13 411 1 0 1.000000
1.818130 -4.553630 0 6.412060 -5.814250 200.216000 1492.640000 -13 412 1 0 1.000000
3.012180 -1.669070 0 -10.032700 30.745900 196.277000 1492.570000 -13 413 1 0 1.000000
-3.289140 -4.946610 0 12.539000 -13.933600 216.975000 1492.750000 -13 414 1 0 1.000000
-2.088520 -5.642760 0 -12.632000 2.123390 195.726000 1492.770000 -13 415 1 0 1.000000
-4.385900 -4.752640 0 6.783620 -14.682400 201.642000 1492.610000 -13 416 1 0 1.000000
-8.380220 -1.016970 0 22.137400 5.343510 209.262000 1492.590000 -13 417 1 0 1.000000
3.078440 -5.316490 0 9.092630 17.222000 202.329000 1492.610000 -13 418 1 0 1.000000
-1.071950 -6.245490 0 -11.658100 14.306800 199.374000 1492.700000 -13 419 1 0 1.000000
1.802360 -0.495383 0 7.319430 7.881380 221.292000 1492.660000 -13 420 1 0 1.000000
3.445330 -2.326390 0 -6.761780 -18.427700 197.740000 1492.650000 -13 421 1 0 1.000000
-3.722790 4.264880 0 -8.172420 -4.491180 201.487000 1492.550000 -13 422 1 0 1.000000
-1.435800 -1.552330 0 -13.036200 5.721910 220.508000 1492.620000 -13 423 1 0 1.000000
1.359930 -2.294680 0 0.303049 7.938960 207.986000 1492.680000 -13 424 1 0 1.000000
1.854180 -1.883010 0 6.893910 -4.516620 206.470000 1492.670000 -13 425 1 0 1.000000
-5.458130 -1.730750 0 2.183840 2.601820 199.609000 1492.610000 -13 426 1 0 1.000000
-1.094760 1.338580 0 -0.996506 -10.921100 220.391000 1492.700000 -13 427 1 0 1.000000
-2.996680 1.822910 0 6.604370 4.748380 186.542000 1492.570000 -13 428 1 0 1.000000
-4.843310 2.377410 0 -1.421340 1.123020 222.570000 1492.650000 -13 429 1 0 1.000000
-0.684784 0.175067 0 -6.514540 -12.905500 194.174000 1492.600000 -13 430 1 0 1.000000
0.540844 0.010330 0 -18.152100 5.941940 198.961000 1492.540000 -13 431 1 0 1.000000
2.309410 -0.584480 0 -8.982150 2.568130 215.561000 1492.650000 -13 432 1 0 1.000000
-2.195050 -2.500230 0 -3.571890 33.710200 199.780000 1492.480000 -13 433 1 0 1.000000
-4.277190 -1.465300 0 10.886200 10.933100 193.512000 1492.490000 -13 434 1 0 1.000000
-1.309160 2.738150 0 -6.909260 -3.736680 222.197000 1492.560000 -13 435 1 0 1.000000
3.058140 0.865993 0 8.814880 -9.896810 206.916000 1492.480000 -13 436 1 0 1.000000
1.224800 -6.197830 0 0.133771 14.282100 201.712000 1492.730000 -13 437 1 0 1.000000
-0.049692 -4.165760 0 9.648330 31.207100 220.129000 1492.640000 -13 438 1 0 1.000000
-1.379910 -1.203010 0 -8.272170 1.459770 201.605000 1492.660000 -13 439 1 0 1.000000
-3.333810 -8.807750 0 10.025000 -15.099300 198.964000 1492.490000 -13 440 1 0 1.000000
1.321650 2.683630 0 2.518280 -1.125850 213.771000 1492.630000 -13 441 1 0 1.000000
4.427230 -4.509930 0 10.455200 23.144400 211.338000 1492.730000 -13 442 1 0 1.000000
-4.295240 -0.048601 0 4.367090 -19.291800 200.489000 1492.770000 -13 443 1 0 1.000000
-4.648610 -3.250360 0 5.573710 -6.863720 208.394000 1492.740000 -13 444 1 0 1.000000
-0.242194 -6.287110 0 -0.657593 -11.512000 199.170000 1492.630000 -13 445 1 0 1.000000
-1.838720 -1.416520 0 2.246720 -13.937700 205.378000 1492.660000 -13 446 1 0 1.000000
-4.191030 0.072104 0 17.178100 11.771800 199.410000 1492.640000 -13 447 1 0 1.000000
-2.215020 -6.695200 0 -5.718940 2.137850 199.013000 1492.610000 -13 448 1 0 1.000000
-5.600810 -6.457030 0 -12.361900 6.371000 204.790000 1492.570000 -13 449 1 0 1.000000
-4.653240 -5.896930 0 12.609500 -9.717420 195.121000 1492.580000 -13 450 1 0 1.000000
-3.236530 2.383990 0 -6.155580 -5.042960 208.009000 1492.760000 -13 451 1 0 1.000000
-5.524090 -7.648890 0 1.216700 -9.919720 207.312000 1492.630000 -13 452 1 0 1.000000
-6.263130 -5.133000 0 -2.794280 -0.877120 211.843000 1492.580000 -13 453 1 0 1.000000
-0.627936 -2.892620 0 -9.317160 15.467400 203.483000 1492.490000 -13 454 1 0 1.000000
-3.239580 -4.674160 0 -8.409710 -6.342130 205.645000 1492.570000 -13 455 1 0 1.000000
1.075960 -4.386640 0 10.521600 -9.920650 223.107000 1492.590000 -13 456 1 0 1.000000
-4.664120 -2.016730 0 -13.866600 31.693600 205.952000 1492.570000 -13 457 1 0 1.000000
-4.800000 -6.348830 0 -0.830444 -18.914900 208.803000 1492.670000 -13 458 1 0 1.000000
-0.216319 -7.931220 0 -7.176500 5.605540 195.297000 1492.660000 -13 459 1 0 1.000000
0.551360 -9.405550 0 16.212400 -30.835300 216.272000 1492.480000 -13 460 1 0 1.000000
-5.933390 -1.589560 0 9.106090 -5.526010 195.729000 1492.600000 -13 461 1 0 1.000000
-2.055750 -4.850000 0 19.261200 -15.233400 196.139000 1492.520000 -13 462 1 0 1.000000
1.009940 -4.532200 0 -4.349280 -1.918210 196.997000 1492.610000 -13 463 1 0 1.000000
-4.675320 -6.605800 0 -9.854760 -1.525560 200.660000 1492.510000 -13 464 1 0 1.000000
-3.003920 -0.845684 0 -2.251120 -4.028750 199.435000 1492.760000 -13 465 1 0 1.000000
0.335827 6.000580 0 -3.529960 3.438310 208.023000 1492.510000 -13 466 1 0 1.000000
1.206810 -4.081780 0 -16.183300 -8.442980 219.309000 1492.660000 -13 467 1 0 1.000000
0.270333 -6.127470 0 -6.589570 9.132430 218.870000 1492.590000 -13 468 1 0 1.000000
-3.916990 0.150921 0 5.158510 14.626300 202.415000 1492.620000 -13 469 1 0 1.000000
-0.316354 -3.141600 0 -2.611400 16.406100 221.316000 1492.750000 -13 470 1 0 1.000000
-1.387440 -0.606176 0 -0.067372 8.532640 196.999000 1492.480000 -13 471 1 0 1.000000
-4.347810 -7.690000 0 7.500750 -7.955790 203.827000 1492.630000 -13 472 1 0 1.000000
-3.631000 -1.013430 0 -15.954300 19.948100 212.882000 1492.520000 -13 473 1 0 1.000000
-6.995770 -3.677320 0 -25.179100 -7.048030 215.987000 1492.520000 -13 474 1 0 1.000000
0.700883 -2.343920 0 17.823200 0.007583 199.776000 1492.510000 -13 475 1 0 1.000000
1.887210 -4.371910 0 26.361200 19.781100 187.215000 1492.580000 -13 476 1 0 1.000000
-3.590340 -7.945160 0 1.812840 5.152440 204.382000 1492.690000 -13 477 1 0 1.000000
-3.002160 1.904180 0 -6.177900 -9.010420 205.396000 1492.630000 -13 478 1 0 1.000000
0.069722 -5.210410 0 -10.267400 4.228880 194.975000 1492.780000 -13 479 1 0 1.000000
-3.476960 3.293970 0 25.228400 -2.087030 210.681000 1492.680000 -13 480 1 0 1.000000
0.350358 -2.702850 0 1.634740 8.399270 205.330000 1492.580000 -13 481 1 0 1.000000
-2.216620 -13.833200 0 6.656630 -9.831540 206.150000 1492.670000 -13 482 1 0 1.000000
0.306493 -4.062780 0 2.658950 -0.674832 210.269000 1492.560000 -13 483 1 0 1.000000
-2.978660 -0.736542 0 1.194070 -12.623000 195.752000 1492.650000 -13 484 1 0 1.000000
-5.244640 -7.033950 0 1.966780 -10.197000 199.418000 1492.610000 -13 485 1 0 1.000000
-2.109810 -2.884380 0 1.386170 20.113600 203.331000 1492.510000 -13 486 1 0 1.000000
-0.569944 -3.209300 0 -18.126000 -8.175800 206.747000 1492.700000 -13 487 1 0 1.000000
-2.926170 -6.790400 0 15.334400 -9.145510 200.361000 1492.510000 -13 488 1 0 1.000000
-2.594630 -3.671920 0 -13.425900 9.140650 205.594000 1492.600000 -13 489 1 0 1.000000
-3.589340 1.124670 0 -0.577678 -2.431750 215.537000 1492.630000 -13 490 1 0 1.000000
-2.552400 -0.162383 0 -1.238910 4.529160 190.078000 1492.690000 -13 491 1 0 1.000000
-2.178940 -2.708240 0 -1.143970 4.613340 216.776000 1492.780000 -13 492 1 0 1.000000
-4.637320 2.415060 0 -11.506500 3.060330 211.861000 1492.720000 -13 493 1 0 1.000000
-3.796400 -4.640900 0 0.440403 -6.252710 186.800000 1492.540000 -13 494 1 0 1.000000
-1.714130 -2.082440 0 7.034970 8.815470 205.442000 1492.470000 -13 495 1 0 1.000000
-1.207910 -9.864180 0 10.720100 -1.453920 195.593000 1492.520000 -13 496 1 0 1.000000
0.020309 1.009240 0 -2.631790 -5.536570 209.154000 1492.620000 -13 497 1 0 1.000000
-4.905450 -2.008780 0 -6.044500 18.293500 200.659000 1492.640000 -13 498 1 0 1.000000
2.695400 -7.324590 0 5.737570 1.188260 218.615000 1492.520000 -13 499 1 0 1.000000
-1.680680 -7.258660 0 12.847500 13.602300 214.191000 1492.570000 -13 500 1 0 1.000000
1.335800 -4.817760 0 12.405100 11.262100 195.021000 1492.660000 -13 501 1 0 1.000000
-1.731180 -9.282750 0 20.444300 -6.896170 217.511000 1492.490000 -13 502 1 0 1.000000
-1.238440 -1.889650 0 1.320920 2.907050 201.485000 1492.500000 -13 503 1 0 1.000000
-2.824750 0.463577 0 2.218120 -5.163540 201.409000 1492.810000 -13 504 1 0 1.000000
-2.608210 -0.161644 0 -4.103770 -0.961063 217.580000 1492.560000 -13 505 1 0 1.000000
-1.182720 -2.516070 0 9.795610 -7.024510 208.832000 1492.610000 -13 506 1 0 1.000000
-1.959590 -0.563942 0 -28.666100 -6.857540 199.173000 1492.660000 -13 507 1 0 1.000000
0.072818 -2.903510 0 3.791220 12.302500 203.036000 1492.570000 -13 508 1 0 1.000000
0.042292 -0.185012 0 -34.888900 29.557300 203.574000 1492.660000 -13 509 1 0 1.000000
0.381527 -0.442026 0 -5.650520 32.256500 194.983000 1492.600000 -13 510 1 0 1.000000
-2.697100 -2.228440 0 -28.809800 2.843380 212.484000 1492.580000 -13 511 1 0 1.000000
-5.087300 1.282340 0 4.762850 -3.080130 191.721000 1492.540000 -13 512 1 0 1.000000
-3.285090 7.232910 0 -6.605100 10.768100 209.082000 1492.530000 -13 513 1 0 1.000000
-2.833400 -6.330310 0 -4.320050 14.582900 214.775000 1492.640000 -13 514 1 0 1.000000
-7.783140 -4.946680 0 23.690000 -15.006300 209.412000 1492.520000 -13 515 1 0 1.000000
-7.830830 -3.293880 0 -3.701550 12.306000 214.716000 1492.480000 -13 516 1 0 1.000000
-2.002210 -0.850460 0 -10.769400 -2.822390 196.162000 1492.480000 -13 517 1 0 1.000000
-4.655400 1.064940 0 -22.864000 -28.325000 217.191000 1492.620000 -13 518 1 0 1.000000
-1.563870 -0.462370 0 8.327760 2.603370 202.367000 1492.510000 -13 519 1 0 1.000000
-3.626170 2.669600 0 -10.224000 -30.639700 204.158000 1492.630000 -13 520 1 0 1.000000
-2.089100 -3.508210 0 -25.605100 6.973300 207.930000 1492.700000 -13 521 1 0 1.000000
1.156440 -0.231618 0 1.531460 3.603820 208.123000 1492.630000 -13 522 1 0 1.000000
-0.939000 -4.196460 0 -2.988630 20.725200 193.900000 1492.590000 -13 523 1 0 1.000000
1.036410 -1.713720 0 -0.310065 10.805500 205.985000 1492.630000 -13 524 1 0 1.000000
1.597930 -2.238040 0 -12.256800 -18.298800 206.612000 1492.620000 -13 525 1 0 1.000000
-0.520593 -3.395800 0 7.644250 -10.035900 189.661000 1492.570000 -13 526 1 0 1.000000
-2.264730 -0.040245 0 -0.380925 5.411990 201.449000 1492.550000 -13 527 1 0 1.000000
-3.293970 -6.661400 0 -18.965100 9.126690 206.671000 1492.690000 -13 528 1 0 1.000000
1.337550 -2.629460 0 8.993230 -9.187650 189.131000 1492.620000 -13 529 1 0 1.000000
-1.911900 -0.653042 0 -11.203700 -3.660670 214.475000 1492.470000 -13 530 1 0 1.000000
-2.480290 -2.538710 0 16.035200 -18.057000 217.053000 1492.520000 -13 531 1 0 1.000000
1.159830 -0.465708 0 -6.129040 8.502980 202.671000 1492.660000 -13 532 1 0 1.000000
-1.778050 0.279555 0 13.414400 -1.839380 211.239000 1492.590000 -13 533 1 0 1.000000
-0.247424 -5.170310 0 -1.355630 -6.195370 192.298000 1492.520000 -13 534 1 0 1.000000
-5.638150 -3.187230 0 17.659100 -17.195100 220.022000 1492.700000 -13 535 1 0 1.000000
1.615800 -1.262280 0 10.633100 -9.424900 200.923000 1492.660000 -13 536 1 0 1.000000
-6.599800 -0.423197 0 22.168700 -11.229100 217.486000 1492.670000 -13 537 1 0 1.000000
-6.641840 -1.714260 0 -8.852290 -1.095600 212.113000 1492.610000 -13 538 1 0 1.000000
-2.153640 -0.192630 0 -3.091250 16.814900 206.116000 1492.730000 -13 539 1 0 1.000000
-6.909610 -3.049810 0 -9.323320 -13.944300 198.838000 1492.550000 -13 540 1 0 1.000000
-6.161800 -0.578978 0 -9.494590 -14.228400 211.753000 1492.680000 -13 541 1 0 1.000000
-4.084860 -2.941520 0 10.540900 -7.460850 220.251000 1492.670000 -13 542 1 0 1.000000
-0.229583 -3.516630 0 -4.592610 -2.007100 193.227000 1492.830000 -13 543 1 0 1.000000
-2.951780 -0.953459 0 40.497000 -3.144500 217.422000 1492.540000 -13 544 1 0 1.000000
-2.182320 -5.103130 0 1.709270 -11.091300 212.541000 1492.690000 -13 545 1 0 1.000000
-4.723750 -3.343000 0 5.515020 -10.722100 204.184000 1492.530000 -13 546 1 0 1.000000
4.532740 -5.167610 0 1.789140 23.791000 201.821000 1492.750000 -13 547 1 0 1.000000
0.479640 5.450020 0 -8.781150 -33.850400 205.257000 1492.670000 -13 548 1 0 1.000000
-1.877330 -1.300120 0 3.181950 -8.860260 210.264000 1492.490000 -13 549 1 0 1.000000
-1.830730 -2.955610 0 -1.694040 6.008160 221.098000 1492.720000 -13 550 1 0 1.000000
3.086710 -2.386560 0 -2.934160 25.096600 205.583000 1492.450000 -13 551 1 0 1.000000
-2.846710 -2.622160 0 -11.155000 -3.981920 204.729000 1492.590000 -13 552 1 0 1.000000
-0.489425 0.823300 0 10.120000 20.966500 206.061000 1492.560000 -13 553 1 0 1.000000
-0.435184 -2.637110 0 11.071400 6.858630 199.422000 1492.620000 -13 554 1 0 1.000000
-4.059860 -1.733490 0 -19.471400 28.671900 215.185000 1492.570000 -13 555 1 0 1.000000
-5.024500 -3.446650 0 10.695000 9.310690 211.886000 1492.460000 -13 556 1 0 1.000000
-0.780515 0.089190 0 -5.665800 -2.995680 199.846000 1492.760000 -13 557 1 0 1.000000
-6.305560 -3.263470 0 -21.929700 -16.407000 198.444000 1492.710000 -13 558 1 0 1.000000
-1.710450 -1.122210 0 -1.654940 2.602570 211.466000 1492.510000 -13 559 1 0 1.000000
-6.313610 -4.324910 0 18.329600 12.993900 215.817000 1492.680000 -13 560 1 0 1.000000
-1.586190 -3.221210 0 7.259540 14.615900 196.795000 1492.500000 -13 561 1 0 1.000000
0.058143 -4.778500 0 8.293280 13.573000 211.028000 1492.450000 -13 562 1 0 1.000000
2.735920 1.314740 0 -4.874950 -3.370560 205.363000 1492.590000 -13 563 1 0 1.000000
0.588468 0.286452 0 4.914930 -10.833200 204.532000 1492.610000 -13 564 1 0 1.000000
1.218910 -4.243500 0 2.934410 0.703165 188.635000 1492.630000 -13 565 1 0 1.000000
-3.439370 -9.216480 0 -7.200140 4.671990 212.045000 1492.710000 -13 566 1 0 1.000000
0.310808 2.936090 0 6.728080 -2.828110 188.030000 1492.570000 -13 567 1 0 1.000000
-3.825760 -4.922820 0 2.223210 -13.267800 215.334000 1492.550000 -13 568 1 0 1.000000
-0.679638 -2.455240 0 -3.728750 5.581210 211.064000 1492.650000 -13 569 1 0 1.000000
-3.076000 -3.681880 0 2.343290 3.890890 223.110000 1492.720000 -13 570 1 0 1.000000
-6.761860 -4.115090 0 1.423250 -4.327800 195.445000 1492.630000 -13 571 1 0 1.000000
-0.110474 -1.412160 0 -20.928200 13.469600 219.602000 1492.600000 -13 572 1 0 1.000000
4.380830 1.019910 0 10.076300 19.615500 200.719000 1492.750000 -13 573 1 0 1.000000
-0.648472 -1.822650 0 1.430650 4.218500 213.287000 1492.460000 -13 574 1 0 1.000000
-0.315085 -0.569164 0 9.275230 7.833960 220.297000 1492.520000 -13 575 1 0 1.000000
-6.671710 0.618950 0 15.131800 -15.837300 200.274000 1492.430000 -13 576 1 0 1.000000
-4.198750 -5.624080 0 22.950100 -29.121400 201.835000 1492.580000 -13 577 1 0 1.000000
-2.977740 -2.098480 0 -14.220500 -3.122610 211.127000 1492.610000 -13 578 1 0 1.000000
2.767940 -0.506679 0 -2.167700 -8.813340 198.305000 1492.520000 -13 579 1 0 1.000000
5.495420 -3.482170 0 -5.985850 -0.953537 198.503000 1492.580000 -13 580 1 0 1.000000
-3.780340 0.494391 0 -13.560800 11.612800 209.419000 1492.520000 -13 581 1 0 1.000000
-1.978630 0.258956 0 9.391180 -29.475400 198.994000 1492.560000 -13 582 1 0 1.000000
2.277410 0.354186 0 3.863300 13.526000 203.728000 1492.660000 -13 583 1 0 1.000000
1.211970 -2.891720 0 -18.491300 -14.930100 221.541000 1492.720000 -13 584 1 0 1.000000
-3.910200 -5.991800 0 9.771420 7.394420 209.425000 1492.760000 -13 585 1 0 1.000000
0.995203 -2.409950 0 3.338500 -11.934600 221.079000 1492.550000 -13 586 1 0 1.000000
-0.398929 1.492500 0 16.327600 7.184430 213.236000 1492.490000 -13 587 1 0 1.000000
-1.092760 -5.471960 0 4.198670 7.461040 208.336000 1492.660000 -13 588 1 0 1.000000
-2.309160 -0.947363 0 -18.268400 -12.809900 214.690000 1492.710000 -13 589 1 0 1.000000
-3.078830 -2.014580 0 3.388230 1.451350 204.119000 1492.610000 -13 590 1 0 1.000000
4.670450 -0.312365 0 -9.062320 13.379100 204.637000 1492.560000 -13 591 1 0 1.000000
-4.999050 -0.484089 0 0.348317 -14.415500 217.879000 1492.640000 -13 592 1 0 1.000000
-2.288870 -3.230310 0 -1.709910 4.192260 200.101000 1492.560000 -13 593 1 0 1.000000
-2.009130 -0.797193 0 -4.396390 -11.423900 221.790000 1492.580000 -13 594 1 0 1.000000
-0.670854 -2.182570 0 0.900146 0.778398 220.237000 1492.700000 -13 595 1 0 1.000000
-0.046865 -1.229570 0 5.533440 7.229990 227.339000 1492.670000 -13 596 1 0 1.000000
-4.075930 -3.778130 0 -11.151700 9.075940 224.928000 1492.680000 -13 597 1 0 1.000000
2.087940 -1.065620 0 -8.296760 -3.291110 196.833000 1492.720000 -13 598 1 0 1.000000
-2.333550 3.435780 0 1.233780 -3.663380 198.816000 1492.590000 -13 599 1 0 1.000000
-3.167900 -2.510360 0 -4.696150 1.288210 210.552000 1492.460000 -13 600 1 0 1.000000
-4.926830 -4.609160 0 -2.123180 -21.081900 205.404000 1492.610000 -13 601 1 0 1.000000
-1.611950 -4.233980 0 -2.301020 7.502490 207.030000 1492.640000 -13 602 1 0 1.000000
-6.878250 -1.595980 0 -4.800150 22.777000 203.791000 1492.620000 -13 603 1 0 1.000000
-2.364620 2.306540 0 16.851500 21.220600 201.954000 1492.570000 -13 604 1 0 1.000000
-1.431880 -2.805910 0 -10.671100 25.310100 217.177000 1492.700000 -13 605 1 0 1.000000
-1.550250 -1.673160 0 23.910200 -0.952429 213.172000 1492.470000 -13 606 1 0 1.000000
-2.539300 -6.621690 0 10.339200 -3.227400 200.960000 1492.690000 -13 607 1 0 1.000000
-1.392870 -4.645080 0 1.818680 8.204050 205.545000 1492.640000 -13 608 1 0 1.000000
-5.272630 -3.209460 0 -12.868100 -17.468500 222.647000 1492.680000 -13 609 1 0 1.000000
1.820930 -0.825647 0 13.166800 -17.696000 214.842000 1492.710000 -13 610 1 0 1.000000
4.224680 -0.446033 0 -1.034270 19.071400 211.807000 1492.580000 -13 611 1 0 1.000000
-0.562521 3.816920 0 0.095039 3.649430 197.926000 1492.520000 -13 612 1 0 1.000000
-3.065400 -3.160610 0 5.011060 -19.018600 205.284000 1492.590000 -13 613 1 0 1.000000
-2.855700 -0.906085 0 -16.054100 -18.957200 216.751000 1492.590000 -13 614 1 0 1.000000
-4.689700 -1.483980 0 8.464490 -13.522000 210.809000 1492.420000 -13 615 1 0 1.000000
-2.910580 -1.147720 0 -1.449520 -7.595800 208.385000 1492.820000 -13 616 1 0 1.000000
-1.316130 -2.034710 0 14.473400 -7.130340 205.758000 1492.560000 -13 617 1 0 1.000000
-1.357880 0.406297 0 5.709780 7.711290 193.934000 1492.580000 -13 618 1 0 1.000000
-3.048940 -1.028110 0 26.418600 -12.927800 220.462000 1492.530000 -13 619 1 0 1.000000
-2.513710 -1.502980 0 0.683575 -6.021260 194.171000 1492.690000 -13 620 1 0 1.000000
-7.247610 -4.116760 0 1.174390 -4.372950 193.531000 1492.730000 -13 621 1 0 1.000000
-2.332270 -0.736544 0 -4.487400 -3.678380 199.341000 1492.650000 -13 622 1 0 1.000000
-4.640550 -7.476420 0 4.727930 -7.745700 215.620000 1492.650000 -13 623 1 0 1.000000
5.139890 -1.039420 0 -7.450890 -8.297960 199.381000 1492.730000 -13 624 1 0 1.000000
-0.899145 -2.819100 0 17.582100 1.192300 204.211000 1492.620000 -13 625 1 0 1.000000
-7.498690 -1.275530 0 20.709900 19.691500 207.321000 1492.760000 -13 626 1 0 1.000000
-4.941090 -5.484450 0 -1.571730 6.063490 208.189000 1492.570000 -13 627 1 0 1.000000
0.425673 -4.488350 0 9.424220 4.417540 189.765000 1492.570000 -13 628 1 0 1.000000
1.590740 -6.160150 0 -12.467900 -34.426200 207.053000 1492.620000 -13 629 1 0 1.000000
-0.703105 -0.528104 0 2.565830 7.950090 192.274000 1492.740000 -13 630 1 0 1.000000
-0.239059 -0.704282 0 1.389550 2.377670 191.003000 1492.660000 -13 631 1 0 1.000000
8.497780 0.248838 0 -7.894280 25.720800 203.330000 1492.710000 -13 632 1 0 1.000000
-3.520290 -3.973580 0 19.833900 -2.659130 227.367000 1492.500000 -13 633 1 0 1.000000
-3.660950 0.360644 0 -5.624990 -2.159700 215.443000 1492.490000 -13 634 1 0 1.000000
-4.762730 -2.566530 0 -14.690700 -6.868030 217.797000 1492.540000 -13 635 1 0 1.000000
-4.515590 -7.078710 0 14.616200 -8.218510 208.942000 1492.620000 -13 636 1 0 1.000000
1.375960 -6.483280 0 25.248100 -15.340400 203.052000 1492.580000 -13 637 1 0 1.000000
-6.800350 -2.106900 0 -10.620400 -12.334600 198.680000 1492.520000 -13 638 1 0 1.000000
1.158210 -4.323810 0 30.809400 34.307800 217.259000 1492.590000 -13 639 1 0 1.000000
-0.046242 -6.141690 0 -13.519400 19.331200 216.424000 1492.520000 -13 640 1 0 1.000000
-4.945650 -3.670290 0 6.268130 -6.407050 212.080000 1492.720000 -13 641 1 0 1.000000
0.332654 2.534430 0 -0.869980 -15.233000 194.698000 1492.600000 -13 642 1 0 1.000000
-4.137000 -2.229880 0 -5.070310 2.101600 213.353000 1492.620000 -13 643 1 0 1.000000
-3.353390 -4.240990 0 8.791340 5.824630 206.253000 1492.720000 -13 644 1 0 1.000000
-4.522620 -5.706490 0 0.051012 -4.138370 207.988000 1492.540000 -13 645 1 0 1.000000
-2.838250 -7.847500 0 21.720600 5.527300 208.290000 1492.640000 -13 646 1 0 1.000000
0.085393 2.921700 0 -21.862500 -4.337650 222.706000 1492.690000 -13 647 1 0 1.000000
-3.178050 0.256062 0 -7.107270 -13.190200 213.375000 1492.710000 -13 648 1 0 1.000000
-4.867720 -0.913409 0 -3.154810 -30.721300 211.501000 1492.470000 -13 649 1 0 1.000000
-3.183520 -10.272300 0 9.438100 22.362100 205.671000 1492.560000 -13 650 1 0 1.000000
-1.234650 -3.089050 0 1.587540 -13.407100 209.525000 1492.620000 -13 651 1 0 1.000000
-2.078960 -2.452300 0 -1.846350 4.132590 211.503000 1492.490000 -13 652 1 0 1.000000
-1.102840 -2.423420 0 -0.009910 15.554700 221.929000 1492.590000 -13 653 1 0 1.000000
-8.095500 -6.779260 0 -0.023070 -4.006080 209.525000 1492.530000 -13 654 1 0 1.000000
-2.033010 0.009579 0 -17.785000 9.578720 218.260000 1492.550000 -13 655 1 0 1.000000
-1.833170 -1.113430 0 -16.212600 7.102820 221.205000 1492.660000 -13 656 1 0 1.000000
0.631346 -5.674250 0 25.765000 -9.133500 224.879000 1492.660000 -13 657 1 0 1.000000
-0.752986 1.799760 0 6.926870 -5.671280 190.308000 1492.590000 -13 658 1 0 1.000000
-2.003530 0.263464 0 -8.984610 7.080360 206.819000 1492.610000 -13 659 1 0 1.000000
-1.488260 -2.046270 0 15.983400 5.902700 199.524000 1492.520000 -13 660 1 0 1.000000
-2.851460 -2.934540 0 -4.917470 -14.481400 190.434000 1492.700000 -13 661 1 0 1.000000
2.596110 -1.500750 0 -7.595940 -9.244280 188.897000 1492.550000 -13 662 1 0 1.000000
-1.298170 4.390510 0 -23.119300 -5.076460 220.348000 1492.730000 -13 663 1 0 1.000000
-0.304460 -3.200540 0 9.832020 7.551730 201.505000 1492.480000 -13 664 1 0 1.000000
-2.167870 -4.086230 0 -19.599400 -14.332100 183.488000 1492.650000 -13 665 1 0 1.000000
-1.022230 -3.313300 0 -12.923500 10.485600 207.038000 1492.650000 -13 666 1 0 1.000000
-4.315980 -6.150610 0 -12.986900 6.584390 210.379000 1492.510000 -13 667 1 0 1.000000
-7.870320 -5.063210 0 3.940370 -14.826600 213.917000 1492.640000 -13 668 1 0 1.000000
-5.988330 7.153150 0 -12.060200 15.983500 218.466000 1492.540000 -13 669 1 0 1.000000
-2.649200 -4.230900 0 -34.361100 24.021400 226.684000 1492.500000 -13 670 1 0 1.000000
-1.867580 -2.778710 0 10.182800 29.839200 219.305000 1492.580000 -13 671 1 0 1.000000
-5.704820 -3.671380 0 -5.797630 2.107620 214.213000 1492.580000 -13 672 1 0 1.000000
4.024220 2.166820 0 -9.097810 -8.216990 207.235000 1492.580000 -13 673 1 0 1.000000
-7.180030 -5.995380 0 10.770800 -3.498110 217.034000 1492.570000 -13 674 1 0 1.000000
-1.296700 0.444585 0 -3.153430 -3.238030 179.651000 1492.570000 -13 675 1 0 1.000000
-3.710630 -2.024170 0 4.346760 -14.363900 206.731000 1492.570000 -13 676 1 0 1.000000
-0.622891 -4.418630 0 17.379400 -13.259000 213.874000 1492.530000 -13 677 1 0 1.000000
-3.475540 4.798800 0 -27.121700 -8.201570 222.319000 1492.700000 -13 678 1 0 1.000000
6.796780 -8.586470 0 -4.961680 -9.585850 205.879000 1492.580000 -13 679 1 0 1.000000
-6.698760 2.535400 0 -2.063310 -6.861400 205.167000 1492.680000 -13 680 1 0 1.000000
-0.482456 -3.147850 0 -14.500200 0.575967 203.204000 1492.520000 -13 681 1 0 1.000000
-1.393440 -3.702360 0 4.728340 -20.163600 193.493000 1492.540000 -13 682 1 0 1.000000
1.075500 0.195969 0 2.550840 -9.539890 207.439000 1492.450000 -13 683 1 0 1.000000
-3.902870 -4.668400 0 10.417900 -13.912000 201.626000 1492.560000 -13 684 1 0 1.000000
-5.007160 -0.813388 0 -9.436560 -2.271520 197.693000 1492.640000 -13 685 1 0 1.000000
1.317900 -8.064550 0 12.909500 -1.139230 214.236000 1492.830000 -13 686 1 0 1.000000
-1.541440 -1.290260 0 5.940350 8.691180 209.215000 1492.610000 -13 687 1 0 1.000000
-2.788470 -4.077780 0 9.326060 -2.775370 204.111000 1492.530000 -13 688 1 0 1.000000
0.254667 -0.231910 0 6.957610 -14.654700 205.212000 1492.630000 -13 689 1 0 1.000000
-9.065300 -0.330145 0 -0.923041 -10.108200 207.642000 1492.760000 -13 690 1 0 1.000000
0.702347 2.741420 0 3.045840 -2.305780 205.729000 1492.540000 -13 691 1 0 1.000000
-3.567750 -1.289220 0 -11.498200 7.713850 203.960000 1492.660000 -13 692 1 0 1.000000
-3.558580 -5.789840 0 6.449350 -11.301400 182.592000 1492.560000 -13 693 1 0 1.000000
-2.761830 -7.230200 0 9.629200 -8.270030 210.284000 1492.600000 -13 694 1 0 1.000000
-5.948320 -0.171834 0 10.988300 17.822500 217.675000 1492.670000 -13 695 1 0 1.000000
0.117231 -0.454963 0 -19.904300 -24.713200 215.197000 1492.700000 -13 696 1 0 1.000000
-6.898480 -3.805100 0 -24.133800 -31.701000 220.591000 1492.700000 -13 697 1 0 1.000000
-4.064940 -6.047380 0 -3.788470 4.540830 201.196000 1492.440000 -13 698 1 0 1.000000
-0.870060 -4.496900 0 6.652460 -9.489400 199.594000 1492.560000 -13 699 1 0 1.000000
2.634270 -6.913970 0 24.286600 7.974470 211.711000 1492.560000 -13 700 1 0 1.000000
-1.002190 -5.751100 0 15.332400 1.163900 191.030000 1492.610000 -13 701 1 0 1.000000
1.417870 -6.051130 0 -9.118180 8.068350 203.698000 1492.540000 -13 702 1 0 1.000000
-3.947690 -2.101590 0 10.695700 -22.830900 187.945000 1492.540000 -13 703 1 0 1.000000
-3.393640 -3.552130 0 17.503400 1.299020 207.048000 1492.580000 -13 704 1 0 1.000000
-3.898400 0.688036 0 2.351920 -3.144350 215.621000 1492.500000 -13 705 1 0 1.000000
-0.835112 1.138520 0 -5.651870 -7.624570 208.434000 1492.760000 -13 706 1 0 1.000000
-5.229590 -0.607918 0 -15.498600 -13.429800 226.623000 1492.630000 -13 707 1 0 1.000000
-3.205700 -1.808060 0 2.307370 7.558590 212.679000 1492.710000 -13 708 1 0 1.000000
-6.873600 0.247946 0 10.707500 18.966100 192.074000 1492.560000 -13 709 1 0 1.000000
-3.779350 1.802360 0 21.337800 5.906960 195.669000 1492.610000 -13 710 1 0 1.000000
-0.975153 -2.715410 0 13.462100 22.023000 202.536000 1492.580000 -13 711 1 0 1.000000
1.787640 2.468230 0 -2.260250 -18.170300 190.727000 1492.530000 -13 712 1 0 1.000000
-5.390760 -4.953330 0 0.877167 -5.092700 201.378000 1492.540000 -13 713 1 0 1.000000
-5.413670 5.375550 0 11.413100 2.185360 202.898000 1492.760000 -13 714 1 0 1.000000
-1.818830 -6.788450 0 20.663300 -10.356300 216.448000 1492.700000 -13 715 1 0 1.000000
1.450040 -5.811670 0 3.593640 0.200881 208.165000 1492.440000 -13 716 1 0 1.000000
-0.174719 -5.417110 0 11.495500 -10.123900 212.022000 1492.470000 -13 717 1 0 1.000000
-5.047640 -3.566100 0 10.865500 -14.253000 197.080000 1492.580000 -13 718 1 0 1.000000
0.564961 1.883050 0 4.039740 14.621300 195.960000 1492.470000 -13 719 1 0 1.000000
-2.543620 -0.871690 0 5.037230 -7.108740 205.560000 1492.620000 -13 720 1 0 1.000000
-1.005880 -1.702780 0 5.603310 0.664874 212.137000 1492.500000 -13 721 1 0 1.000000
-0.616813 -5.019910 0 -0.946186 -5.961390 206.974000 1492.740000 -13 722 1 0 1.000000
-3.596970 -5.199430 0 9.377920 22.107100 196.245000 1492.600000 -13 723 1 0 1.000000
4.366700 0.988986 0 -0.438548 14.048200 194.158000 1492.570000 -13 724 1 0 1.000000
1.390460 -2.541430 0 1.239640 -13.945300 221.382000 1492.630000 -13 725 1 0 1.000000
-3.219090 -3.810620 0 -0.385340 3.626960 197.792000 1492.630000 -13 726 1 0 1.000000
-1.810060 4.365760 0 -7.867740 1.362920 214.005000 1492.640000 -13 727 1 0 1.000000
1.662240 -3.117750 0 3.747180 -7.681290 201.782000 1492.500000 -13 728 1 0 1.000000
0.098438 -3.084430 0 11.008400 12.258400 198.681000 1492.600000 -13 729 1 0 1.000000
-2.850840 -0.550266 0 26.420300 -0.134658 190.769000 1492.600000 -13 730 1 0 1.000000
-1.191750 -3.317060 0 -16.332500 -8.671750 208.396000 1492.610000 -13 731 1 0 1.000000
-1.229740 -3.799860 0 5.973080 -10.200100 212.663000 1492.720000 -13 732 1 0 1.000000
-0.914451 1.307340 0 -18.005100 -0.454264 202.096000 1492.530000 -13 733 1 0 1.000000
-4.194500 -2.596890 0 14.192500 -22.787800 209.886000 1492.730000 -13 734 1 0 1.000000
0.069031 -4.164460 0 -15.952800 9.182200 224.326000 1492.620000 -13 735 1 0 1.000000
-1.454710 -4.703440 0 -6.175140 28.747800 205.732000 1492.530000 -13 736 1 0 1.000000
-3.526550 -1.561700 0 2.823280 2.401800 218.732000 1492.580000 -13 737 1 0 1.000000
-2.379030 -4.712740 0 -18.871200 -17.229000 217.402000 1492.620000 -13 738 1 0 1.000000
-3.715360 -2.245220 0 -3.994440 -4.996500 219.808000 1492.460000 -13 739 1 0 1.000000
-4.227920 -3.096050 0 1.872790 9.406480 191.797000 1492.710000 -13 740 1 0 1.000000
-1.088650 1.529700 0 0.288352 -9.992240 208.548000 1492.660000 -13 741 1 0 1.000000
-2.396860 -2.002560 0 -0.884607 10.951000 218.979000 1492.560000 -13 742 1 0 1.000000
-4.899890 -2.767850 0 -3.221350 -11.168900 213.435000 1492.590000 -13 743 1 0 1.000000
-0.712279 -2.936880 0 -1.962600 15.177100 211.281000 1492.690000 -13 744 1 0 1.000000
-3.099470 0.946038 0 5.113260 15.326200 217.353000 1492.740000 -13 745 1 0 1.000000
-5.065510 -3.273330 0 2.589520 5.809640 197.899000 1492.490000 -13 746 1 0 1.000000
-4.972430 -0.060818 0 6.299510 -0.347234 189.256000 1492.670000 -13 747 1 0 1.000000
-2.396320 -2.302160 0 9.552750 8.834320 196.161000 1492.480000 -13 748 1 0 1.000000
-9.529580 -3.333120 0 19.909400 -22.015900 223.458000 1492.630000 -13 749 1 0 1.000000
-5.976050 -3.298170 0 -6.613080 -7.808870 211.587000 1492.600000 -13 750 1 0 1.000000
-6.543940 -0.349774 0 10.774800 -11.709300 217.917000 1492.560000 -13 751 1 0 1.000000
1.185610 1.593920 0 -17.224400 19.898900 201.543000 1492.710000 -13 752 1 0 1.000000
-3.156850 -2.678210 0 -0.316269 3.204280 213.912000 1492.720000 -13 753 1 0 1.000000
2.887580 -4.821650 0 7.223690 -15.216100 191.441000 1492.630000 -13 754 1 0 1.000000
0.883476 -2.281580 0 -8.035900 -25.099700 216.291000 1492.530000 -13 755 1 0 1.000000
-5.106960 -11.232400 0 7.196080 -9.040750 208.894000 1492.650000 -13 756 1 0 1.000000
-1.273810 -0.084890 0 -13.103500 -21.612000 225.995000 1492.610000 -13 757 1 0 1.000000
-5.410660 -1.437820 0 8.134740 -5.297850 202.128000 1492.680000 -13 758 1 0 1.000000
0.279561 1.720440 0 -25.578500 -14.892100 217.095000 1492.470000 -13 759 1 0 1.000000
-5.634200 4.064630 0 0.772395 4.880930 210.961000 1492.580000 -13 760 1 0 1.000000
-7.404570 -6.293960 0 2.826970 -1.859650 201.741000 1492.650000 -13 761 1 0 1.000000
-4.598910 -5.030760 0 12.183300 -1.448550 206.092000 1492.600000 -13 762 1 0 1.000000
-4.144180 -3.658980 0 7.456310 -8.423870 211.382000 1492.580000 -13 763 1 0 1.000000
1.767920 -3.744730 0 2.892540 10.943200 195.728000 1492.680000 -13 764 1 0 1.000000
2.461240 -3.597980 0 -12.800800 -14.982700 186.569000 1492.660000 -13 765 1 0 1.000000
1.831030 -6.021970 0 8.601420 -22.153100 190.448000 1492.550000 -13 766 1 0 1.000000
2.599480 -1.538530 0 42.712500 31.938000 210.076000 1492.670000 -13 767 1 0 1.000000
2.975290 -3.122100 0 -20.280600 15.691800 231.939000 1492.680000 -13 768 1 0 1.000000
-0.450051 -1.467190 0 -26.035400 -8.220000 192.606000 1492.620000 -13 769 1 0 1.000000
-1.619430 -4.257610 0 12.661700 -12.075900 202.225000 1492.590000 -13 770 1 0 1.000000
-1.450540 -4.729170 0 -5.234660 9.827800 218.157000 1492.610000 -13 771 1 0 1.000000
-1.677620 -4.327240 0 -2.029000 8.979180 211.607000 1492.710000 -13 772 1 0 1.000000
-4.937090 -2.060050 0 9.121260 7.144820 208.056000 1492.560000 -13 773 1 0 1.000000
-4.371420 3.977880 0 9.967270 12.149500 200.034000 1492.680000 -13 774 1 0 1.000000
0.922937 6.829840 0 -9.718050 -5.238230 212.272000 1492.520000 -13 775 1 0 1.000000
-2.968020 -4.757710 0 17.833300 5.765740 209.406000 1492.600000 -13 776 1 0 1.000000
-3.005860 -1.188470 0 -1.099440 37.912000 225.316000 1492.590000 -13 777 1 0 1.000000
-7.052090 -1.472060 0 -4.380030 0.836371 209.527000 1492.500000 -13 778 1 0 1.000000
-2.107150 0.730957 0 -15.907100 -11.308200 199.941000 1492.550000 -13 779 1 0 1.000000
-2.092730 -7.184700 0 -5.569540 -1.668700 213.011000 1492.530000 -13 780 1 0 1.000000
1.254240 -6.297180 0 19.535400 7.286220 218.344000 1492.670000 -13 781 1 0 1.000000
-10.072500 -6.718400 0 -1.000160 -2.762350 202.844000 1492.540000 -13 782 1 0 1.000000
-4.637480 -1.383270 0 -14.264200 20.024800 211.489000 1492.700000 -13 783 1 0 1.000000
2.574630 2.571950 0 -23.480600 13.129700 228.009000 1492.600000 -13 784 1 0 1.000000
-7.639610 -0.492329 0 2.041800 -11.930100 221.831000 1492.630000 -13 785 1 0 1.000000
-4.849790 1.210970 0 -1.563200 15.215700 210.297000 1492.530000 -13 786 1 0 1.000000
0.300292 -5.807980 0 -15.059200 29.861100 218.488000 1492.750000 -13 787 1 0 1.000000
-0.689568 -6.137700 0 -1.785530 4.349240 191.692000 1492.770000 -13 788 1 0 1.000000
-6.057850 -2.465810 0 -6.171310 14.944200 199.295000 1492.470000 -13 789 1 0 1.000000
-6.098240 -5.299220 0 -2.363120 9.316560 208.195000 1492.500000 -13 790 1 0 1.000000
-5.017360 -5.123930 0 -12.449000 24.360100 212.760000 1492.730000 -13 791 1 0 1.000000
-3.300940 -3.371190 0 17.948900 -2.265720 211.668000 1492.700000 -13 792 1 0 1.000000
-2.708520 -1.899470 0 20.484200 12.035100 208.546000 1492.610000 -13 793 1 0 1.000000
-3.968580 -8.345090 0 -8.694970 -24.259200 203.883000 1492.520000 -13 794 1 0 1.000000
0.205429 3.246400 0 -16.580700 -0.383777 209.680000 1492.560000 -13 795 1 0 1.000000
-1.683680 -6.236690 0 -11.257800 20.558800 204.316000 1492.560000 -13 796 1 0 1.000000
-1.158160 -0.972850 0 -1.331240 8.898640 189.855000 1492.500000 -13 797 1 0 1.000000
5.093630 2.943500 0 -15.325200 -11.677900 207.014000 1492.670000 -13 798 1 0 1.000000
3.258840 -0.050391 0 -11.040200 -15.407500 210.957000 1492.640000 -13 799 1 0 1.000000
-6.399930 -6.535540 0 -0.052807 -3.740810 197.980000 1492.580000 -13 800 1 0 1.000000
-3.216160 0.481993 0 9.551750 3.565790 201.770000 1492.640000 -13 801 1 0 1.000000
0.772282 -3.757560 0 -4.501800 -5.408810 211.089000 1492.470000 -13 802 1 0 1.000000
-5.889820 -0.932321 0 -10.221300 -19.355900 220.034000 1492.690000 -13 803 1 0 1.000000
-0.069930 1.063670 0 10.542300 -13.975300 193.881000 1492.580000 -13 804 1 0 1.000000
-2.880960 0.076077 0 -5.753460 -1.106210 223.789000 1492.630000 -13 805 1 0 1.000000
-2.260370 -3.823110 0 -24.545000 13.535800 210.292000 1492.540000 -13 806 1 0 1.000000
-0.710346 -4.727850 0 9.535730 3.811740 201.975000 1492.630000 -13 807 1 0 1.000000
-0.631087 -7.892480 0 -5.218740 -4.703010 204.186000 1492.530000 -13 808 1 0 1.000000
0.869320 -4.284680 0 11.205900 3.666620 199.213000 1492.660000 -13 809 1 0 1.000000
-3.526090 -1.226220 0 2.502170 -5.738840 200.528000 1492.750000 -13 810 1 0 1.000000
-7.888110 -5.471260 0 -1.116340 24.485200 217.953000 1492.630000 -13 811 1 0 1.000000
-5.948940 -1.366430 0 -11.440600 -8.995720 217.404000 1492.550000 -13 812 1 0 1.000000
-3.296720 -0.665392 0 15.370500 -1.570300 191.776000 1492.650000 -13 813 1 0 1.000000
-1.432910 -1.532440 0 -10.696100 3.234530 210.888000 1492.450000 -13 814 1 0 1.000000
1.396120 -4.905380 0 5.711930 19.471200 201.541000 1492.620000 -13 815 1 0 1.000000
1.397080 -5.829330 0 -18.512600 -7.047730 213.999000 1492.490000 -13 816 1 0 1.000000
0.511082 -4.465660 0 -3.125770 -5.536430 203.600000 1492.520000 -13 817 1 0 1.000000
5.367970 -3.983720 0 -14.347000 -4.119630 213.129000 1492.520000 -13 818 1 0 1.000000
-1.625700 1.493920 0 14.914000 14.746100 203.430000 1492.660000 -13 819 1 0 1.000000
-4.092480 -4.100720 0 -13.726700 1.863820 209.204000 1492.660000 -13 820 1 0 1.000000
-1.666540 -0.386662 0 -13.505800 28.379700 205.185000 1492.750000 -13 821 1 0 1.000000
-6.750470 -1.978060 0 16.353500 -1.291510 213.370000 1492.630000 -13 822 1 0 1.000000
-0.302077 -0.583748 0 18.270800 0.473320 186.961000 1492.640000 -13 823 1 0 1.000000
-2.917640 -0.188285 0 -4.054430 -9.680370 207.224000 1492.600000 -13 824 1 0 1.000000
2.882060 -1.919110 0 -15.681800 -10.098600 219.696000 1492.650000 -13 825 1 0 1.000000
-0.641477 -5.330930 0 3.008820 -12.441600 206.523000 1492.580000 -13 826 1 0 1.000000
-1.843970 1.120050 0 11.023900 6.332700 201.236000 1492.580000 -13 827 1 0 1.000000
-2.971460 -2.018740 0 -12.954100 3.010060 208.512000 1492.620000 -13 828 1 0 1.000000
-4.851150 -2.056170 0 13.122000 7.918600 194.755000 1492.560000 -13 829 1 0 1.000000
-1.872130 -3.887510 0 -11.468300 3.125300 222.472000 1492.690000 -13 830 1 0 1.000000
-2.243460 -1.742510 0 -8.866960 -15.377800 209.148000 1492.480000 -13 831 1 0 1.000000
3.982830 2.935630 0 -6.231240 0.799607 208.161000 1492.670000 -13 832 1 0 1.000000
