#BLTrackFile solenoid_cooling_channel
#x y z Px Py Pz t PDGid EvNum TrkId Parent weight
-1.241960 -1.714080 0 0.000000 0.000000 199.000000 1639.900000 -13 1 1 0 1.000000
-0.051168 -0.450674 0 -7.272810 -4.624960 202.220000 1639.920000 -13 2 1 0 1.000000
1.423220 -2.092970 0 -2.279840 10.951200 194.705000 1639.980000 -13 3 1 0 1.000000
-4.764550 1.128730 0 -7.877920 -31.660200 202.736000 1640.040000 -13 4 1 0 1.000000
-1.972970 -3.600950 0 1.219860 1.248820 201.626000 1639.900000 -13 5 1 0 1.000000
-4.525310 -3.736310 0 10.731900 9.653890 201.124000 1640.070000 -13 6 1 0 1.000000
0.586233 1.612540 0 -4.332130 -8.035590 207.807000 1639.940000 -13 7 1 0 1.000000
-2.931220 -2.263580 0 -4.092720 2.759720 194.005000 1639.990000 -13 8 1 0 1.000000
-4.174420 -3.119470 0 16.501000 6.803000 193.127000 1639.830000 -13 9 1 0 1.000000
-0.206532 0.887163 0 7.669350 11.770200 204.772000 1640.020000 -13 10 1 0 1.000000
-0.810730 -6.802580 0 -0.591414 -24.682800 210.577000 1639.710000 -13 11 1 0 1.000000
-5.201430 -3.070740 0 11.660900 5.404350 189.704000 1640.000000 -13 12 1 0 1.000000
-5.397590 -1.990600 0 6.529990 -1.605540 206.449000 1639.950000 -13 13 1 0 1.000000
-0.148779 3.473080 0 -21.640000 26.572500 209.184000 1640.030000 -13 14 1 0 1.000000
-2.134280 -0.688668 0 2.964150 4.848200 190.263000 1639.780000 -13 15 1 0 1.000000
0.609646 -3.051050 0 -3.028810 -13.258600 199.587000 1639.980000 -13 16 1 0 1.000000
-1.134510 -0.922242 0 -14.865500 -10.216300 192.766000 1639.930000 -13 17 1 0 1.000000
-6.762350 -2.072830 0 -25.014800 -2.469920 215.641000 1639.910000 -13 18 1 0 1.000000
-2.490600 0.329293 0 3.589340 24.366900 189.548000 1639.970000 -13 19 1 0 1.000000
5.344910 -3.004310 0 4.063250 12.845900 198.405000 1639.980000 -13 20 1 0 1.000000
0.485655 -0.806427 0 -20.317100 -16.955800 186.968000 1640.010000 -13 21 1 0 1.000000
-2.990940 -1.593590 0 11.128200 -18.587300 184.391000 1639.770000 -13 22 1 0 1.000000
4.348510 -0.668710 0 9.899170 -0.746342 195.193000 1639.910000 -13 23 1 0 1.000000
-1.400830 -2.511010 0 11.988000 15.113300 201.925000 1639.930000 -13 24 1 0 1.000000
-2.182120 -0.616885 0 38.426700 2.534050 194.111000 1639.830000 -13 25 1 0 1.000000
-1.282960 -3.316220 0 14.110400 13.685100 192.780000 1640.020000 -13 26 1 0 1.000000
1.257850 1.608600 0 0.764918 -9.429030 190.992000 1639.960000 -13 27 1 0 1.000000
-1.312660 0.411589 0 -17.550400 -0.435949 201.790000 1639.880000 -13 28 1 0 1.000000
-2.067440 -1.321050 0 24.480300 -11.640800 191.782000 1639.910000 -13 29 1 0 1.000000
-0.273471 0.944952 0 2.930940 1.643650 194.217000 1639.700000 -13 30 1 0 1.000000
-3.215020 -0.175174 0 17.938900 15.277900 206.263000 1639.870000 -13 31 1 0 1.000000
1.460340 -2.694300 0 -12.254700 -19.726400 184.403000 1639.980000 -13 32 1 0 1.000000
0.684174 -1.838590 0 -9.945690 -16.155900 194.202000 1639.990000 -13 33 1 0 1.000000
-0.996914 -6.166540 0 22.732200 -2.067120 201.669000 1639.920000 -13 34 1 0 1.000000
1.858110 -5.260120 0 22.283600 -5.664280 194.429000 1639.900000 -13 35 1 0 1.000000
-1.854340 2.866280 0 -10.394800 -7.034220 199.376000 1639.870000 -13 36 1 0 1.000000
-2.115800 -4.180170 0 4.479390 1.837480 189.787000 1639.970000 -13 37 1 0 1.000000
-4.692450 -5.765920 0 -9.075530 -16.399800 207.767000 1639.880000 -13 38 1 0 1.000000
-0.975938 -2.043720 0 -0.182580 -4.671320 194.640000 1639.780000 -13 39 1 0 1.000000
-0.709509 1.883600 0 -9.151250 8.138520 195.090000 1639.940000 -13 40 1 0 1.000000
0.815028 -0.570669 0 7.695900 -3.763650 202.599000 1639.970000 -13 41 1 0 1.000000
-2.199590 -1.705040 0 -0.181319 12.756400 202.193000 1639.990000 -13 42 1 0 1.000000
-3.941920 -1.344580 0 -35.597400 -14.349900 206.932000 1639.940000 -13 43 1 0 1.000000
-0.982637 -4.601380 0 19.189200 22.349900 198.653000 1639.970000 -13 44 1 0 1.000000
-1.156890 -2.483340 0 10.247200 8.093140 202.939000 1639.820000 -13 45 1 0 1.000000
0.131937 -6.170120 0 5.702470 -2.968620 205.067000 1639.860000 -13 46 1 0 1.000000
-3.527470 -5.618980 0 -14.347200 -1.104880 202.081000 1640.020000 -13 47 1 0 1.000000
0.299297 -2.160490 0 -2.015710 15.280500 193.567000 1639.930000 -13 48 1 0 1.000000
-5.753970 -3.288270 0 14.870200 19.052700 206.346000 1639.940000 -13 49 1 0 1.000000
-1.923610 -2.465230 0 3.746420 11.994200 204.644000 1639.950000 -13 50 1 0 1.000000
-1.883560 -2.197140 0 9.597190 -1.528710 179.295000 1639.800000 -13 51 1 0 1.000000
-4.507020 -1.162100 0 -12.005000 -7.683340 210.563000 1639.990000 -13 52 1 0 1.000000
-0.803254 0.127435 0 -17.910700 -2.654380 193.152000 1639.840000 -13 53 1 0 1.000000
-0.701777 -4.649340 0 4.096210 6.559540 192.401000 1640.090000 -13 54 1 0 1.000000
0.319462 -3.095940 0 2.077780 8.593690 184.581000 1640.010000 -13 55 1 0 1.000000
-2.138270 -0.527410 0 3.494160 13.742200 203.706000 1639.980000 -13 56 1 0 1.000000
-0.915659 1.007410 0 23.448100 6.010960 213.469000 1639.970000 -13 57 1 0 1.000000
-1.977960 -3.394980 0 -0.513890 -22.677800 202.274000 1639.900000 -13 58 1 0 1.000000
-2.275430 -6.420370 0 15.054600 -1.969530 203.365000 1640.000000 -13 59 1 0 1.000000
-5.264420 1.589000 0 4.651220 15.193400 208.094000 1640.020000 -13 60 1 0 1.000000
-1.618690 -3.125650 0 0.242527 29.621300 202.010000 1639.920000 -13 61 1 0 1.000000
-4.848510 -2.714730 0 -14.564300 -11.692300 196.039000 1639.820000 -13 62 1 0 1.000000
-2.924750 -1.870330 0 -5.693820 7.403520 198.794000 1639.850000 -13 63 1 0 1.000000
2.359820 -0.781546 0 17.078500 -5.253140 187.271000 1640.000000 -13 64 1 0 1.000000
-4.320790 1.142990 0 2.644990 -1.999490 209.903000 1639.960000 -13 65 1 0 1.000000
-3.793340 -3.274640 0 -8.830030 -5.499550 204.234000 1639.990000 -13 66 1 0 1.000000
0.231581 -5.724910 0 4.804350 -9.227280 201.555000 1640.020000 -13 67 1 0 1.000000
-1.929970 -3.282830 0 -0.469171 -3.694660 184.419000 1639.820000 -13 68 1 0 1.000000
-2.627640 -1.323060 0 -8.328900 -2.324350 198.520000 1639.760000 -13 69 1 0 1.000000
-2.932810 -2.148760 0 7.798530 -21.375900 182.185000 1640.020000 -13 70 1 0 1.000000
-2.956130 -7.699380 0 19.983800 3.130950 189.182000 1640.020000 -13 71 1 0 1.000000
-2.576920 -1.413030 0 -8.857820 10.213200 202.763000 1639.980000 -13 72 1 0 1.000000
-2.547440 -1.433460 0 -7.220300 6.499380 184.835000 1639.810000 -13 73 1 0 1.000000
-0.301262 -4.928940 0 -3.923900 1.571510 203.500000 1640.020000 -13 74 1 0 1.000000
0.636350 -3.069810 0 9.366810 -9.034180 193.694000 1640.000000 -13 75 1 0 1.000000
5.208040 -2.727880 0 3.153430 2.776710 192.480000 1640.060000 -13 76 1 0 1.000000
-1.155700 -0.841746 0 -4.553800 -5.573640 207.416000 1639.970000 -13 77 1 0 1.000000
-1.050010 -2.461280 0 -11.615800 3.074110 196.154000 1639.970000 -13 78 1 0 1.000000
1.963420 2.881460 0 -17.695200 15.689600 211.947000 1639.880000 -13 79 1 0 1.000000
-0.903179 -0.138699 0 9.563900 -0.995839 196.163000 1639.870000 -13 80 1 0 1.000000
-1.525400 1.230330 0 8.883610 14.650700 199.930000 1639.910000 -13 81 1 0 1.000000
-3.028410 -0.220870 0 -6.709480 -15.699600 219.073000 1639.910000 -13 82 1 0 1.000000
-3.202750 -1.852350 0 13.218600 1.069060 209.809000 1639.860000 -13 83 1 0 1.000000
0.401746 -2.346640 0 -11.097200 3.495150 179.685000 1640.040000 -13 84 1 0 1.000000
-6.382430 -1.274560 0 -7.231580 5.242490 206.874000 1640.060000 -13 85 1 0 1.000000
-2.787520 0.055623 0 2.372650 -10.533100 200.583000 1640.080000 -13 86 1 0 1.000000
-7.019100 -0.095422 0 -12.571300 7.767210 199.989000 1639.970000 -13 87 1 0 1.000000
-0.219786 -0.757808 0 0.318919 -0.313583 194.466000 1639.920000 -13 88 1 0 1.000000
0.249820 -2.148870 0 -22.240000 -12.632400 206.195000 1639.930000 -13 89 1 0 1.000000
0.814115 -0.309019 0 -15.942400 4.888840 198.606000 1640.050000 -13 90 1 0 1.000000
-1.278950 -0.614518 0 -7.878530 -5.808240 204.748000 1639.790000 -13 91 1 0 1.000000
-0.669650 -2.963810 0 10.517100 11.909000 194.692000 1640.030000 -13 92 1 0 1.000000
-3.366890 -2.644670 0 -8.033020 -6.568030 203.671000 1639.910000 -13 93 1 0 1.000000
-2.812110 -3.885950 0 -6.591620 -4.259190 203.142000 1639.970000 -13 94 1 0 1.000000
0.691037 1.611740 0 -4.958880 -2.984290 193.735000 1639.900000 -13 95 1 0 1.000000
-1.436680 -2.617200 0 3.188640 2.372800 213.752000 1640.020000 -13 96 1 0 1.000000
1.579850 -1.896560 0 -8.849960 -15.454100 193.941000 1639.970000 -13 97 1 0 1.000000
-2.597340 -2.752590 0 23.374900 -28.120800 198.210000 1639.730000 -13 98 1 0 1.000000
-0.685644 1.819890 0 -8.085500 0.397391 203.810000 1639.970000 -13 99 1 0 1.000000
-1.331600 -4.782360 0 11.310100 -6.175870 213.313000 1639.860000 -13 100 1 0 1.000000
-1.195200 -0.564760 0 -15.937300 2.359480 212.937000 1639.970000 -13 101 1 0 1.000000
-1.327910 1.424320 0 -16.569900 7.050530 184.900000 1639.900000 -13 102 1 0 1.000000
0.097039 -2.194950 0 10.320500 18.891800 194.098000 1639.850000 -13 103 1 0 1.000000
2.892880 1.728820 0 8.323130 -6.722970 185.186000 1640.050000 -13 104 1 0 1.000000
-0.272462 -0.535802 0 10.578700 -7.356940 205.106000 1639.980000 -13 105 1 0 1.000000
-1.593930 -3.501930 0 11.205300 -6.750130 192.073000 1639.880000 -13 106 1 0 1.000000
-3.276340 -4.337880 0 -11.328100 17.827300 197.208000 1639.870000 -13 107 1 0 1.000000
-1.025910 -5.056550 0 4.829110 6.929290 202.056000 1640.050000 -13 108 1 0 1.000000
-3.376300 -2.248100 0 -7.409430 -16.438400 198.857000 1640.030000 -13 109 1 0 1.000000
-2.029060 -3.659200 0 6.696040 8.599710 203.117000 1639.780000 -13 110 1 0 1.000000
-4.849600 -1.275670 0 2.901720 -10.404700 198.789000 1639.810000 -13 111 1 0 1.000000
-3.500940 -2.204750 0 3.555130 -15.454300 208.470000 1639.950000 -13 112 1 0 1.000000
-2.705050 -1.732740 0 4.114760 -1.513540 202.712000 1639.790000 -13 113 1 0 1.000000
-0.380141 -1.463980 0 2.187170 -6.785110 215.441000 1639.850000 -13 114 1 0 1.000000
-1.872620 -0.180067 0 11.287600 -5.928440 191.617000 1640.080000 -13 115 1 0 1.000000
-4.636410 -0.262578 0 -5.302960 8.780790 191.402000 1639.910000 -13 116 1 0 1.000000
0.924255 -5.190080 0 -5.705110 19.473800 205.018000 1639.910000 -13 117 1 0 1.000000
-4.953000 -2.345080 0 -10.749400 -12.463000 203.101000 1639.920000 -13 118 1 0 1.000000
-4.496940 -1.828760 0 -8.205990 -29.109200 208.935000 1639.880000 -13 119 1 0 1.000000
-4.208800 -6.141550 0 10.719600 -8.094950 191.459000 1640.000000 -13 120 1 0 1.000000
-2.568300 -1.661860 0 -12.471800 16.954200 193.936000 1640.110000 -13 121 1 0 1.000000
2.474920 -3.853650 0 -10.262000 27.610100 206.492000 1639.790000 -13 122 1 0 1.000000
-1.219020 -1.785500 0 3.124500 7.276620 198.327000 1639.920000 -13 123 1 0 1.000000
2.833830 -4.266780 0 -21.216600 21.407500 184.896000 1639.890000 -13 124 1 0 1.000000
-0.942281 0.109016 0 -13.724600 -38.254400 192.641000 1639.900000 -13 125 1 0 1.000000
-3.725780 -2.169690 0 4.414490 -5.612760 177.795000 1639.920000 -13 126 1 0 1.000000
-0.189418 -2.528950 0 -7.227490 2.001770 197.421000 1639.880000 -13 127 1 0 1.000000
1.269770 -6.148470 0 3.609980 17.237100 187.946000 1639.860000 -13 128 1 0 1.000000
0.172132 -3.451060 0 2.610630 -6.998610 195.676000 1639.930000 -13 129 1 0 1.000000
-1.947750 -1.546940 0 -12.410600 -2.790880 208.142000 1639.890000 -13 130 1 0 1.000000
-1.402650 0.619384 0 7.850770 7.293030 197.253000 1639.900000 -13 131 1 0 1.000000
-0.386095 -7.001940 0 -14.041200 3.646120 208.458000 1639.900000 -13 132 1 0 1.000000
-2.018020 -0.862717 0 8.401700 7.524510 191.745000 1639.940000 -13 133 1 0 1.000000
-2.143950 -4.439080 0 -8.271260 -6.784560 199.717000 1639.950000 -13 134 1 0 1.000000
0.274929 -0.141983 0 -1.626670 3.260370 196.998000 1640.080000 -13 135 1 0 1.000000
2.916240 -1.778370 0 -17.433400 -11.978300 187.657000 1639.910000 -13 136 1 0 1.000000
-1.258090 2.635480 0 8.286750 11.324800 204.667000 1639.910000 -13 137 1 0 1.000000
-0.555567 -3.361620 0 -31.001000 23.394000 187.766000 1639.810000 -13 138 1 0 1.000000
0.289360 -1.567960 0 -12.965200 12.022800 196.107000 1639.990000 -13 139 1 0 1.000000
-2.339850 -0.690759 0 0.487591 8.129490 193.373000 1639.950000 -13 140 1 0 1.000000
0.449314 -2.298310 0 -5.183380 19.765300 204.371000 1639.840000 -13 141 1 0 1.000000
0.048047 -3.226030 0 1.897310 -1.201550 217.751000 1639.940000 -13 142 1 0 1.000000
-3.170230 -4.823350 0 -12.525700 3.920120 206.000000 1639.920000 -13 143 1 0 1.000000
0.309363 -5.350880 0 9.481120 -5.415450 201.070000 1639.930000 -13 144 1 0 1.000000
-1.239390 -6.077990 0 5.793860 -22.776600 199.888000 1639.860000 -13 145 1 0 1.000000
-2.336510 2.305880 0 13.058500 7.262260 211.002000 1639.910000 -13 146 1 0 1.000000
1.143910 -0.325177 0 -1.770550 6.463910 189.838000 1639.910000 -13 147 1 0 1.000000
-0.169428 -2.453120 0 3.387920 17.809500 184.376000 1639.790000 -13 148 1 0 1.000000
-1.837860 0.223449 0 -8.090160 20.411100 207.675000 1639.950000 -13 149 1 0 1.000000
-1.574250 -1.396900 0 5.430550 -10.673800 185.988000 1639.950000 -13 150 1 0 1.000000
1.158600 -7.318670 0 1.013330 -0.457770 197.064000 1640.000000 -13 151 1 0 1.000000
-3.320330 -5.617380 0 1.231800 13.601600 193.168000 1640.090000 -13 152 1 0 1.000000
-2.262370 0.445699 0 2.509940 -2.789310 206.294000 1639.930000 -13 153 1 0 1.000000
-5.696830 -0.589355 0 -21.269500 -19.442800 203.816000 1639.830000 -13 154 1 0 1.000000
-1.169460 1.199570 0 -3.398030 -1.358370 214.305000 1639.860000 -13 155 1 0 1.000000
-1.750180 -1.720350 0 21.505900 3.910290 194.991000 1639.860000 -13 156 1 0 1.000000
0.509832 -1.296970 0 -10.336100 24.575500 192.502000 1640.130000 -13 157 1 0 1.000000
-1.212320 -2.504990 0 5.188380 -1.175360 205.711000 1639.880000 -13 158 1 0 1.000000
-6.254750 -1.743060 0 3.681410 -5.876900 193.823000 1639.890000 -13 159 1 0 1.000000
-2.973430 -1.206990 0 -29.714600 14.419100 195.728000 1639.880000 -13 160 1 0 1.000000
0.669593 -6.623760 0 9.234900 16.752800 201.744000 1639.980000 -13 161 1 0 1.000000
-0.431337 -1.577340 0 3.029990 0.031117 183.974000 1639.960000 -13 162 1 0 1.000000
0.161888 0.131700 0 -31.216600 9.989750 216.744000 1639.970000 -13 163 1 0 1.000000
0.155813 -2.843580 0 2.182850 -29.511500 176.311000 1639.890000 -13 164 1 0 1.000000
-2.294600 -1.135430 0 2.147660 -17.590600 206.891000 1639.980000 -13 165 1 0 1.000000
-0.101382 -1.540650 0 -22.194000 -12.987100 207.937000 1639.970000 -13 166 1 0 1.000000
0.098176 3.613960 0 -0.418525 -17.966700 199.112000 1639.840000 -13 167 1 0 1.000000
-0.321966 -0.731734 0 0.863916 -3.230280 205.868000 1639.940000 -13 168 1 0 1.000000
-3.949070 -0.767025 0 -6.874810 2.364990 203.871000 1639.930000 -13 169 1 0 1.000000
-0.541847 -0.714577 0 -1.336920 -0.718052 188.778000 1639.870000 -13 170 1 0 1.000000
-2.210610 -0.356968 0 5.995040 -15.161000 186.324000 1639.950000 -13 171 1 0 1.000000
3.310770 1.932180 0 -7.244610 13.552400 207.241000 1639.870000 -13 172 1 0 1.000000
-4.213490 -1.728850 0 0.537583 6.784650 213.320000 1639.980000 -13 173 1 0 1.000000
-1.606470 -5.578530 0 -9.995800 -4.470770 197.383000 1640.000000 -13 174 1 0 1.000000
-0.857523 1.861760 0 -9.423920 -16.224300 187.985000 1640.010000 -13 175 1 0 1.000000
-5.664940 2.745910 0 0.649318 -7.254370 201.718000 1640.000000 -13 176 1 0 1.000000
-0.642406 -1.020630 0 18.744800 -18.182300 205.804000 1640.050000 -13 177 1 0 1.000000
-2.403390 -1.491010 0 -9.156080 3.800550 181.336000 1639.920000 -13 178 1 0 1.000000
3.520330 1.893810 0 17.868000 -11.779500 208.023000 1640.060000 -13 179 1 0 1.000000
-3.988590 -0.530228 0 3.987870 -15.502500 190.745000 1639.760000 -13 180 1 0 1.000000
1.368500 -0.161244 0 -9.508550 0.354157 206.931000 1639.980000 -13 181 1 0 1.000000
1.226190 -0.732026 0 -0.893122 -2.335560 207.549000 1639.930000 -13 182 1 0 1.000000
-1.382970 1.338780 0 2.158870 -0.924590 183.159000 1639.910000 -13 183 1 0 1.000000
-1.944620 -3.586970 0 1.893260 11.389600 202.603000 1640.050000 -13 184 1 0 1.000000
0.441257 -2.758040 0 -0.198349 -4.947220 193.392000 1639.780000 -13 185 1 0 1.000000
1.222860 -3.578780 0 -7.830940 -33.785000 206.367000 1639.900000 -13 186 1 0 1.000000
-1.185300 -2.103330 0 4.225770 11.918100 209.440000 1639.890000 -13 187 1 0 1.000000
1.940090 0.059716 0 -10.447500 3.279500 207.842000 1639.930000 -13 188 1 0 1.000000
1.111670 -6.088920 0 -14.134100 -26.336400 184.340000 1639.800000 -13 189 1 0 1.000000
-0.401303 -0.878975 0 2.144470 13.167800 204.007000 1639.920000 -13 190 1 0 1.000000
-3.531090 0.374660 0 -12.572800 -3.486410 203.158000 1639.910000 -13 191 1 0 1.000000
-1.727130 -2.816760 0 -13.124800 7.195910 202.792000 1639.950000 -13 192 1 0 1.000000
-2.272700 2.950640 0 5.177250 1.713660 183.885000 1639.840000 -13 193 1 0 1.000000
1.610600 -0.157154 0 11.023400 -11.972500 193.086000 1640.010000 -13 194 1 0 1.000000
-2.680040 -1.571470 0 -16.486600 11.668400 193.262000 1640.010000 -13 195 1 0 1.000000
-1.868780 -3.949840 0 -3.462510 -17.722500 192.350000 1639.960000 -13 196 1 0 1.000000
0.480413 -4.719700 0 21.587000 1.478890 184.548000 1640.060000 -13 197 1 0 1.000000
-1.895690 3.439550 0 -1.785720 -6.660310 195.871000 1639.770000 -13 198 1 0 1.000000
-3.082430 -0.913748 0 -5.202780 0.324761 197.652000 1640.050000 -13 199 1 0 1.000000
-2.311660 -3.968310 0 -11.812500 2.277180 205.400000 1640.050000 -13 200 1 0 1.000000
0.533657 -4.112180 0 44.360900 5.149330 198.633000 1639.890000 -13 201 1 0 1.000000
-0.919310 -4.694640 0 -22.412700 -7.934760 192.851000 1639.870000 -13 202 1 0 1.000000
0.544500 0.298662 0 -9.520120 11.471100 213.374000 1639.820000 -13 203 1 0 1.000000
-1.385590 -1.501210 0 19.280100 29.953600 207.044000 1639.800000 -13 204 1 0 1.000000
-7.020180 1.450770 0 -27.427900 -27.356300 207.198000 1639.990000 -13 205 1 0 1.000000
-0.464571 -0.796543 0 9.213070 -6.905090 186.165000 1639.980000 -13 206 1 0 1.000000
0.483997 -1.405040 0 -19.839000 25.725700 218.178000 1639.850000 -13 207 1 0 1.000000
1.941440 -3.156540 0 -18.578300 -0.063838 198.886000 1639.870000 -13 208 1 0 1.000000
0.623845 1.157720 0 -1.794200 -10.234800 196.324000 1639.950000 -13 209 1 0 1.000000
-4.750390 -2.675510 0 2.195560 6.783520 196.917000 1639.980000 -13 210 1 0 1.000000
-2.664790 -2.282450 0 -3.449220 -23.439000 208.358000 1639.990000 -13 211 1 0 1.000000
0.684232 -9.343910 0 -2.559080 23.603900 205.886000 1639.940000 -13 212 1 0 1.000000
-0.861921 -3.626980 0 -2.422570 -15.372600 194.022000 1640.010000 -13 213 1 0 1.000000
0.414472 3.001980 0 -11.601900 3.572220 194.386000 1640.080000 -13 214 1 0 1.000000
-0.095990 -3.210490 0 -4.357700 -5.927850 211.427000 1639.870000 -13 215 1 0 1.000000
-2.615700 -3.300060 0 -13.300400 -2.680190 209.490000 1639.900000 -13 216 1 0 1.000000
-1.750380 0.875850 0 -2.805840 -20.147300 201.403000 1640.010000 -13 217 1 0 1.000000
-1.110360 -4.459810 0 22.197400 -7.426250 183.663000 1639.940000 -13 218 1 0 1.000000
-2.414840 0.375037 0 -7.906620 -1.707790 187.174000 1640.030000 -13 219 1 0 1.000000
-6.090930 -1.553090 0 -3.015910 -8.886710 204.125000 1640.080000 -13 220 1 0 1.000000
-0.677976 -2.876990 0 1.413930 18.566400 195.869000 1639.710000 -13 221 1 0 1.000000
-0.015913 -0.345170 0 -3.482100 13.162900 210.015000 1639.780000 -13 222 1 0 1.000000
-2.235880 -2.283460 0 -11.272000 -5.626010 199.054000 1639.880000 -13 223 1 0 1.000000
-4.476830 -2.598270 0 12.542500 3.552630 213.996000 1639.960000 -13 224 1 0 1.000000
-0.848517 0.061583 0 -0.306060 4.231440 191.037000 1640.030000 -13 225 1 0 1.000000
-0.331715 -2.349520 0 -12.995600 -13.032000 193.815000 1639.900000 -13 226 1 0 1.000000
0.281508 -2.325840 0 7.107730 19.669500 205.053000 1639.940000 -13 227 1 0 1.000000
-2.900470 -4.138880 0 -10.241300 -3.371030 208.823000 1639.800000 -13 228 1 0 1.000000
-6.487940 3.353370 0 0.539131 -3.181470 200.605000 1639.910000 -13 229 1 0 1.000000
-1.358230 0.133123 0 6.179500 1.149080 211.384000 1639.890000 -13 230 1 0 1.000000
0.384574 -5.474070 0 -17.994700 18.623800 200.435000 1639.910000 -13 231 1 0 1.000000
-1.252940 -1.122260 0 4.331730 -6.710730 188.347000 1640.030000 -13 232 1 0 1.000000
-6.319310 -3.829590 0 -0.488795 -5.636110 205.268000 1639.810000 -13 233 1 0 1.000000
1.423360 1.917850 0 -6.924240 1.137480 187.492000 1640.050000 -13 234 1 0 1.000000
1.292370 -4.191220 0 -22.470400 -22.122000 198.191000 1639.920000 -13 235 1 0 1.000000
-1.420860 -6.171680 0 4.378130 32.208200 204.198000 1639.990000 -13 236 1 0 1.000000
3.899060 1.748930 0 9.077890 3.264960 207.440000 1639.820000 -13 237 1 0 1.000000
0.642613 -0.230866 0 -20.588100 -7.005930 203.358000 1639.960000 -13 238 1 0 1.000000
-1.436910 -1.363800 0 -6.750240 6.390330 195.797000 1639.970000 -13 239 1 0 1.000000
0.731017 -4.192360 0 -8.958170 3.326940 196.382000 1640.000000 -13 240 1 0 1.000000
1.819380 -0.743523 0 -20.117600 -10.097800 195.476000 1640.000000 -13 241 1 0 1.000000
1.971710 -0.227909 0 -9.957010 -28.580900 195.164000 1640.030000 -13 242 1 0 1.000000
-3.658730 -5.832730 0 -9.861520 2.933640 186.250000 1639.910000 -13 243 1 0 1.000000
-1.232660 1.626680 0 -7.634260 -2.437800 220.661000 1639.980000 -13 244 1 0 1.000000
0.773974 -2.029230 0 13.163100 -2.027120 189.531000 1640.180000 -13 245 1 0 1.000000
-1.632930 2.258940 0 3.054720 6.759200 218.244000 1639.810000 -13 246 1 0 1.000000
3.536710 -1.938140 0 -7.279170 18.718900 187.290000 1639.860000 -13 247 1 0 1.000000
-0.504607 -2.924950 0 -6.050560 31.325800 196.741000 1640.010000 -13 248 1 0 1.000000
-0.712942 -0.369014 0 3.419760 -6.477600 206.825000 1639.990000 -13 249 1 0 1.000000
-0.877445 -3.603680 0 3.851980 -7.131760 208.896000 1639.980000 -13 250 1 0 1.000000
-1.145170 -2.788570 0 8.569570 -13.785600 201.196000 1640.080000 -13 251 1 0 1.000000
1.267330 0.481565 0 -16.975500 -16.747600 206.813000 1639.940000 -13 252 1 0 1.000000
1.700040 -3.330110 0 4.909780 16.748600 197.807000 1639.980000 -13 253 1 0 1.000000
-4.720810 -3.973790 0 1.520460 20.089100 187.686000 1639.940000 -13 254 1 0 1.000000
-0.788707 1.560290 0 -2.404710 22.143900 201.752000 1639.920000 -13 255 1 0 1.000000
-3.691660 -5.135730 0 -10.130900 3.752420 201.866000 1639.880000 -13 256 1 0 1.000000
-2.821310 -2.800570 0 2.793200 9.919020 199.451000 1639.920000 -13 257 1 0 1.000000
0.701599 -1.043300 0 3.419070 21.161500 194.993000 1640.060000 -13 258 1 0 1.000000
0.046593 -4.303390 0 -19.877800 -15.659400 186.228000 1639.920000 -13 259 1 0 1.000000
-0.173971 -4.925990 0 6.568110 6.951920 199.191000 1639.870000 -13 260 1 0 1.000000
-0.561886 -2.524890 0 -0.710071 19.813000 192.551000 1639.930000 -13 261 1 0 1.000000
-4.444290 0.000897 0 -11.553600 1.261680 207.331000 1639.880000 -13 262 1 0 1.000000
-0.741030 0.743502 0 -3.554400 -25.139700 188.493000 1640.030000 -13 263 1 0 1.000000
-0.874217 -1.033950 0 5.068910 -10.114200 181.935000 1639.970000 -13 264 1 0 1.000000
-1.588730 -0.521419 0 3.896010 -20.071100 188.837000 1639.820000 -13 265 1 0 1.000000
-2.308120 -1.945120 0 -7.160920 -2.412670 188.559000 1640.060000 -13 266 1 0 1.000000
-2.461820 -1.592330 0 21.161200 1.661620 203.952000 1639.760000 -13 267 1 0 1.000000
2.761120 -2.889260 0 -6.038090 5.868150 186.233000 1639.890000 -13 268 1 0 1.000000
-5.656730 -3.067700 0 0.846044 -9.812100 197.365000 1639.970000 -13 269 1 0 1.000000
3.767470 1.125430 0 0.510453 -0.431009 209.676000 1639.900000 -13 270 1 0 1.000000
-1.777820 1.341430 0 25.413200 8.469340 205.735000 1639.960000 -13 271 1 0 1.000000
2.963630 0.629948 0 -4.323740 -20.315600 191.337000 1640.070000 -13 272 1 0 1.000000
-2.020520 -2.480390 0 3.180190 -11.227500 197.221000 1640.000000 -13 273 1 0 1.000000
0.010801 -3.734040 0 8.067770 -2.850220 205.589000 1639.880000 -13 274 1 0 1.000000
-3.925170 -0.551656 0 9.060430 -17.410000 196.310000 1639.930000 -13 275 1 0 1.000000
-2.196030 -2.629410 0 -7.940530 -0.018703 206.101000 1639.860000 -13 276 1 0 1.000000
-1.173600 -1.597590 0 26.624800 -11.306200 210.595000 1640.070000 -13 277 1 0 1.000000
-6.479320 -0.722391 0 2.123740 10.516100 187.933000 1639.940000 -13 278 1 0 1.000000
1.415350 -4.971650 0 -18.054500 -21.331200 187.691000 1639.880000 -13 279 1 0 1.000000
-2.783330 -0.716294 0 19.002600 -3.132200 205.692000 1640.060000 -13 280 1 0 1.000000
-0.254219 0.765874 0 10.300700 -1.316580 206.451000 1639.990000 -13 281 1 0 1.000000
-3.193140 -0.802204 0 -8.277860 13.889900 195.192000 1639.940000 -13 282 1 0 1.000000
1.132600 -1.909370 0 3.112470 -0.030893 207.414000 1639.810000 -13 283 1 0 1.000000
-6.166650 -0.166270 0 -11.816000 5.801090 210.557000 1639.880000 -13 284 1 0 1.000000
-2.562540 -3.531600 0 -14.889700 4.566020 195.683000 1639.770000 -13 285 1 0 1.000000
3.394350 2.124160 0 -14.524400 3.543630 201.031000 1639.920000 -13 286 1 0 1.000000
-1.421950 -7.512890 0 -25.053900 -2.977320 191.719000 1639.960000 -13 287 1 0 1.000000
-0.748019 -2.013990 0 -14.482500 32.089200 197.348000 1639.810000 -13 288 1 0 1.000000
-2.795110 -1.673750 0 -25.715800 -16.344700 191.380000 1640.010000 -13 289 1 0 1.000000
-1.756120 -1.197550 0 0.730133 -5.847230 200.199000 1640.000000 -13 290 1 0 1.000000
-6.024040 -4.384750 0 -0.708617 7.130870 204.732000 1639.970000 -13 291 1 0 1.000000
-0.379622 -1.879100 0 15.379900 -15.485900 193.647000 1639.920000 -13 292 1 0 1.000000
-7.887800 -1.682880 0 0.554386 -14.833900 210.286000 1639.900000 -13 293 1 0 1.000000
-3.634820 0.534552 0 24.753200 -13.793700 198.062000 1640.140000 -13 294 1 0 1.000000
-2.080200 1.758830 0 4.856260 -2.213570 189.265000 1639.690000 -13 295 1 0 1.000000
-0.739887 -1.027620 0 -2.817710 3.272630 204.374000 1639.900000 -13 296 1 0 1.000000
-2.192860 -3.395150 0 -19.634100 0.265139 191.885000 1639.970000 -13 297 1 0 1.000000
-3.630110 -0.425654 0 14.015100 20.895400 202.118000 1639.790000 -13 298 1 0 1.000000
0.590195 2.973960 0 -13.447300 13.191800 215.315000 1639.850000 -13 299 1 0 1.000000
-1.467770 -0.928456 0 4.067310 10.023300 190.632000 1639.900000 -13 300 1 0 1.000000
-1.388250 -1.215680 0 0.443269 10.118200 191.725000 1640.010000 -13 301 1 0 1.000000
-3.598700 -0.240662 0 4.527360 8.304050 207.269000 1639.880000 -13 302 1 0 1.000000
-0.014728 -1.974430 0 0.386402 -7.272730 191.292000 1639.740000 -13 303 1 0 1.000000
0.736684 -1.361060 0 -4.235170 -19.675000 217.465000 1639.860000 -13 304 1 0 1.000000
-2.627580 -2.485000 0 -11.951200 -3.508890 193.196000 1640.000000 -13 305 1 0 1.000000
-0.144934 -3.117830 0 11.247400 3.373260 202.924000 1639.810000 -13 306 1 0 1.000000
0.315040 0.302971 0 11.503300 1.868720 204.547000 1640.030000 -13 307 1 0 1.000000
2.834780 -6.518650 0 -9.931050 -0.373179 195.615000 1639.960000 -13 308 1 0 1.000000
0.278377 -3.396540 0 10.810200 7.700220 200.421000 1639.920000 -13 309 1 0 1.000000
-1.035250 -0.614114 0 17.167100 -1.506300 203.887000 1639.960000 -13 310 1 0 1.000000
-1.565770 -1.203660 0 -11.364100 10.200100 196.960000 1639.960000 -13 311 1 0 1.000000
-3.258460 4.471730 0 12.485800 -30.844200 198.921000 1640.120000 -13 312 1 0 1.000000
1.071170 -3.146860 0 -30.132800 6.737980 175.908000 1640.030000 -13 313 1 0 1.000000
-6.684380 -6.582580 0 10.895200 -1.182250 198.910000 1639.920000 -13 314 1 0 1.000000
-2.488180 0.570822 0 1.320350 17.046000 196.893000 1639.700000 -13 315 1 0 1.000000
-5.606590 -2.971700 0 8.683740 -28.641600 207.320000 1640.040000 -13 316 1 0 1.000000
-2.784640 -2.122690 0 -0.936994 10.614600 204.000000 1639.810000 -13 317 1 0 1.000000
-4.316200 1.954980 0 23.161100 21.991500 213.167000 1639.910000 -13 318 1 0 1.000000
-0.504820 -6.399510 0 11.018700 -2.806760 206.192000 1639.960000 -13 319 1 0 1.000000
-1.881710 -1.570530 0 -10.767500 -1.163780 204.173000 1640.010000 -13 320 1 0 1.000000
-1.975290 -2.756600 0 -5.815760 -14.710400 191.208000 1639.890000 -13 321 1 0 1.000000
-2.306830 -4.305010 0 -9.161310 -11.414500 182.711000 1639.920000 -13 322 1 0 1.000000
-3.038460 -2.008970 0 5.048630 3.417300 207.432000 1639.980000 -13 323 1 0 1.000000
-1.821280 0.161599 0 -8.329280 -3.255850 210.267000 1639.960000 -13 324 1 0 1.000000
1.183330 -1.015670 0 3.519500 -1.839470 188.202000 1640.030000 -13 325 1 0 1.000000
-2.519610 -4.356330 0 -12.704500 -9.302320 209.810000 1639.860000 -13 326 1 0 1.000000
3.057290 -0.034340 0 6.704740 5.962500 221.186000 1639.960000 -13 327 1 0 1.000000
2.851820 -1.039590 0 -8.699840 24.431800 196.486000 1640.010000 -13 328 1 0 1.000000
2.518120 -1.745820 0 18.376000 24.691800 185.200000 1639.930000 -13 329 1 0 1.000000
-3.803500 1.562360 0 1.677070 -0.306768 196.099000 1639.790000 -13 330 1 0 1.000000
0.345674 -2.068580 0 15.241300 -3.406740 196.405000 1639.890000 -13 331 1 0 1.000000
-7.955250 -5.202920 0 6.286900 21.461200 207.326000 1639.810000 -13 332 1 0 1.000000
-1.787360 -1.712260 0 -6.691080 -12.406500 203.762000 1640.030000 -13 333 1 0 1.000000
-1.653300 -1.457890 0 11.193300 -4.563610 193.859000 1639.830000 -13 334 1 0 1.000000
-0.196544 1.549070 0 -1.242450 7.101300 204.761000 1640.020000 -13 335 1 0 1.000000
-2.635730 1.657020 0 -0.489821 9.206320 209.081000 1639.920000 -13 336 1 0 1.000000
-2.229050 -1.451560 0 1.977050 -11.307700 199.265000 1640.010000 -13 337 1 0 1.000000
-1.379780 -1.340030 0 7.817230 -9.902140 193.579000 1640.010000 -13 338 1 0 1.000000
2.446570 -4.034700 0 4.199510 8.887180 197.643000 1640.020000 -13 339 1 0 1.000000
0.470207 -2.440170 0 -4.715450 -10.646200 215.419000 1639.810000 -13 340 1 0 1.000000
1.339890 -3.939920 0 -18.946100 -4.766520 199.254000 1640.040000 -13 341 1 0 1.000000
-1.783910 -0.003074 0 -7.174940 -0.970382 187.789000 1639.950000 -13 342 1 0 1.000000
0.159699 1.954780 0 -21.415600 4.272600 195.096000 1639.970000 -13 343 1 0 1.000000
-1.875690 -1.574260 0 -7.877890 20.412300 209.266000 1640.030000 -13 344 1 0 1.000000
-1.846880 1.930420 0 -3.040830 5.568980 207.178000 1639.990000 -13 345 1 0 1.000000
-1.787540 -3.607860 0 1.582800 18.834600 197.390000 1639.890000 -13 346 1 0 1.000000
-1.832450 -5.236320 0 24.336700 3.522980 211.029000 1639.890000 -13 347 1 0 1.000000
-0.137922 1.061880 0 -19.895300 -0.527508 182.352000 1639.860000 -13 348 1 0 1.000000
1.431510 -2.638960 0 -9.720280 -20.564200 192.168000 1639.750000 -13 349 1 0 1.000000
-5.337270 -4.127110 0 24.011300 -5.137520 200.613000 1639.940000 -13 350 1 0 1.000000
-3.648150 1.856880 0 -27.475400 -17.121800 207.195000 1639.840000 -13 351 1 0 1.000000
-1.169160 -4.791740 0 -10.748600 -22.217200 194.020000 1639.800000 -13 352 1 0 1.000000
-0.195073 -2.293660 0 -11.436100 16.885200 188.041000 1640.010000 -13 353 1 0 1.000000
4.653860 -1.553280 0 -7.821750 -18.922700 200.029000 1639.850000 -13 354 1 0 1.000000
-4.189600 1.240920 0 -9.927000 1.143980 206.004000 1639.890000 -13 355 1 0 1.000000
-2.370990 0.572991 0 -9.203360 -5.083950 188.994000 1640.000000 -13 356 1 0 1.000000
-1.056090 -2.340980 0 0.308431 7.434610 192.969000 1639.980000 -13 357 1 0 1.000000
-3.934870 -4.772880 0 -12.968600 5.024430 197.621000 1639.920000 -13 358 1 0 1.000000
-0.031075 -1.899290 0 -1.421110 -14.907900 201.143000 1639.890000 -13 359 1 0 1.000000
2.604030 -0.597502 0 5.656230 3.497670 181.671000 1639.910000 -13 360 1 0 1.000000
0.532763 0.088090 0 -9.463370 -15.728900 210.277000 1639.820000 -13 361 1 0 1.000000
0.070414 1.214660 0 -24.183200 -9.415350 188.456000 1640.020000 -13 362 1 0 1.000000
-2.896600 -0.891820 0 10.390900 -0.657333 198.198000 1639.830000 -13 363 1 0 1.000000
-2.597710 1.265940 0 -4.605070 -2.113780 209.460000 1639.890000 -13 364 1 0 1.000000
-1.840540 -3.255360 0 -14.277200 15.899800 188.617000 1640.000000 -13 365 1 0 1.000000
-0.797507 -3.440040 0 -23.827300 -5.735060 213.356000 1639.900000 -13 366 1 0 1.000000
-4.060170 -1.432780 0 12.340600 -6.507770 193.111000 1640.060000 -13 367 1 0 1.000000
-1.666080 -6.048440 0 -13.400000 8.439860 209.833000 1639.980000 -13 368 1 0 1.000000
-4.066060 -1.435400 0 -4.539870 -21.249800 190.749000 1639.820000 -13 369 1 0 1.000000
2.416750 -3.624130 0 20.845600 12.215300 191.209000 1640.010000 -13 370 1 0 1.000000
-0.444975 -0.594656 0 -1.421800 -2.713470 193.770000 1639.920000 -13 371 1 0 1.000000
-4.520240 -2.625510 0 40.261200 1.062980 214.312000 1639.920000 -13 372 1 0 1.000000
-7.398630 -0.240823 0 -15.300200 0.659785 199.319000 1639.960000 -13 373 1 0 1.000000
1.840820 -7.552440 0 23.063000 -4.447240 195.895000 1639.750000 -13 374 1 0 1.000000
-0.586111 1.238210 0 -5.836560 -4.563040 184.633000 1639.870000 -13 375 1 0 1.000000
-3.303870 -2.980220 0 -0.405920 10.991300 194.654000 1639.850000 -13 376 1 0 1.000000
-2.885630 -3.693320 0 -0.616875 9.958270 197.341000 1639.950000 -13 377 1 0 1.000000
0.808308 1.929610 0 15.043700 -0.334286 202.097000 1639.870000 -13 378 1 0 1.000000
-1.823840 -2.350970 0 11.976900 21.682100 199.382000 1639.880000 -13 379 1 0 1.000000
-3.745130 -1.057680 0 21.356900 15.820900 204.862000 1639.900000 -13 380 1 0 1.000000
-2.728540 -2.912470 0 11.376500 -16.482200 201.441000 1639.830000 -13 381 1 0 1.000000
-1.180310 -0.332269 0 7.554240 25.941900 186.726000 1639.850000 -13 382 1 0 1.000000
-5.492020 -0.395660 0 19.457500 -1.807790 201.314000 1639.940000 -13 383 1 0 1.000000
-3.052700 -1.553460 0 1.501390 -16.667600 208.901000 1639.990000 -13 384 1 0 1.000000
-0.798897 -2.142750 0 1.627780 -1.026950 205.566000 1639.950000 -13 385 1 0 1.000000
2.052610 1.968670 0 4.440090 3.134870 205.418000 1639.920000 -13 386 1 0 1.000000
-4.086940 -1.171160 0 10.593000 -12.598700 191.164000 1639.930000 -13 387 1 0 1.000000
-1.211460 -3.128810 0 13.565000 3.708230 191.269000 1639.850000 -13 388 1 0 1.000000
-1.803540 -4.362070 0 10.711000 -17.983000 202.041000 1639.880000 -13 389 1 0 1.000000
-3.827880 -5.370910 0 19.666000 1.006160 212.057000 1639.880000 -13 390 1 0 1.000000
-0.886116 -0.269934 0 3.413680 19.809200 196.507000 1639.890000 -13 391 1 0 1.000000
0.303269 -2.831150 0 6.991040 0.789142 210.231000 1639.880000 -13 392 1 0 1.000000
-1.218440 -1.248550 0 -1.511820 29.792800 192.851000 1639.860000 -13 393 1 0 1.000000
1.616040 2.045640 0 -7.095150 -2.585060 200.293000 1640.060000 -13 394 1 0 1.000000
0.147434 0.375254 0 12.201300 -18.283600 198.817000 1639.900000 -13 395 1 0 1.000000
3.110320 3.555150 0 -28.023700 -6.041640 185.172000 1639.900000 -13 396 1 0 1.000000
-2.488700 -2.501950 0 7.995880 6.444020 210.941000 1639.900000 -13 397 1 0 1.000000
-2.362870 -2.597200 0 14.731800 -7.602390 195.952000 1639.870000 -13 398 1 0 1.000000
-1.479600 -1.541770 0 -7.367660 -20.703800 198.627000 1640.010000 -13 399 1 0 1.000000
-3.431270 1.738720 0 -6.358770 11.402000 218.472000 1639.920000 -13 400 1 0 1.000000
-5.479960 -1.754950 0 21.951600 -4.614360 193.834000 1639.930000 -13 401 1 0 1.000000
-3.010940 -0.038693 0 -18.513700 -20.675600 198.786000 1639.930000 -13 402 1 0 1.000000
0.122916 1.271540 0 -8.299340 -6.471640 199.096000 1639.750000 -13 403 1 0 1.000000
-3.209070 0.728808 0 2.177360 5.695730 204.216000 1639.940000 -13 404 1 0 1.000000
-1.620870 1.703040 0 3.619340 4.389670 205.373000 1639.970000 -13 405 1 0 1.000000
-2.345140 0.092115 0 -7.503340 -11.223300 195.969000 1639.830000 -13 406 1 0 1.000000
-1.984630 -2.890350 0 14.846400 -6.610830 200.635000 1639.860000 -13 407 1 0 1.000000
1.243370 -0.214314 0 -18.497700 2.402400 210.580000 1639.940000 -13 408 1 0 1.000000
-2.711040 -4.598530 0 -5.490770 14.857600 191.212000 1639.940000 -13 409 1 0 1.000000
-1.725060 -4.247790 0 30.810200 -3.266970 210.041000 1639.900000 -13 410 1 0 1.000000
0.258082 2.589230 0 5.669960 16.670100 198.764000 1639.910000 -13 411 1 0 1.000000
0.623840 -0.342392 0 7.274790 0.115262 202.818000 1639.770000 -13 412 1 0 1.000000
0.568537 2.083770 0 -6.852230 -5.098800 180.112000 1639.840000 -13 413 1 0 1.000000
1.794020 -0.408063 0 -4.418920 14.329300 188.097000 1639.870000 -13 414 1 0 1.000000
0.402534 -1.203050 0 16.372400 3.681580 209.831000 1639.810000 -13 415 1 0 1.000000
-2.927880 -1.826570 0 -7.327900 4.628130 213.035000 1639.970000 -13 416 1 0 1.000000
-6.376650 -1.569760 0 3.518460 -21.934500 215.091000 1639.890000 -13 417 1 0 1.000000
-4.008180 -2.986110 0 4.092240 10.626700 200.847000 1639.950000 -13 418 1 0 1.000000
-1.898980 0.809165 0 9.025140 15.792100 198.012000 1639.840000 -13 419 1 0 1.000000
0.113841 -1.134820 0 3.007340 16.573400 204.483000 1640.020000 -13 420 1 0 1.000000
2.183600 -2.278880 0 20.016000 5.610000 203.826000 1639.980000 -13 421 1 0 1.000000
0.278886 -3.695790 0 18.310600 -6.909300 193.490000 1639.850000 -13 422 1 0 1.000000
-3.348540 -6.310010 0 21.373400 -0.557581 206.064000 1640.020000 -13 423 1 0 1.000000
-1.285660 -2.466200 0 0.715957 6.244200 208.637000 1639.920000 -13 424 1 0 1.000000
-2.402070 -2.571650 0 17.498900 -4.674480 197.685000 1640.100000 -13 425 1 0 1.000000
-2.454370 -3.456160 0 -0.734354 14.612700 200.540000 1639.960000 -13 426 1 0 1.000000
-1.821870 0.798623 0 -14.026800 4.821590 195.317000 1639.860000 -13 427 1 0 1.000000
0.653271 0.081567 0 -10.967700 2.266460 199.708000 1639.930000 -13 428 1 0 1.000000
1.751930 -2.387260 0 23.122500 -13.232800 199.302000 1639.810000 -13 429 1 0 1.000000
-1.201900 -3.146920 0 2.577400 -15.039500 195.794000 1640.030000 -13 430 1 0 1.000000
-1.161760 -0.187303 0 4.550780 -31.766400 215.711000 1639.840000 -13 431 1 0 1.000000
-2.255610 -0.239814 0 13.914900 29.225800 195.262000 1640.000000 -13 432 1 0 1.000000
-6.333590 -2.883580 0 2.581810 -22.673200 205.850000 1640.000000 -13 433 1 0 1.000000
1.668950 -3.245230 0 -34.717700 1.570630 204.076000 1640.100000 -13 434 1 0 1.000000
-1.824940 -3.991720 0 0.591614 -10.579100 216.330000 1639.980000 -13 435 1 0 1.000000
-3.609030 -1.131050 0 -14.638000 -1.268320 193.537000 1640.000000 -13 436 1 0 1.000000
-1.617270 1.750990 0 5.624940 -5.500340 210.122000 1639.920000 -13 437 1 0 1.000000
3.482440 -5.796520 0 14.384300 15.019100 203.251000 1639.930000 -13 438 1 0 1.000000
-3.458270 -1.602580 0 5.349830 15.951700 195.406000 1639.930000 -13 439 1 0 1.000000
-5.227910 -4.567920 0 -2.341380 11.396900 196.025000 1639.960000 -13 440 1 0 1.000000
1.902780 -2.253260 0 7.588070 8.159540 202.796000 1639.880000 -13 441 1 0 1.000000
-3.314900 0.878689 0 -4.413840 1.860040 198.244000 1639.940000 -13 442 1 0 1.000000
-3.834600 -1.490400 0 -1.905960 2.304020 191.376000 1639.930000 -13 443 1 0 1.000000
-1.602130 -2.907720 0 1.729690 -6.955580 204.041000 1639.780000 -13 444 1 0 1.000000
-5.069510 -2.348150 0 -6.550320 -9.307940 205.031000 1639.950000 -13 445 1 0 1.000000
-2.736090 -7.079820 0 -5.824810 17.084600 188.280000 1639.930000 -13 446 1 0 1.000000
-0.635011 -3.076980 0 -3.121630 -0.357723 200.675000 1639.830000 -13 447 1 0 1.000000
0.457522 -3.147300 0 4.056740 10.156900 205.302000 1640.090000 -13 448 1 0 1.000000
-1.678440 -3.217670 0 9.051200 34.771500 200.713000 1640.040000 -13 449 1 0 1.000000
1.833860 1.171700 0 -15.488800 -1.064580 200.068000 1639.940000 -13 450 1 0 1.000000
-5.076760 -5.299330 0 -13.343000 -6.390280 200.393000 1639.990000 -13 451 1 0 1.000000
0.725719 -2.258220 0 -9.814870 0.349177 207.190000 1639.830000 -13 452 1 0 1.000000
-2.138310 0.685165 0 -11.618300 -10.931200 184.634000 1639.970000 -13 453 1 0 1.000000
-0.817607 -4.647250 0 -1.318640 6.080950 194.657000 1639.900000 -13 454 1 0 1.000000
-3.783040 4.287850 0 8.971360 -8.753740 194.956000 1639.970000 -13 455 1 0 1.000000
-0.274780 -4.225030 0 2.651400 -11.967700 198.730000 1640.020000 -13 456 1 0 1.000000
2.672070 -4.425150 0 15.885700 1.838630 186.993000 1639.830000 -13 457 1 0 1.000000
-4.514970 0.462357 0 1.617060 -15.027700 203.165000 1639.840000 -13 458 1 0 1.000000
-1.458580 2.484000 0 -11.628900 -4.403060 192.899000 1639.950000 -13 459 1 0 1.000000
-0.838853 -3.916100 0 -4.686300 -19.275300 185.165000 1639.990000 -13 460 1 0 1.000000
0.839604 -3.525650 0 1.012980 1.052970 204.132000 1639.720000 -13 461 1 0 1.000000
0.653494 -5.352180 0 44.397700 1.749930 195.182000 1640.070000 -13 462 1 0 1.000000
0.162830 -0.907296 0 17.524900 -1.441510 192.235000 1639.960000 -13 463 1 0 1.000000
0.780870 -2.333590 0 -8.904260 -6.835800 178.494000 1639.900000 -13 464 1 0 1.000000
2.396530 -0.500503 0 -25.818500 -13.594100 205.951000 1639.950000 -13 465 1 0 1.000000
-1.521060 -2.634630 0 -11.722500 -0.882068 200.929000 1639.900000 -13 466 1 0 1.000000
0.481420 -4.121090 0 -1.299210 -10.987500 194.751000 1640.070000 -13 467 1 0 1.000000
-3.635340 -0.716392 0 -6.950770 3.953960 202.248000 1640.060000 -13 468 1 0 1.000000
0.010109 -2.871310 0 -8.526780 -0.761648 188.136000 1639.810000 -13 469 1 0 1.000000
2.681960 -2.637690 0 8.199910 -13.809900 197.461000 1639.790000 -13 470 1 0 1.000000
1.060440 -2.613250 0 2.116440 9.774170 204.327000 1640.060000 -13 471 1 0 1.000000
1.210580 -1.907020 0 9.716980 -10.416200 194.154000 1640.000000 -13 472 1 0 1.000000
-1.100100 -0.064528 0 -24.770800 11.266700 204.032000 1640.070000 -13 473 1 0 1.000000
-5.033110 -0.451159 0 -10.182000 18.659200 207.552000 1639.900000 -13 474 1 0 1.000000
-4.511480 -3.422030 0 -13.381700 4.681020 202.223000 1639.910000 -13 475 1 0 1.000000
-3.417880 -3.874390 0 12.157200 -14.262200 206.223000 1639.780000 -13 476 1 0 1.000000
-2.920180 -5.552430 0 -12.070900 -9.197850 192.633000 1639.870000 -13 477 1 0 1.000000
0.060713 -1.295750 0 -10.665200 -2.109580 211.791000 1639.820000 -13 478 1 0 1.000000
1.651890 -3.225510 0 -5.250430 6.786610 197.400000 1640.040000 -13 479 1 0 1.000000
-1.418210 0.461267 0 9.869430 -9.074510 194.222000 1639.970000 -13 480 1 0 1.000000
0.308285 -1.410900 0 5.630910 -7.357050 175.461000 1639.880000 -13 481 1 0 1.000000
-3.684610 2.698790 0 -9.658230 12.549100 205.740000 1639.810000 -13 482 1 0 1.000000
-2.142300 2.175310 0 -3.505840 15.160600 194.494000 1640.010000 -13 483 1 0 1.000000
-2.815410 -0.286861 0 -24.719200 24.095400 193.941000 1639.780000 -13 484 1 0 1.000000
-3.340040 0.637241 0 4.497800 1.848940 185.066000 1640.040000 -13 485 1 0 1.000000
-6.310270 -3.757050 0 6.874990 -23.874800 216.111000 1640.010000 -13 486 1 0 1.000000
0.127712 1.043010 0 -25.844300 -7.131510 204.206000 1639.850000 -13 487 1 0 1.000000
-1.974370 -0.133864 0 4.329260 -12.045600 197.690000 1639.980000 -13 488 1 0 1.000000
-6.926990 2.083730 0 -15.995800 1.630830 218.141000 1639.930000 -13 489 1 0 1.000000
1.106800 -6.292240 0 -12.236300 11.481100 207.937000 1639.870000 -13 490 1 0 1.000000
-3.352310 -3.299840 0 -5.659270 -6.029010 204.733000 1640.010000 -13 491 1 0 1.000000
-6.849410 -3.768100 0 -21.079300 -13.244200 208.560000 1639.920000 -13 492 1 0 1.000000
-1.499020 -0.485713 0 -9.777090 9.902020 195.636000 1639.910000 -13 493 1 0 1.000000
0.684735 1.034290 0 5.298830 -8.342820 181.907000 1639.840000 -13 494 1 0 1.000000
-0.910066 0.273622 0 -1.800250 3.607520 182.452000 1639.840000 -13 495 1 0 1.000000
-2.207550 -0.124972 0 15.109400 1.417540 195.656000 1640.080000 -13 496 1 0 1.000000
-3.222810 -2.476430 0 7.695010 3.344370 203.816000 1640.040000 -13 497 1 0 1.000000
-1.194120 -0.686925 0 15.284300 23.796200 193.655000 1639.980000 -13 498 1 0 1.000000
-2.997240 -1.488350 0 -17.400400 12.218800 182.669000 1639.890000 -13 499 1 0 1.000000
-0.301857 -3.274700 0 -3.765620 -1.978950 194.319000 1639.900000 -13 500 1 0 1.000000
0.621988 -2.767060 0 2.111460 24.637000 205.314000 1639.890000 -13 501 1 0 1.000000
-2.071420 -2.267980 0 -6.663920 -30.690100 194.602000 1640.000000 -13 502 1 0 1.000000
-0.707599 -0.956936 0 7.831520 -6.414060 206.684000 1639.830000 -13 503 1 0 1.000000
-2.411780 -2.270590 0 21.290400 4.747690 190.996000 1640.080000 -13 504 1 0 1.000000
0.395470 0.961665 0 8.901070 1.083910 178.422000 1639.800000 -13 505 1 0 1.000000
-4.228380 -4.855770 0 -0.256746 4.048700 180.108000 1639.850000 -13 506 1 0 1.000000
-0.537373 -5.192550 0 -6.276240 -1.929340 192.327000 1639.800000 -13 507 1 0 1.000000
-1.669530 -2.630710 0 -5.687710 -3.794890 200.898000 1639.840000 -13 508 1 0 1.000000
-0.495727 -2.802820 0 3.475520 -10.847100 205.777000 1640.090000 -13 509 1 0 1.000000
-1.030390 -3.859280 0 17.093100 -1.505300 201.583000 1639.950000 -13 510 1 0 1.000000
-0.968482 -2.999490 0 14.075600 14.193300 197.618000 1639.970000 -13 511 1 0 1.000000
0.925545 3.623460 0 5.116580 16.336200 205.300000 1639.920000 -13 512 1 0 1.000000
2.393670 4.923610 0 15.467200 0.172247 212.385000 1639.920000 -13 513 1 0 1.000000
0.692501 -2.222140 0 4.071750 19.465000 191.089000 1639.950000 -13 514 1 0 1.000000
-2.142290 1.961150 0 -0.966796 12.253100 203.770000 1640.030000 -13 515 1 0 1.000000
-6.382510 -3.977230 0 8.569590 -16.039700 195.527000 1639.900000 -13 516 1 0 1.000000
2.515720 -1.475410 0 -14.698300 6.607720 197.871000 1639.980000 -13 517 1 0 1.000000
-1.452990 0.696063 0 7.015320 -5.884370 182.046000 1639.950000 -13 518 1 0 1.000000
-1.505100 2.292940 0 26.893100 4.407040 188.867000 1639.920000 -13 519 1 0 1.000000
-1.496530 -0.858071 0 -21.835000 12.728900 199.403000 1639.960000 -13 520 1 0 1.000000
-3.947030 -1.364630 0 -16.507900 -12.207700 208.746000 1639.870000 -13 521 1 0 1.000000
0.377666 -3.713840 0 3.747560 11.362900 200.976000 1639.920000 -13 522 1 0 1.000000
-0.269521 -1.945160 0 6.827690 -5.505520 197.844000 1640.030000 -13 523 1 0 1.000000
1.362920 -4.413190 0 -1.461330 11.150100 205.852000 1640.060000 -13 524 1 0 1.000000
1.762850 -2.726460 0 5.136400 4.419840 186.491000 1639.810000 -13 525 1 0 1.000000
-0.186503 -2.036990 0 3.698610 20.265700 205.257000 1639.970000 -13 526 1 0 1.000000
-1.453940 -2.655120 0 -5.990660 7.051670 203.181000 1639.850000 -13 527 1 0 1.000000
-1.222280 -0.754299 0 -10.157600 -11.642800 191.909000 1639.820000 -13 528 1 0 1.000000
-1.925640 -2.333710 0 -16.236100 15.503100 193.647000 1639.760000 -13 529 1 0 1.000000
-2.042170 -0.977085 0 -0.284642 -10.469500 190.090000 1639.910000 -13 530 1 0 1.000000
-4.424540 2.953590 0 -9.009360 -15.669000 196.321000 1639.920000 -13 531 1 0 1.000000
-4.371390 2.279260 0 19.534800 -7.467990 196.131000 1639.800000 -13 532 1 0 1.000000
-0.020860 -4.880180 0 -2.784790 9.636390 197.194000 1639.910000 -13 533 1 0 1.000000
2.372730 -4.474200 0 -13.081900 -26.585300 195.391000 1639.810000 -13 534 1 0 1.000000
0.666842 1.438070 0 -7.668140 3.862940 203.697000 1639.970000 -13 535 1 0 1.000000
-2.053040 -3.062670 0 11.877600 23.234800 206.600000 1639.840000 -13 536 1 0 1.000000
0.614755 0.494448 0 -3.397140 -37.889000 196.953000 1639.890000 -13 537 1 0 1.000000
-1.857380 -2.694510 0 -10.676900 11.773700 194.278000 1639.830000 -13 538 1 0 1.000000
0.112192 -1.966110 0 -4.945790 9.078800 198.056000 1640.050000 -13 539 1 0 1.000000
-2.408940 -4.308630 0 17.853700 -1.134700 194.083000 1639.980000 -13 540 1 0 1.000000
-2.771390 0.045703 0 -21.374200 -27.920800 205.629000 1639.870000 -13 541 1 0 1.000000
-2.869970 4.269270 0 -4.264490 8.015020 214.923000 1639.900000 -13 542 1 0 1.000000
-0.192820 2.733430 0 5.819020 -1.413090 205.395000 1639.990000 -13 543 1 0 1.000000
-1.908170 -1.676390 0 6.775880 -6.813170 181.408000 1639.920000 -13 544 1 0 1.000000
-0.730968 -4.324450 0 -5.821590 -1.158930 198.940000 1639.990000 -13 545 1 0 1.000000
-0.209880 -2.968460 0 -2.005080 -6.598830 192.247000 1639.940000 -13 546 1 0 1.000000
2.318600 -2.492540 0 3.677510 -1.290940 203.799000 1639.920000 -13 547 1 0 1.000000
-2.722890 -4.124260 0 -7.595340 -4.547160 185.524000 1639.960000 -13 548 1 0 1.000000
-7.254980 1.770560 0 -7.485280 -23.122300 207.822000 1640.090000 -13 549 1 0 1.000000
-2.039070 -3.279750 0 20.059500 5.383160 196.002000 1639.980000 -13 550 1 0 1.000000
-2.386270 -3.158240 0 -3.649600 -2.851640 203.603000 1640.020000 -13 551 1 0 1.000000
1.266370 0.771110 0 -3.361700 -6.484240 188.911000 1640.050000 -13 552 1 0 1.000000
1.348890 -4.027700 0 3.724730 -13.237600 210.353000 1639.970000 -13 553 1 0 1.000000
-2.258690 -1.886620 0 -6.263430 -16.899700 199.528000 1640.050000 -13 554 1 0 1.000000
-0.955921 1.865290 0 -5.524850 2.280380 185.433000 1639.980000 -13 555 1 0 1.000000
2.432200 -3.407170 0 23.462700 -26.276000 181.548000 1639.930000 -13 556 1 0 1.000000
2.054870 0.530931 0 -5.784600 -22.143500 204.498000 1639.810000 -13 557 1 0 1.000000
-1.172430 -3.057690 0 -11.168200 -14.775800 200.083000 1639.950000 -13 558 1 0 1.000000
-1.979260 -2.018980 0 -7.974780 1.584130 209.886000 1639.930000 -13 559 1 0 1.000000
-1.482580 -1.932740 0 -10.753300 5.804530 202.284000 1639.760000 -13 560 1 0 1.000000
-1.376580 -3.110240 0 2.803930 11.228400 209.108000 1639.810000 -13 561 1 0 1.000000
-1.403110 -0.904208 0 4.976640 -14.523600 212.787000 1639.970000 -13 562 1 0 1.000000
-3.306490 -2.461170 0 -6.507980 -2.180150 213.690000 1639.790000 -13 563 1 0 1.000000
-2.278380 0.761465 0 -6.387070 -6.496000 195.800000 1640.000000 -13 564 1 0 1.000000
-0.566466 -1.063890 0 -5.945260 -12.405100 210.170000 1639.970000 -13 565 1 0 1.000000
2.736590 1.489120 0 -6.227770 7.748600 195.370000 1640.020000 -13 566 1 0 1.000000
-0.455558 0.198093 0 -7.836930 -10.849700 199.770000 1640.000000 -13 567 1 0 1.000000
0.733851 -4.068340 0 -18.993800 6.178120 208.393000 1639.860000 -13 568 1 0 1.000000
3.045380 -2.785420 0 3.409780 -4.869750 202.651000 1640.020000 -13 569 1 0 1.000000
-0.913797 -2.654020 0 -12.660400 12.541700 222.480000 1639.850000 -13 570 1 0 1.000000
0.033832 -1.856530 0 6.240680 -7.840070 200.889000 1639.990000 -13 571 1 0 1.000000
2.538230 1.393390 0 1.453580 2.344680 202.661000 1640.030000 -13 572 1 0 1.000000
4.174540 0.765842 0 -0.317591 15.256300 195.196000 1639.930000 -13 573 1 0 1.000000
-2.859680 -2.052060 0 -1.944990 -16.126800 208.106000 1639.940000 -13 574 1 0 1.000000
-2.251690 -4.665970 0 6.923720 -9.328270 210.947000 1639.840000 -13 575 1 0 1.000000
-2.956460 1.863810 0 18.849400 1.700750 211.062000 1640.060000 -13 576 1 0 1.000000
-0.836596 -2.744750 0 17.897200 0.214652 206.676000 1639.910000 -13 577 1 0 1.000000
-1.485250 1.259280 0 -8.325710 -10.108000 198.969000 1639.850000 -13 578 1 0 1.000000
-1.748120 -3.285290 0 -1.682070 3.200560 196.951000 1639.970000 -13 579 1 0 1.000000
-1.621910 -1.808030 0 7.631070 26.451400 208.173000 1639.930000 -13 580 1 0 1.000000
-2.049820 -1.900800 0 -19.526000 4.950360 196.883000 1639.940000 -13 581 1 0 1.000000
0.678602 -3.542180 0 8.181140 22.489300 187.146000 1639.870000 -13 582 1 0 1.000000
-4.217720 -2.910320 0 -29.633500 0.479899 207.058000 1639.920000 -13 583 1 0 1.000000
-0.415586 -0.250345 0 2.034070 -7.251850 199.389000 1639.910000 -13 584 1 0 1.000000
-3.043510 0.400871 0 -7.318060 -10.396100 216.560000 1639.810000 -13 585 1 0 1.000000
-5.007470 -4.058980 0 13.934900 -13.834100 206.392000 1639.920000 -13 586 1 0 1.000000
2.714990 1.402010 0 16.552300 4.237930 191.423000 1640.010000 -13 587 1 0 1.000000
-2.057760 -3.734330 0 -6.972450 9.468870 183.931000 1639.970000 -13 588 1 0 1.000000
0.990687 -1.758110 0 2.097330 4.474020 214.193000 1639.940000 -13 589 1 0 1.000000
-0.907809 -3.140060 0 18.962700 7.909830 206.482000 1639.880000 -13 590 1 0 1.000000
1.365470 -2.011560 0 10.516500 16.516200 205.303000 1640.000000 -13 591 1 0 1.000000
-3.652140 -3.444280 0 7.911500 -13.241100 207.130000 1639.820000 -13 592 1 0 1.000000
-0.866497 0.976714 0 -2.407280 3.564150 202.176000 1639.930000 -13 593 1 0 1.000000
-4.943770 -3.642340 0 7.919660 -14.487200 212.986000 1639.840000 -13 594 1 0 1.000000
-0.976435 -1.404730 0 1.949690 12.055900 201.525000 1639.960000 -13 595 1 0 1.000000
-2.307360 -4.568200 0 -1.135210 11.526300 201.633000 1640.070000 -13 596 1 0 1.000000
-2.064130 0.077773 0 8.480810 -6.355210 187.642000 1639.690000 -13 597 1 0 1.000000
0.680218 0.541497 0 -10.082000 8.313040 183.300000 1639.940000 -13 598 1 0 1.000000
1.329440 0.935207 0 11.935000 -1.659910 190.450000 1640.010000 -13 599 1 0 1.000000
-0.059485 2.035710 0 25.248300 -1.867370 215.991000 1639.890000 -13 600 1 0 1.000000
1.384180 2.235060 0 2.388430 -5.596840 202.618000 1639.830000 -13 601 1 0 1.000000
2.173590 -2.114420 0 -8.441010 -2.201160 202.207000 1639.910000 -13 602 1 0 1.000000
0.970880 -2.561540 0 10.133000 -9.516660 202.522000 1639.900000 -13 603 1 0 1.000000
-7.002890 -1.559440 0 11.842100 -2.313880 193.060000 1640.000000 -13 604 1 0 1.000000
-3.007080 1.577400 0 -5.066040 -17.452300 211.140000 1640.050000 -13 605 1 0 1.000000
1.509930 1.884950 0 -6.471250 0.046496 209.849000 1640.070000 -13 606 1 0 1.000000
-0.796308 -3.892100 0 12.108000 -4.575750 203.233000 1639.880000 -13 607 1 0 1.000000
-3.090670 -1.516020 0 -8.048580 6.452200 215.598000 1639.900000 -13 608 1 0 1.000000
-1.728130 -2.925820 0 -0.629307 -16.595700 200.328000 1639.920000 -13 609 1 0 1.000000
-3.159020 -1.061310 0 2.118500 2.047710 204.446000 1640.000000 -13 610 1 0 1.000000
-2.096100 -3.269570 0 2.126150 -2.625740 187.099000 1639.910000 -13 611 1 0 1.000000
-0.001142 -4.340150 0 -8.388470 7.095010 204.353000 1639.800000 -13 612 1 0 1.000000
-2.211170 -3.069190 0 -13.536500 11.784500 188.200000 1640.050000 -13 613 1 0 1.000000
-4.695570 -1.950140 0 -1.729560 -2.931400 197.054000 1639.870000 -13 614 1 0 1.000000
0.778380 0.974325 0 -15.571300 4.529460 197.443000 1639.940000 -13 615 1 0 1.000000
-1.339400 -0.192123 0 4.141040 18.037700 208.912000 1639.930000 -13 616 1 0 1.000000
0.251843 -1.448980 0 -6.739960 4.143320 202.919000 1639.850000 -13 617 1 0 1.000000
1.792400 -0.615912 0 4.375680 -9.728340 201.511000 1639.800000 -13 618 1 0 1.000000
-4.482390 -1.762300 0 14.132000 16.298000 201.223000 1639.940000 -13 619 1 0 1.000000
-1.055870 -3.183550 0 0.065013 -4.907920 186.890000 1639.930000 -13 620 1 0 1.000000
-5.330960 -1.607530 0 -13.924800 -8.858700 207.345000 1639.960000 -13 621 1 0 1.000000
-2.014740 -2.661320 0 12.021000 -14.395700 189.201000 1639.920000 -13 622 1 0 1.000000
0.315042 -2.226160 0 -3.119830 19.053700 187.778000 1640.010000 -13 623 1 0 1.000000
0.852365 -3.076060 0 2.765410 25.677600 191.787000 1640.070000 -13 624 1 0 1.000000
-6.593430 -6.031570 0 -16.499500 -1.595030 194.641000 1639.960000 -13 625 1 0 1.000000
0.048530 -0.693065 0 -1.569240 6.551700 195.421000 1640.120000 -13 626 1 0 1.000000
-2.745860 1.396440 0 -8.159800 1.473480 197.129000 1639.770000 -13 627 1 0 1.000000
-2.080970 -4.136450 0 -9.897330 -10.964200 196.967000 1639.930000 -13 628 1 0 1.000000
-2.113390 -0.138851 0 1.975490 -12.241700 188.322000 1640.060000 -13 629 1 0 1.000000
-1.393830 -5.085730 0 7.840770 -5.282660 200.407000 1639.990000 -13 630 1 0 1.000000
0.254335 0.249335 0 6.573370 0.885734 183.205000 1639.890000 -13 631 1 0 1.000000
-1.614280 -3.478910 0 -9.947230 0.626179 212.673000 1640.000000 -13 632 1 0 1.000000
2.521900 -2.950070 0 11.790700 1.229020 207.312000 1639.750000 -13 633 1 0 1.000000
-0.230238 -2.318750 0 -11.471300 10.292900 211.078000 1639.890000 -13 634 1 0 1.000000
-1.200360 -4.435630 0 18.080600 -17.553800 201.546000 1639.990000 -13 635 1 0 1.000000
-1.899010 -3.306190 0 7.555520 -18.609100 201.355000 1640.040000 -13 636 1 0 1.000000
-5.410500 3.869150 0 -16.957300 -8.499750 197.484000 1639.820000 -13 637 1 0 1.000000
-2.754610 -0.603089 0 -4.656920 -2.811600 186.246000 1639.960000 -13 638 1 0 1.000000
-0.636271 -2.140130 0 -3.554260 -14.892300 206.432000 1639.780000 -13 639 1 0 1.000000
-2.610690 -0.826820 0 7.133830 -19.084000 194.677000 1639.890000 -13 640 1 0 1.000000
1.393390 3.232540 0 -13.209900 -25.587200 205.789000 1639.990000 -13 641 1 0 1.000000
-3.657230 0.575666 0 25.281100 -9.855130 202.523000 1639.920000 -13 642 1 0 1.000000
1.345950 -5.106990 0 4.587640 17.981000 200.650000 1639.980000 -13 643 1 0 1.000000
-0.729954 -3.189370 0 -10.787300 8.695430 203.577000 1639.970000 -13 644 1 0 1.000000
0.305167 -3.369580 0 3.779230 9.543040 194.682000 1639.860000 -13 645 1 0 1.000000
-0.733393 -5.431870 0 2.069240 -22.251300 204.118000 1639.770000 -13 646 1 0 1.000000
-3.900590 -4.911720 0 -13.423800 -20.938200 215.896000 1639.840000 -13 647 1 0 1.000000
-1.335370 -1.693000 0 -13.120400 18.855800 193.406000 1639.810000 -13 648 1 0 1.000000
-2.082140 -5.833440 0 11.263500 4.872310 200.066000 1639.870000 -13 649 1 0 1.000000
0.482691 2.384240 0 2.013420 3.675660 201.193000 1640.010000 -13 650 1 0 1.000000
0.509148 0.149396 0 10.228600 -8.698040 190.323000 1639.990000 -13 651 1 0 1.000000
-2.313470 -5.108470 0 -6.964260 -0.675173 203.594000 1640.000000 -13 652 1 0 1.000000
-3.187800 0.211136 0 16.902700 17.617900 196.423000 1639.830000 -13 653 1 0 1.000000
-0.197478 -1.965020 0 0.418315 16.974200 200.777000 1639.970000 -13 654 1 0 1.000000
-2.098820 -1.974610 0 28.962600 -3.631820 179.930000 1639.890000 -13 655 1 0 1.000000
-1.529140 -6.612910 0 0.338477 -7.446130 210.292000 1639.970000 -13 656 1 0 1.000000
-4.108980 2.499040 0 -13.915600 -6.307480 204.067000 1639.860000 -13 657 1 0 1.000000
3.012090 -3.539710 0 22.678800 24.505400 208.102000 1639.980000 -13 658 1 0 1.000000
-2.885930 3.153080 0 -8.000540 -25.181500 187.804000 1639.970000 -13 659 1 0 1.000000
0.775856 -0.154906 0 -2.403320 14.354900 183.584000 1639.910000 -13 660 1 0 1.000000
-2.703470 -4.789130 0 -9.543480 -16.251500 207.223000 1640.010000 -13 661 1 0 1.000000
-0.268701 -1.327130 0 -2.497020 0.228970 193.183000 1639.750000 -13 662 1 0 1.000000
0.716340 -0.421682 0 -10.873600 -15.910800 213.974000 1639.910000 -13 663 1 0 1.000000
-1.627690 -1.240710 0 -11.939300 2.125900 205.188000 1639.970000 -13 664 1 0 1.000000
-0.215539 -5.646480 0 -9.642600 -19.876500 189.174000 1639.850000 -13 665 1 0 1.000000
-2.161040 -3.809920 0 -1.161810 -1.171890 190.272000 1639.960000 -13 666 1 0 1.000000
3.970230 -1.831930 0 -11.343900 -11.753800 203.303000 1639.920000 -13 667 1 0 1.000000
2.502830 -7.058260 0 -3.375070 15.831700 207.710000 1639.920000 -13 668 1 0 1.000000
0.675345 2.606050 0 7.310260 -14.238600 209.162000 1639.960000 -13 669 1 0 1.000000
-3.317720 -0.045040 0 -17.685200 7.941900 213.759000 1639.920000 -13 670 1 0 1.000000
-4.679370 -0.456510 0 15.525300 -14.815400 208.178000 1639.830000 -13 671 1 0 1.000000
-2.463030 -3.405630 0 -12.548400 -19.605100 198.369000 1639.930000 -13 672 1 0 1.000000
0.954278 -2.275120 0 -6.020560 -5.367580 207.586000 1640.040000 -13 673 1 0 1.000000
-0.004098 -3.365550 0 -5.550070 26.223500 185.931000 1639.880000 -13 674 1 0 1.000000
-2.687120 -2.467230 0 6.263840 -14.873500 204.336000 1639.860000 -13 675 1 0 1.000000
0.318184 1.289810 0 -16.423000 -5.780830 183.433000 1639.970000 -13 676 1 0 1.000000
-0.772560 2.511510 0 -12.045900 -22.159600 205.702000 1640.010000 -13 677 1 0 1.000000
3.274790 -4.765800 0 4.220190 1.700990 203.261000 1639.920000 -13 678 1 0 1.000000
0.351062 -0.118386 0 1.611030 6.060340 207.452000 1639.920000 -13 679 1 0 1.000000
-0.333295 -1.333590 0 6.161870 14.470200 192.805000 1639.930000 -13 680 1 0 1.000000
-0.545550 -0.441650 0 -7.287100 17.191300 186.971000 1639.840000 -13 681 1 0 1.000000
-0.964595 -3.535330 0 -10.752400 3.157290 200.488000 1640.060000 -13 682 1 0 1.000000
-0.688879 -2.734280 0 -2.862190 -2.534680 197.958000 1639.840000 -13 683 1 0 1.000000
-1.209690 -4.602080 0 -5.041410 -10.845100 207.201000 1640.090000 -13 684 1 0 1.000000
1.891680 -1.933200 0 13.236500 8.394280 200.051000 1639.870000 -13 685 1 0 1.000000
-5.003350 -7.858780 0 -15.853000 18.718900 209.394000 1640.020000 -13 686 1 0 1.000000
-1.613540 1.965260 0 4.243270 -6.047530 207.201000 1639.940000 -13 687 1 0 1.000000
-0.485839 -1.735730 0 -9.911450 -3.134910 190.831000 1639.900000 -13 688 1 0 1.000000
-1.060930 -0.118598 0 17.721200 -4.536710 193.458000 1639.990000 -13 689 1 0 1.000000
-4.039060 -5.850610 0 -3.821580 -6.469640 190.943000 1639.810000 -13 690 1 0 1.000000
1.034960 -2.799730 0 -8.587520 -15.554800 194.497000 1640.010000 -13 691 1 0 1.000000
1.263660 -2.831860 0 9.020650 -12.218500 204.725000 1639.790000 -13 692 1 0 1.000000
-4.768900 -3.287900 0 -5.437620 -5.283530 207.095000 1639.950000 -13 693 1 0 1.000000
-0.422546 -2.879960 0 -2.777750 13.836100 200.596000 1639.930000 -13 694 1 0 1.000000
-2.619940 -2.222500 0 -5.529060 -6.829950 204.626000 1639.910000 -13 695 1 0 1.000000
-2.188740 -1.382360 0 0.798500 -5.881300 194.590000 1639.960000 -13 696 1 0 1.000000
-2.067920 -3.323870 0 -18.259600 1.709580 178.699000 1639.900000 -13 697 1 0 1.000000
0.039823 -2.653630 0 -10.827600 6.482600 206.223000 1640.090000 -13 698 1 0 1.000000
-1.655890 -4.707840 0 24.901900 -23.464100 190.911000 1639.850000 -13 699 1 0 1.000000
