#BLTrackFile solenoid_cooling_channel
#x y z Px Py Pz t PDGid EvNum TrkId Parent weight
-1.686440 -2.261040 0 0.000000 0.000000 203.000000 1492.610000 -13 1 1 0 1.000000
-1.527130 -3.098680 0 -7.132780 -0.653643 209.667000 1492.610000 -13 2 1 0 1.000000
-2.372410 -5.462800 0 3.156790 10.938200 211.073000 1492.630000 -13 3 1 0 1.000000
-2.247620 1.365570 0 -13.181400 8.373680 209.550000 1492.680000 -13 4 1 0 1.000000
2.294030 -3.294180 0 20.971000 4.972990 199.489000 1492.780000 -13 5 1 0 1.000000
-2.238680 -1.030690 0 28.872100 31.891800 219.047000 1492.620000 -13 6 1 0 1.000000
0.716127 -7.011860 0 -5.549050 26.023100 211.513000 1492.730000 -13 7 1 0 1.000000
-4.808360 -1.384110 0 -14.954500 12.795400 192.329000 1492.710000 -13 8 1 0 1.000000
-4.165120 0.535316 0 -7.904470 -0.188426 183.508000 1492.500000 -13 9 1 0 1.000000
-5.815880 -3.636280 0 4.359830 -26.001900 219.603000 1492.550000 -13 10 1 0 1.000000
-5.139100 -3.420030 0 8.466350 -3.853540 216.999000 1492.660000 -13 11 1 0 1.000000
1.206500 -1.174230 0 -11.055100 9.829160 211.979000 1492.690000 -13 12 1 0 1.000000
0.320052 -0.026060 0 11.711000 21.566600 196.063000 1492.620000 -13 13 1 0 1.000000
1.928200 5.491660 0 5.456250 -3.240840 195.446000 1492.630000 -13 14 1 0 1.000000
-1.944130 0.329844 0 -19.003700 3.356410 214.473000 1492.620000 -13 15 1 0 1.000000
4.199040 -1.013500 0 -14.823300 -17.885500 218.497000 1492.620000 -13 16 1 0 1.000000
-4.950020 -3.380480 0 -15.614200 17.687900 197.400000 1492.530000 -13 17 1 0 1.000000
-2.115070 -5.263330 0 8.640480 -1.545930 201.432000 1492.800000 -13 18 1 0 1.000000
-2.007000 -0.116624 0 2.833480 -9.776180 215.078000 1492.750000 -13 19 1 0 1.000000
-3.448660 -15.879600 0 6.366070 -13.739600 202.329000 1492.630000 -13 20 1 0 1.000000
-1.816230 -3.499440 0 1.408270 -10.362300 201.948000 1492.840000 -13 21 1 0 1.000000
-5.975370 -2.243360 0 -10.731500 -9.531800 212.287000 1492.720000 -13 22 1 0 1.000000
-5.577040 0.920349 0 -0.900236 3.823660 212.649000 1492.480000 -13 23 1 0 1.000000
-1.305140 -4.861800 0 11.042400 4.381460 202.687000 1492.510000 -13 24 1 0 1.000000
-1.950910 -4.324550 0 30.481000 6.601730 215.638000 1492.540000 -13 25 1 0 1.000000
-4.951450 -2.935870 0 6.184530 0.321433 198.760000 1492.590000 -13 26 1 0 1.000000
-5.095570 -0.313153 0 2.829150 -4.034930 194.371000 1492.730000 -13 27 1 0 1.000000
-3.489820 -7.352950 0 3.817670 -3.755160 196.620000 1492.660000 -13 28 1 0 1.000000
-0.232719 -0.591094 0 2.670040 1.529750 192.099000 1492.400000 -13 29 1 0 1.000000
-7.375500 2.739350 0 -4.501720 -14.757100 210.241000 1492.750000 -13 30 1 0 1.000000
-2.600030 -5.503910 0 21.263500 -3.183980 190.865000 1492.720000 -13 31 1 0 1.000000
-2.147990 3.459570 0 10.096600 9.269770 209.443000 1492.580000 -13 32 1 0 1.000000
0.261987 -2.902900 0 19.750100 24.452500 185.996000 1492.710000 -13 33 1 0 1.000000
-2.035790 -7.493150 0 -2.181600 -5.538020 193.579000 1492.670000 -13 34 1 0 1.000000
1.164750 -0.265314 0 29.467500 3.459280 213.212000 1492.700000 -13 35 1 0 1.000000
-1.893400 -6.671640 0 4.781400 11.126000 200.289000 1492.690000 -13 36 1 0 1.000000
-5.813590 -5.814610 0 4.021390 6.349390 197.410000 1492.770000 -13 37 1 0 1.000000
-4.472260 -4.936620 0 -0.305372 21.801900 200.175000 1492.740000 -13 38 1 0 1.000000
-3.428920 -4.143340 0 8.857260 -1.062080 211.530000 1492.580000 -13 39 1 0 1.000000
-4.360420 -3.883160 0 -0.814525 -24.739200 204.695000 1492.760000 -13 40 1 0 1.000000
3.689000 -3.825030 0 9.619940 14.540600 206.247000 1492.690000 -13 41 1 0 1.000000
-9.816940 -2.387090 0 3.894050 -15.044000 212.942000 1492.670000 -13 42 1 0 1.000000
0.395884 -3.886040 0 17.772000 -3.444480 198.855000 1492.740000 -13 43 1 0 1.000000
2.106320 -2.670200 0 16.210000 -16.784000 205.773000 1492.760000 -13 44 1 0 1.000000
-5.180150 -6.196860 0 26.147100 -15.322900 217.422000 1492.770000 -13 45 1 0 1.000000
-0.707208 -8.362460 0 34.934100 -32.611300 216.221000 1492.580000 -13 46 1 0 1.000000
-0.537270 -5.481400 0 -21.755900 10.716300 193.112000 1492.560000 -13 47 1 0 1.000000
-1.867010 -1.881520 0 9.573060 -20.178700 224.104000 1492.680000 -13 48 1 0 1.000000
0.277951 4.108760 0 -11.264800 8.310930 211.945000 1492.630000 -13 49 1 0 1.000000
-0.810931 -2.563160 0 21.774900 6.334760 192.513000 1492.810000 -13 50 1 0 1.000000
-1.404570 3.162850 0 -3.396220 -7.601780 226.521000 1492.600000 -13 51 1 0 1.000000
-1.962150 1.948910 0 -15.952800 -2.633650 225.113000 1492.550000 -13 52 1 0 1.000000
-4.218140 -0.449387 0 -25.296700 -8.515320 188.399000 1492.610000 -13 53 1 0 1.000000
-4.273610 1.292620 0 14.638400 -2.057900 220.883000 1492.710000 -13 54 1 0 1.000000
-0.326499 -3.188870 0 -16.280900 -4.462160 212.986000 1492.570000 -13 55 1 0 1.000000
1.580750 -3.954650 0 -9.260720 4.253820 215.572000 1492.670000 -13 56 1 0 1.000000
-4.499260 5.504960 0 -3.928780 -14.977400 210.266000 1492.480000 -13 57 1 0 1.000000
-1.783860 -3.186630 0 0.839000 -1.472200 183.472000 1492.660000 -13 58 1 0 1.000000
-3.342310 -7.390670 0 6.028690 -23.708300 203.457000 1492.760000 -13 59 1 0 1.000000
1.112270 1.238890 0 2.409340 11.232000 200.187000 1492.520000 -13 60 1 0 1.000000
-4.455560 -8.999570 0 5.501280 -5.296480 210.052000 1492.480000 -13 61 1 0 1.000000
-0.212541 -1.129360 0 -3.040230 25.685600 208.444000 1492.650000 -13 62 1 0 1.000000
-0.054973 -2.512940 0 15.997000 8.534860 207.457000 1492.560000 -13 63 1 0 1.000000
-0.815458 -1.275400 0 12.000300 13.848500 209.374000 1492.500000 -13 64 1 0 1.000000
1.218440 0.070776 0 -0.936234 -12.197400 196.223000 1492.690000 -13 65 1 0 1.000000
-1.614660 -2.983970 0 -2.865910 -1.635020 200.048000 1492.780000 -13 66 1 0 1.000000
-5.803240 -6.213840 0 33.167400 18.011300 226.070000 1492.630000 -13 67 1 0 1.000000
-7.149850 -1.211770 0 -1.436790 -7.149780 214.513000 1492.670000 -13 68 1 0 1.000000
0.105378 1.472520 0 -0.398210 5.570040 205.955000 1492.550000 -13 69 1 0 1.000000
1.308020 -3.166630 0 11.822200 1.373240 199.725000 1492.540000 -13 70 1 0 1.000000
-5.608340 -1.930300 0 12.573500 -13.391500 194.183000 1492.680000 -13 71 1 0 1.000000
-5.221430 -0.883774 0 -0.532504 -12.542400 207.249000 1492.510000 -13 72 1 0 1.000000
-5.912640 -5.509760 0 -12.602800 9.036630 211.132000 1492.610000 -13 73 1 0 1.000000
-6.219180 0.931796 0 -5.823660 -11.853100 183.434000 1492.630000 -13 74 1 0 1.000000
-7.038700 4.336680 0 -16.111500 28.597800 201.527000 1492.490000 -13 75 1 0 1.000000
-6.534040 -2.761200 0 -2.912820 0.734700 198.517000 1492.650000 -13 76 1 0 1.000000
1.149700 -1.424760 0 5.344110 7.379900 202.583000 1492.840000 -13 77 1 0 1.000000
-6.147890 -6.047910 0 13.577700 8.560180 228.641000 1492.690000 -13 78 1 0 1.000000
-0.866624 -2.990080 0 3.822510 -5.696190 190.890000 1492.780000 -13 79 1 0 1.000000
-5.989220 -1.572380 0 -13.871600 -26.698900 194.353000 1492.580000 -13 80 1 0 1.000000
-9.318580 -6.166720 0 17.058000 -14.967100 196.773000 1492.690000 -13 81 1 0 1.000000
-2.489690 -1.247930 0 7.508240 -4.734740 208.875000 1492.480000 -13 82 1 0 1.000000
-0.480590 -4.390120 0 -15.576200 11.196000 212.692000 1492.830000 -13 83 1 0 1.000000
-2.806910 -5.529540 0 -12.461500 22.463000 208.606000 1492.460000 -13 84 1 0 1.000000
-1.831060 -2.740570 0 7.992630 -5.349700 180.051000 1492.730000 -13 85 1 0 1.000000
-1.324380 2.670580 0 -5.715990 8.573560 196.186000 1492.600000 -13 86 1 0 1.000000
-0.051032 2.407750 0 -6.002400 -3.473030 189.413000 1492.650000 -13 87 1 0 1.000000
-2.754150 -1.428120 0 -7.868530 -8.207850 217.355000 1492.560000 -13 88 1 0 1.000000
-0.622287 -0.449462 0 20.863600 -5.062560 215.868000 1492.660000 -13 89 1 0 1.000000
-5.804540 -2.501080 0 17.647900 18.748100 192.903000 1492.550000 -13 90 1 0 1.000000
-3.087870 -0.243693 0 10.168800 3.549310 209.503000 1492.570000 -13 91 1 0 1.000000
-3.702460 -7.858210 0 7.943670 8.907430 186.955000 1492.580000 -13 92 1 0 1.000000
-4.346930 -0.686919 0 10.256700 -20.307400 206.698000 1492.680000 -13 93 1 0 1.000000
-0.007374 0.416343 0 -11.147900 4.566920 195.204000 1492.480000 -13 94 1 0 1.000000
-1.373010 4.528970 0 0.845156 31.810300 203.553000 1492.510000 -13 95 1 0 1.000000
-2.640620 2.491520 0 -8.578990 -17.409500 218.782000 1492.580000 -13 96 1 0 1.000000
-4.682220 -2.923440 0 7.476290 13.124300 181.523000 1492.710000 -13 97 1 0 1.000000
-0.536994 -3.485050 0 -25.779900 6.769600 219.347000 1492.690000 -13 98 1 0 1.000000
-1.026880 -2.110540 0 0.681340 -1.277150 206.233000 1492.560000 -13 99 1 0 1.000000
-4.154070 -2.778710 0 -0.400268 -26.903300 196.042000 1492.740000 -13 100 1 0 1.000000
6.453860 -9.640470 0 -0.184871 10.230200 195.503000 1492.650000 -13 101 1 0 1.000000
3.112300 -5.908360 0 2.212700 2.710950 210.610000 1492.730000 -13 102 1 0 1.000000
-2.779670 -0.723145 0 -10.257500 -7.484520 187.023000 1492.680000 -13 103 1 0 1.000000
4.525540 -4.797650 0 7.216060 5.672640 198.932000 1492.720000 -13 104 1 0 1.000000
1.135640 -9.558660 0 12.976400 -20.430000 204.010000 1492.730000 -13 105 1 0 1.000000
-3.570610 -3.647520 0 -6.611730 4.188330 227.547000 1492.660000 -13 106 1 0 1.000000
-6.139550 -2.621460 0 -6.903150 6.385700 189.559000 1492.460000 -13 107 1 0 1.000000
2.180990 -2.204670 0 1.203360 7.507610 191.620000 1492.740000 -13 108 1 0 1.000000
-3.791340 3.074440 0 -7.634660 9.478250 208.251000 1492.400000 -13 109 1 0 1.000000
2.216170 -1.864310 0 -7.959990 1.027830 186.591000 1492.750000 -13 110 1 0 1.000000
0.996660 1.266150 0 -15.589400 13.606300 207.182000 1492.770000 -13 111 1 0 1.000000
0.584157 0.730323 0 -9.285170 5.234470 200.363000 1492.580000 -13 112 1 0 1.000000
-3.767020 3.008310 0 -5.453550 27.210600 197.411000 1492.700000 -13 113 1 0 1.000000
-5.493820 -3.402810 0 7.633930 36.686400 221.036000 1492.560000 -13 114 1 0 1.000000
-1.988030 1.621290 0 4.305270 0.368370 221.553000 1492.600000 -13 115 1 0 1.000000
3.673220 -7.421140 0 -7.464470 -8.030040 210.690000 1492.820000 -13 116 1 0 1.000000
-3.673490 -5.907950 0 -1.625570 -24.391600 185.344000 1492.550000 -13 117 1 0 1.000000
0.541369 -9.871840 0 -15.809400 4.636360 214.978000 1492.490000 -13 118 1 0 1.000000
6.916460 -8.453150 0 -5.909160 -9.235750 197.818000 1492.530000 -13 119 1 0 1.000000
-3.440970 -1.335630 0 -5.809520 5.155730 182.369000 1492.510000 -13 120 1 0 1.000000
-3.797140 -0.546688 0 3.261460 -3.937140 199.050000 1492.390000 -13 121 1 0 1.000000
0.239850 -4.500640 0 -19.428200 -12.948400 186.027000 1492.610000 -13 122 1 0 1.000000
0.851776 -3.077480 0 11.869700 -17.844000 199.906000 1492.510000 -13 123 1 0 1.000000
0.187049 -2.523140 0 -21.101700 -2.854080 195.379000 1492.750000 -13 124 1 0 1.000000
-1.249600 -3.707500 0 -7.836820 -9.170200 213.882000 1492.560000 -13 125 1 0 1.000000
1.700110 -3.329550 0 26.192900 -25.899700 198.622000 1492.610000 -13 126 1 0 1.000000
-1.720090 -0.794510 0 -8.197830 -2.846840 220.466000 1492.670000 -13 127 1 0 1.000000
-3.909750 -1.183870 0 2.391870 -19.639400 193.448000 1492.700000 -13 128 1 0 1.000000
1.294610 -1.267610 0 13.934900 -7.088940 209.295000 1492.580000 -13 129 1 0 1.000000
3.847530 -5.300600 0 19.200700 -3.950990 203.247000 1492.700000 -13 130 1 0 1.000000
5.922670 -1.254310 0 16.551500 19.743100 198.565000 1492.510000 -13 131 1 0 1.000000
2.550930 1.969200 0 -6.349000 19.394000 219.318000 1492.630000 -13 132 1 0 1.000000
-0.148706 -5.405630 0 2.223760 -14.519000 196.667000 1492.480000 -13 133 1 0 1.000000
-3.140120 -0.794065 0 -22.909800 -37.151700 220.912000 1492.790000 -13 134 1 0 1.000000
2.560350 -3.919200 0 -12.964800 -30.694300 211.991000 1492.640000 -13 135 1 0 1.000000
-1.165580 -5.326310 0 13.379900 1.355740 207.648000 1492.720000 -13 136 1 0 1.000000
-1.747180 -3.199690 0 -13.166100 29.716100 199.448000 1492.780000 -13 137 1 0 1.000000
-4.760810 -6.702590 0 6.470420 2.253940 207.776000 1492.700000 -13 138 1 0 1.000000
2.926570 -2.824800 0 10.079200 16.065000 194.020000 1492.530000 -13 139 1 0 1.000000
-3.466080 -1.756990 0 -10.173100 -10.339700 222.748000 1492.600000 -13 140 1 0 1.000000
-4.750500 -4.268040 0 -26.080200 -16.581300 209.486000 1492.400000 -13 141 1 0 1.000000
-7.809050 1.566150 0 12.238700 -27.127600 218.151000 1492.510000 -13 142 1 0 1.000000
-1.094270 -9.900300 0 -26.067300 5.648250 211.338000 1492.750000 -13 143 1 0 1.000000
-0.750008 -3.563200 0 -3.165210 16.088100 218.187000 1492.560000 -13 144 1 0 1.000000
-0.487973 0.975573 0 -7.528650 18.375900 208.248000 1492.760000 -13 145 1 0 1.000000
-6.425580 -4.319220 0 -7.547190 -18.119600 210.123000 1492.730000 -13 146 1 0 1.000000
-4.810940 -4.642420 0 -8.357070 -2.327090 213.632000 1492.570000 -13 147 1 0 1.000000
-2.671470 -6.555950 0 1.317180 12.454100 202.124000 1492.740000 -13 148 1 0 1.000000
-3.319520 3.446530 0 -3.507850 -9.941800 202.332000 1492.780000 -13 149 1 0 1.000000
-1.768420 -0.580475 0 -27.438500 -6.003060 210.123000 1492.600000 -13 150 1 0 1.000000
-2.609140 0.025328 0 31.280200 -11.550100 199.206000 1492.720000 -13 151 1 0 1.000000
-2.393510 -2.470400 0 8.466620 -3.387740 209.166000 1492.660000 -13 152 1 0 1.000000
0.096595 -2.902340 0 8.474960 -30.648100 196.820000 1492.440000 -13 153 1 0 1.000000
2.013440 -6.787460 0 13.979700 1.258820 195.137000 1492.620000 -13 154 1 0 1.000000
-4.156590 -3.835480 0 -14.034500 -23.905700 190.462000 1492.740000 -13 155 1 0 1.000000
-3.874190 4.326480 0 -1.562130 -9.598500 192.793000 1492.490000 -13 156 1 0 1.000000
-4.111160 -1.587590 0 7.330880 6.168910 227.123000 1492.680000 -13 157 1 0 1.000000
1.308530 -4.633690 0 5.720560 24.340000 190.256000 1492.650000 -13 158 1 0 1.000000
-5.068120 3.230400 0 -0.219182 22.124200 194.164000 1492.740000 -13 159 1 0 1.000000
0.114352 -2.401760 0 -8.719680 -13.562100 210.011000 1492.620000 -13 160 1 0 1.000000
-8.242680 1.097030 0 21.666600 -11.081000 198.098000 1492.430000 -13 161 1 0 1.000000
-6.081770 -0.695022 0 0.714879 -5.178150 190.199000 1492.770000 -13 162 1 0 1.000000
3.845950 2.255560 0 -7.026180 8.274850 197.576000 1492.590000 -13 163 1 0 1.000000
-5.999760 -3.490470 0 -24.848900 2.076700 213.332000 1492.660000 -13 164 1 0 1.000000
-4.753970 -4.573580 0 -7.201390 -3.532120 220.750000 1492.690000 -13 165 1 0 1.000000
-4.541400 -3.747420 0 20.979900 2.579210 213.545000 1492.480000 -13 166 1 0 1.000000
-5.574040 -2.461940 0 -3.994160 2.245400 225.338000 1492.660000 -13 167 1 0 1.000000
-5.466090 -3.353060 0 -24.541100 9.463770 198.438000 1492.450000 -13 168 1 0 1.000000
-6.621130 -5.017130 0 -9.609020 -43.226000 210.781000 1492.680000 -13 169 1 0 1.000000
-2.401180 -2.918760 0 29.023700 -5.332540 211.641000 1492.460000 -13 170 1 0 1.000000
2.630620 -2.811600 0 7.895190 10.873500 203.832000 1492.550000 -13 171 1 0 1.000000
-1.450760 2.627970 0 -22.859800 -3.525700 214.322000 1492.770000 -13 172 1 0 1.000000
3.754290 -4.159320 0 -2.864390 7.774680 187.339000 1492.500000 -13 173 1 0 1.000000
-4.226230 -6.287430 0 14.994300 -9.704610 199.604000 1492.840000 -13 174 1 0 1.000000
-5.810130 -6.332870 0 10.507200 -3.683370 209.614000 1492.800000 -13 175 1 0 1.000000
-6.630030 4.303910 0 3.501980 2.026520 216.645000 1492.640000 -13 176 1 0 1.000000
-0.027946 -6.277380 0 5.788270 15.622200 211.670000 1492.790000 -13 177 1 0 1.000000
0.158545 4.661270 0 22.929600 -9.155160 195.516000 1492.580000 -13 178 1 0 1.000000
-1.404520 -0.898137 0 -2.725990 -15.210200 188.978000 1492.700000 -13 179 1 0 1.000000
-0.658661 -4.338000 0 -19.688600 -11.483300 214.996000 1492.680000 -13 180 1 0 1.000000
0.337706 -3.532080 0 -13.805200 25.800400 212.876000 1492.640000 -13 181 1 0 1.000000
-2.617780 -2.179570 0 7.157460 -1.162570 201.348000 1492.670000 -13 182 1 0 1.000000
-1.639660 2.348090 0 0.916071 2.056890 210.595000 1492.670000 -13 183 1 0 1.000000
-0.975631 -8.036120 0 29.086000 2.679100 194.282000 1492.680000 -13 184 1 0 1.000000
-0.133963 -0.700740 0 6.012850 2.297860 183.976000 1492.460000 -13 185 1 0 1.000000
1.035750 3.493860 0 0.353201 6.572660 188.047000 1492.530000 -13 186 1 0 1.000000
2.135600 -7.966590 0 13.683100 15.542400 191.862000 1492.620000 -13 187 1 0 1.000000
3.673000 -1.354290 0 -13.339600 -3.607690 204.545000 1492.740000 -13 188 1 0 1.000000
-0.567452 3.370860 0 -5.819330 17.720500 197.369000 1492.610000 -13 189 1 0 1.000000
-7.903320 -0.751936 0 -9.258890 -2.529300 216.722000 1492.760000 -13 190 1 0 1.000000
-4.988070 0.108944 0 -18.448400 7.793750 213.569000 1492.590000 -13 191 1 0 1.000000
-4.653940 -4.320870 0 -9.032110 -10.055400 185.189000 1492.630000 -13 192 1 0 1.000000
-1.612340 3.858600 0 -7.239130 -17.383300 194.971000 1492.620000 -13 193 1 0 1.000000
0.705162 1.914070 0 -12.053300 21.616300 191.781000 1492.600000 -13 194 1 0 1.000000
1.585000 -7.235020 0 -9.495790 16.412400 211.096000 1492.500000 -13 195 1 0 1.000000
-5.309680 -5.675410 0 8.270280 -18.694400 201.384000 1492.720000 -13 196 1 0 1.000000
-1.201300 -5.280820 0 9.882000 9.904410 207.828000 1492.740000 -13 197 1 0 1.000000
-4.288310 -3.080910 0 -11.754600 0.626621 202.070000 1492.500000 -13 198 1 0 1.000000
-4.523870 -1.628010 0 -1.814160 28.841400 217.612000 1492.370000 -13 199 1 0 1.000000
-2.936430 -2.306510 0 -0.614889 -5.813100 204.985000 1492.570000 -13 200 1 0 1.000000
0.098494 1.001440 0 9.031660 16.356000 209.081000 1492.570000 -13 201 1 0 1.000000
-2.063660 0.352981 0 -11.426700 23.572800 202.051000 1492.720000 -13 202 1 0 1.000000
0.472974 -4.481150 0 22.978900 -14.386100 192.765000 1492.540000 -13 203 1 0 1.000000
-8.609820 -4.862810 0 -1.220210 -21.812500 205.934000 1492.600000 -13 204 1 0 1.000000
-4.867090 -1.845980 0 -9.904140 17.766900 210.077000 1492.580000 -13 205 1 0 1.000000
-9.387620 1.233790 0 12.955300 8.607240 192.150000 1492.610000 -13 206 1 0 1.000000
-1.356020 1.751410 0 -11.149400 4.061410 213.072000 1492.550000 -13 207 1 0 1.000000
-1.873950 -3.159880 0 13.343700 -12.889200 191.257000 1492.680000 -13 208 1 0 1.000000
-4.047280 -0.450482 0 -5.607800 -1.952480 208.741000 1492.620000 -13 209 1 0 1.000000
-3.138130 -0.846060 0 9.405590 -4.023210 205.671000 1492.810000 -13 210 1 0 1.000000
-2.714440 5.755880 0 -24.118300 8.813860 215.260000 1492.550000 -13 211 1 0 1.000000
0.523514 -2.895660 0 7.507460 -36.658800 205.292000 1492.490000 -13 212 1 0 1.000000
3.384020 -5.632480 0 -4.267760 5.255810 205.054000 1492.510000 -13 213 1 0 1.000000
-0.880944 -1.345800 0 24.903300 9.470200 191.033000 1492.640000 -13 214 1 0 1.000000
-3.458010 -0.972039 0 0.724091 -5.320170 178.266000 1492.590000 -13 215 1 0 1.000000
-0.578467 -1.423430 0 -8.493310 12.948800 212.025000 1492.670000 -13 216 1 0 1.000000
-3.097070 0.081017 0 24.883000 31.313800 223.541000 1492.560000 -13 217 1 0 1.000000
-8.016990 -1.924380 0 -15.025900 -17.981300 198.780000 1492.580000 -13 218 1 0 1.000000
0.511298 -4.020460 0 6.114620 30.807500 214.946000 1492.640000 -13 219 1 0 1.000000
-3.298350 -3.142940 0 -2.962220 15.918600 198.895000 1492.740000 -13 220 1 0 1.000000
-5.855470 -0.015761 0 2.864160 -2.450720 214.067000 1492.750000 -13 221 1 0 1.000000
-1.221940 -0.947078 0 4.438500 4.233060 207.643000 1492.710000 -13 222 1 0 1.000000
3.982790 -6.901560 0 -2.988840 11.398100 204.842000 1492.580000 -13 223 1 0 1.000000
1.823360 -0.432070 0 -23.758700 -1.318920 194.037000 1492.640000 -13 224 1 0 1.000000
4.225640 1.414570 0 -17.293300 -11.903000 204.496000 1492.460000 -13 225 1 0 1.000000
-5.819790 2.993090 0 2.792830 -5.611240 194.803000 1492.700000 -13 226 1 0 1.000000
0.581049 -3.697610 0 27.286300 7.817290 217.080000 1492.620000 -13 227 1 0 1.000000
-7.096520 -2.604140 0 -10.702800 -8.081590 210.889000 1492.770000 -13 228 1 0 1.000000
1.966590 0.960284 0 -10.452900 -0.451228 184.558000 1492.640000 -13 229 1 0 1.000000
