#BLTrackFile VirtualDetector/beamDet
#x y z Px Py Pz t PDGid EventID TrackID ParentID Weight
#mm mm mm MeV/c MeV/c MeV/c ns - - - - -
-2.76497 77.0962 68700 -32.9908 50.1966 276.535 213.931 -13 2 1 0 3.89519
-79.2021 115.9 68700 28.0716 33.0545 596.014 208.639 -13 11 1 0 3.46038
10.6443 21.2636 68700 12.1118 -16.65 261.442 213.812 -13 14 1 0 1.65292e-05
-147.401 -2.26082 68700 -42.04 2.49123 229.034 260.664 -13 16 1 0 5.55709
-50.8001 -3.81965 68700 -25.9674 -4.68402 218.676 269.839 -13 17 1 0 3.08083
-89.4187 43.4245 68700 -42.3979 5.71518 216.306 400.01 -13 22 1 0 0.97873
-1.70355 -30.0159 68700 34.0478 52.3866 533.043 208.437 -13 43 1 0 4.34222e-05
-110.724 -31.3545 68700 -48.8969 -19.5204 223.831 303.422 -13 44 1 0 6.8029
-2.77651 -13.0627 68700 -22.5548 -8.23815 237.186 334.857 -13 48 1 0 6.20948
-41.561 63.8677 68700 -31.4561 15.9444 230.192 247.077 -13 51 1 0 7.83605
181.83 -150.243 68700 36.9354 -27.1904 180.758 229.511 -13 53 1 0 5.15724e-05
11.7499 95.4777 68700 -18.623 27.1616 236.011 247.118 -13 57 1 0 5.5667
74.2594 111.347 68700 8.44076 42.8051 193.633 255.569 -13 59 1 0 8.43137
48.1294 83.0494 68700 40.8409 7.01959 381.973 214.705 -13 66 1 0 0.617262
59.9006 -112.177 68700 3.74392 -40.3379 427.833 218.398 -13 70 1 0 6.10568e-05
161.204 13.9519 68700 32.7264 24.3586 220.066 272.945 -13 71 1 0 1.47212
28.4699 20.6064 68700 5.39026 12.0277 243.534 306.489 -13 82 1 0 3.6536e-07
-29.4253 39.478 68700 -9.33774 5.92837 220.455 377.113 -13 92 1 0 1.46342e-06
14.5951 35.0226 68700 -7.88437 28.6737 238.746 309.239 -13 99 1 0 5.77539
124.385 -3.15559 68700 41.5354 5.69344 210.352 437.071 -13 100 1 0 5.59408
46.72 -76.1961 68700 63.7937 -17.2828 354.493 213.008 -13 123 1 0 5.4579
-1.04603 -13.3463 68700 -24.6751 62.5999 372.538 211.844 -13 130 1 0 6.22493
-11.0513 -165.995 68700 3.91424 -16.3492 138.43 218.762 -13 133 1 0 4.78776
63.4296 -26.315 68700 3.12748 1.97596 309.598 214.34 -13 158 1 0 3.16736
-35.552 -66.8792 68700 -13.34 -1.3081 257.033 291.975 -13 162 1 0 1.09733
42.2847 117.915 68700 11.2092 61.0878 240.228 281.016 -13 164 1 0 9.75465
-76.1213 42.7411 68700 -23.3911 28.6697 237.877 360.664 -13 165 1 0 9.43247e-07
-128.652 51.3214 68700 9.90791 35.5575 645.461 210.193 -13 168 1 0 3.45859e-05
65.4194 6.34653 68700 21.7595 -2.84451 271.807 213.813 -13 173 1 0 8.00629e-07
13.4766 58.0915 68700 8.93692 28.1771 258.18 263.557 -13 175 1 0 2.55383e-05
69.918 -12.6669 68700 -3.49356 45.2797 530.724 210.82 -13 178 1 0 5.47307
10.0914 -14.3054 68700 2.21892 -1.20946 232.881 266.939 -13 189 1 0 8.94262
-36.2004 -5.57764 68700 -14.5718 2.96039 219.62 369.289 -13 197 1 0 2.32157e-06
-213.726 111.533 68700 -55.6502 10.7957 179.215 265.411 -13 214 1 0 3.18278e-05
48.9481 56.5667 68700 12.5153 27.0008 232.423 391.627 -13 227 1 0 3.38436
-5.93597 -70.358 68700 -5.31204 -31.2449 202.046 274.844 -13 234 1 0 6.03325
-1.81463 -79.6196 68700 9.28715 -10.0321 232.092 258.16 -13 245 1 0 7.88388
19.7888 66.46 68700 5.4138 42.498 247.22 286.322 -13 248 1 0 5.7203
18.8726 -9.70551 68700 3.70441 -5.79605 238.132 263.574 -13 261 1 0 6.69532
-49.1084 32.9812 68700 -16.1632 23.5883 230.042 292.434 -13 263 1 0 8.52316
63.3887 -58.3513 68700 7.81089 -35.4564 313.953 215.181 -13 274 1 0 5.84778
-53.1328 49.8696 68700 -25.424 6.59441 194.873 357.985 -13 275 1 0 9.60226
29.6099 -13.314 68700 34.4091 -25.1566 296.036 210.468 -13 280 1 0 1.76718
100.676 -35.4652 68700 54.8849 -8.07992 249.721 369.106 -13 284 1 0 9.51319e-07
-13.6061 29.3719 68700 -1.83664 16.3712 235.006 281.323 -13 295 1 0 1.06454e-05
72.1121 105.538 68700 12.2553 44.9897 231.217 405.983 -13 298 1 0 3.16218
10.9987 -49.2136 68700 -42.619 6.14955 327.037 211.358 -13 304 1 0 0.270847
-12.9518 37.3524 68700 -14.252 24.0241 219.982 334.748 -13 307 1 0 8.59379
-155.279 145.708 68700 -63.324 31.2518 213.54 334.535 -13 314 1 0 5.41835
-60.5765 77.5235 68700 -24.9306 30.8 228.665 365.886 -13 317 1 0 6.93977
-54.3865 -59.1984 68700 -16.1578 17.4434 422.272 207.959 -13 319 1 0 3.03816
26.4862 -48.8328 68700 18.9544 -15.7991 206.554 255.099 -13 320 1 0 6.27084
8.30459 -12.6593 68700 -7.05724 -0.395914 250.801 274.985 -13 335 1 0 6.49024
-32.0709 -26.9299 68700 -24.8191 -4.29287 258.361 252.612 -13 343 1 0 5.15578
2.23655 36.9145 68700 -5.14291 8.87987 237.373 280.418 -13 352 1 0 6.12126
-23.5359 19.7409 68700 -21.6502 11.3021 254.385 246.804 -13 371 1 0 2.28688e-05
40.0542 -71.9737 68700 7.20328 -12.3349 200.433 414.084 -13 388 1 0 7.16982
-150.872 3.35848 68700 -87.8248 19.7867 278.445 217.469 -13 401 1 0 4.47748
-26.6804 89.6701 68700 -11.8349 33.7474 231.468 252.828 -13 408 1 0 1.50635
-63.4653 -121.273 68700 -19.3198 -59.1611 239.02 374.244 -13 421 1 0 2.07513e-06
90.0012 123.497 68700 21.3759 50.6491 223.433 278.1 -13 423 1 0 8.80418
22.3215 159.067 68700 -6.2646 59.4248 239.2 300.808 -13 424 1 0 7.10436
-70.9524 -14.8005 68700 14.1621 21.682 329.35 212.468 -13 432 1 0 2.09154e-05
-99.3924 55.9613 68700 -43.0558 8.91061 235.251 411.695 -13 433 1 0 5.08131
36.7453 48.077 68700 28.6992 -44.5073 412.044 213.441 -13 436 1 0 3.8705e-06
-205.785 226.876 68700 -69.7371 36.8511 185.684 218.196 -13 438 1 0 5.97016
7.12403 -38.055 68700 0.639635 -18.1176 230.893 420.348 -13 440 1 0 2.60695
43.7314 159.021 68700 1.69832 58.3994 210.635 255.843 -13 448 1 0 6.71447e-06
90.2891 -51.8887 68700 29.1048 -3.57561 210.292 351.718 -13 454 1 0 5.30043
-4.06253 132.746 68700 -11.3755 43.1515 233.028 405.824 -13 455 1 0 5.30043
-29.7298 -235.839 68700 -0.81383 -72.7419 184.911 220.751 -13 465 1 0 5.87843e-06
67.385 -59.9958 68700 23.4899 -26.3408 217.915 272.566 -13 466 1 0 5.03542e-07
125.526 38.071 68700 19.7372 23.5597 215.924 247.085 -13 470 1 0 6.76288
-78.6186 38.558 68700 -53.1281 7.87891 242.106 301.028 -13 501 1 0 4.33896e-06
-58.1065 -48.8431 68700 -17.1086 -12.8452 189.139 264.059 -13 507 1 0 7.97616
-41.4262 73.4252 68700 7.34883 63.747 338.339 215.31 -13 508 1 0 1.7381e-05
-67.4433 21.604 68700 3.41256 58.6865 329.6 221.895 -13 509 1 0 4.62583e-05
8.61296 -52.2311 68700 49.9951 35.0693 333.33 208.981 -13 511 1 0 7.74745e-06
-35.1828 -2.7524 68700 4.39354 3.787 276.402 207.855 -13 518 1 0 4.66307
-76.8515 25.8117 68700 22.2354 10.528 332.738 208.104 -13 526 1 0 5.39645
-18.7827 -54.2848 68700 -5.33868 18.2984 294.968 215.634 -13 529 1 0 6.87464
-16.0148 132.53 68700 24.3975 14.1388 389.457 215.584 -13 531 1 0 3.83974e-05
53.0903 36.4788 68700 11.8104 25.8507 227.371 397.718 -13 533 1 0 1.30391e-06
-64.8976 -179.351 68700 -11.1435 -59.6877 203.008 283.829 -13 534 1 0 5.59948
56.4359 16.5528 68700 8.69372 15.6181 241.131 280.755 -13 535 1 0 5.59948
-30.7568 -35.2901 68700 -2.56799 -16.3512 207.949 397.2 -13 539 1 0 0.590542
10.8595 -53.7509 68700 8.2078 -19.3511 255.186 513.767 -13 541 1 0 7.39192
-29.1584 -78.8104 68700 -26.0801 -10.3443 398.795 211.656 -13 554 1 0 0.399319
-8.44832 -2.13422 68700 -10.2006 -5.99197 238.946 331.704 -13 558 1 0 6.16364
-367.383 24.3162 68700 -74.0511 -18.2159 165.621 227.565 -13 559 1 0 7.78125
25.5732 -202.589 68700 15.0248 -72.5898 194.873 329.489 -13 566 1 0 6.22193
66.5656 1.21894 68700 13.6706 -3.73609 245.598 357.216 -13 577 1 0 7.76002
38.9667 171.406 68700 1.00272 62.164 219.115 249.318 -13 579 1 0 8.90826
-82.9065 131.87 68700 -36.9119 82.0413 239.95 222.525 -13 580 1 0 5.55731
2.74406 -82.3059 68700 -6.65578 -20.2369 232.494 249.37 -13 602 1 0 0.882374
19.6728 69.3065 68700 2.80783 30.439 247.038 374.495 -13 609 1 0 0.587977
9.9931 61.3565 68700 -4.47387 24.0658 219.044 264.348 -13 613 1 0 9.24747
61.3946 166.025 68700 -0.386794 47.3549 205.779 408.764 -13 620 1 0 6.77652
-19.472 -89.8361 68700 -13.2552 -43.4486 234.606 380.365 -13 631 1 0 1.61904e-06
-9.58676 -21.1768 68700 8.29351 -4.22844 254.794 280.69 -13 633 1 0 0.928578
-25.5656 24.2486 68700 -26.8867 8.29441 233.724 445.366 -13 652 1 0 5.88279
-17.3016 49.2326 68700 -15.2187 21.7119 282.589 213.373 -13 661 1 0 4.68522
-108.813 -52.7896 68700 42.0219 2.60617 382.468 213.593 -13 669 1 0 5.66376
122.983 26.6507 68700 23.283 19.3076 218.343 340.817 -13 671 1 0 1.8198e-05
-286.519 214.731 68700 -79.1442 24.9454 178.496 218.314 -13 672 1 0 6.76933
136.847 11.5177 68700 46.986 22.4242 231.851 334.79 -13 675 1 0 6.46572
44.6736 -85.4586 68700 16.1405 -50.3222 245.305 366.052 -13 681 1 0 5.05363
89.6547 -91.2577 68700 23.9745 -32.6535 203.11 329.433 -13 697 1 0 5.48644
-18.7763 68.3695 68700 -13.2694 23.4138 244.74 246.421 -13 700 1 0 6.16495
89.0567 92.5039 68700 8.30065 26.6561 204.222 351.767 -13 703 1 0 5.30018
-57.3563 -1.77044 68700 -27.0885 -9.35938 224.457 335.134 -13 705 1 0 3.02814e-07
-11.5418 13.2759 68700 -13.5146 20.1237 382.396 209.713 -13 708 1 0 5.65276
-26.106 11.7097 68700 6.4232 76.185 415.031 210.139 -13 719 1 0 4.94537
56.2879 21.2093 68700 9.33674 7.69275 207.074 306.201 -13 725 1 0 9.67872
20.9834 47.5038 68700 4.65131 29.1512 245.4 261.002 -13 728 1 0 6.32689
-37.78 -64.0884 68700 -16.0998 -22.4454 201.751 297.49 -13 736 1 0 0.803275
71.1418 131.729 68700 22.2368 49.4776 232.4 243.98 -13 752 1 0 6.79127
12.0938 -21.2365 68700 -0.987692 -2.02325 216.21 286.214 -13 756 1 0 5.91209
116.425 4.11649 68700 31.8985 13.4726 238.537 323.556 -13 776 1 0 0.520439
65.8234 -168.74 68700 14.9162 -29.8728 158.377 220.77 -13 795 1 0 5.52783e-06
52.1375 44.2961 68700 36.7357 32.0385 246.216 340.511 -13 811 1 0 2.01975e-06
5.6657 -54.7475 68700 4.2196 -19.3013 240.233 454.187 -13 814 1 0 0.846377
75.9118 34.1399 68700 14.4257 18.9918 208.239 417.188 -13 821 1 0 5.38565
-209.708 -44.55 68700 -44.6647 -21.8486 165.65 217.555 -13 838 1 0 3.53846
62.2679 -43.8841 68700 17.8481 4.11896 240.512 303.359 -13 840 1 0 5.5544
4.86929 -58.8285 68700 -10.1921 -29.2061 220.297 269.121 -13 844 1 0 1.2811
-29.0642 -3.22056 68700 -6.38998 -18.5839 242.753 252.37 -13 846 1 0 2.83827e-06
-85.0812 8.73756 68700 -39.6266 -3.9453 240.841 280.804 -13 847 1 0 6.17867
-157.316 52.656 68700 -57.2872 0.552931 206.12 281.682 -13 850 1 0 7.42353e-06
8.68258 59.399 68700 10.4677 11.5161 219.619 261.002 -13 861 1 0 6.44224
282.092 -192.422 68700 66.7371 -13.4272 176.099 221.267 -13 863 1 0 5.64333
-38.8655 18.5588 68700 -7.18891 2.85481 223.651 482.459 -13 866 1 0 2.57558e-06
48.1709 -31.6785 68700 -8.07513 -16.4857 274.621 210.754 -13 871 1 0 2.42798e-05
32.3763 27.9519 68700 12.8244 15.2246 237.123 244.003 -13 874 1 0 4.143
29.9424 61.1668 68700 3.08498 37.2244 236.495 352.006 -13 878 1 0 4.25295e-05
-108.893 4.05395 68700 4.46656 -38.5844 358.256 214.075 -13 881 1 0 5.96274
-85.9453 -41.2952 68700 -35.676 5.16937 401.621 212.217 -13 883 1 0 1.8966e-08
57.1752 -48.1262 68700 17.0665 -16.7432 228.831 309.681 -13 889 1 0 6.20443
-20.2155 -5.75413 68700 -8.89391 -10.3264 209.295 351.741 -13 910 1 0 5.97923
-19.9498 8.9121 68700 -10.0715 -2.41628 269.088 212.952 -13 917 1 0 7.13768
19.6284 6.56232 68700 -5.62269 7.76604 239.704 277.893 -13 924 1 0 3.60996e-05
-199.162 278.214 68700 -72.9079 52.6492 189.325 217.734 -13 927 1 0 6.57747
-18.8364 141.925 68700 -34.7782 66.6228 279.731 214.779 -13 937 1 0 5.70151
-110.868 -96.4363 68700 9.14101 -18.0611 622.974 209.947 -13 939 1 0 4.88658
59.5615 64.4403 68700 7.07715 27.3598 210.514 222.248 -13 941 1 0 1.96775e-05
88.6425 126.259 68700 41.8212 84.4747 263.535 235.595 -13 944 1 0 6.25953
36.859 89.4944 68700 -2.93639 16.2759 207.615 315.021 -13 951 1 0 5.62814
-4.50579 -146.155 68700 6.86871 -32.5488 177.89 211.626 -13 955 1 0 3.30647e-05
-28.268 34.6296 68700 -16.0899 14.5525 232.947 249.392 -13 961 1 0 1.1409e-05
-86.482 -65.6383 68700 48.3034 8.16301 581.61 207.039 -13 968 1 0 1.83679e-05
-93.0496 3.86567 68700 -40.167 -2.53313 220.94 249.222 -13 970 1 0 1.04441e-05
-22.0049 13.9208 68700 -14.5848 -7.09931 229.021 303.405 -13 972 1 0 6.51167
31.709 10.0093 68700 14.6671 1.22556 238.961 326.484 -13 981 1 0 7.61486
-15.0439 35.9118 68700 -6.11162 8.9351 239.041 317.917 -13 992 1 0 6.97112
7.16421 101.504 68700 -6.27033 39.0536 218.29 287 -13 995 1 0 9.28962e-06
-100.533 -12.2648 68700 -34.8354 -1.23521 216.105 254.913 -13 1004 1 0 10.0226
14.8667 -3.09946 68700 3.27101 9.40473 214.847 289.07 -13 1005 1 0 1.5608e-06
-122.443 -10.7435 68700 -30.0291 -12.6876 173.728 366.323 -13 1006 1 0 5.71466
-32.03 70.7712 68700 -22.3192 22.646 228.677 442.973 -13 1009 1 0 8.65798
12.913 -17.1628 68700 15.509 -1.90678 232.819 524.881 -13 1019 1 0 5.10212
-127.353 0.230639 68700 -84.6781 6.92883 254.656 214.207 -13 1027 1 0 6.18033
-23.9229 105.133 68700 -23.5798 39.3217 223.718 241.305 -13 1036 1 0 4.65092
11.6048 -82.8879 68700 6.95074 -25.3666 216.525 238.288 -13 1037 1 0 5.97274
-84.605 36.4359 68700 -33.2527 16.649 239.937 374.297 -13 1044 1 0 0.0114829
-44.1834 81.8692 68700 -21.4038 38.1174 242.234 275.21 -13 1048 1 0 5.02575
131.486 17.8306 68700 29.8431 16.5938 191.322 292.301 -13 1058 1 0 6.64192
-14.0028 -22.8221 68700 -0.678077 -6.24832 214.425 263.52 -13 1059 1 0 5.1924
-22.4077 215.305 68700 -21.3941 69.6895 207.766 269.303 -13 1065 1 0 7.80074
-73.0218 254.332 68700 -48.113 29.7782 185.037 221.032 -13 1070 1 0 1.05591
-142.93 39.7094 68700 -63.3214 7.07149 220.775 287.11 -13 1072 1 0 8.90201
-77.2047 28.4513 68700 -25.3338 3.78306 206.677 252.205 -13 1080 1 0 6.10812
-49.7885 -43.5422 68700 -24.6695 -3.46294 215.502 243.731 -13 1083 1 0 0.486558
-120.827 -43.432 68700 -34.016 -36.2453 195.074 300.998 -13 1085 1 0 5.15616
-94.0973 -83.4018 68700 -35.3971 -12.7313 414.684 208.1 -13 1087 1 0 3.86465
116.304 47.3795 68700 45.3791 27.8622 258.196 258.116 -13 1090 1 0 2.0185
65.6123 42.9545 68700 51.6821 -23.6388 409.586 209.324 -13 1093 1 0 1.89321e-05
88.1529 -91.5118 68700 69.3911 -7.79876 357.642 215.132 -13 1095 1 0 1.08827
74.3638 -51.9708 68700 27.0772 -18.3836 203.933 249.546 -13 1097 1 0 9.33596
-30.6065 -29.4446 68700 -12.8064 -18.4222 212.752 334.667 -13 1107 1 0 5.11874
10.6564 -33.2657 68700 8.41326 -15.574 232.312 252.396 -13 1109 1 0 1.04856e-05
-16.9857 -53.1998 68700 4.58113 -41.9288 267.403 218.708 -13 1110 1 0 1.95148e-06
-32.4863 26.9767 68700 5.15717 18.7442 319.218 213.415 -13 1115 1 0 4.88722e-06
3.69838 -3.02832 68700 0.978803 15.5536 250.345 289.402 -13 1127 1 0 1.94421e-05
41.7985 21.2556 68700 24.2935 17.6247 240.03 408.616 -13 1133 1 0 5.5155
-2.48033 14.934 68700 -8.76872 -1.37235 228.724 280.815 -13 1135 1 0 9.47828
-79.2726 96.762 68700 -13.1187 72.7839 348.016 229.309 -13 1143 1 0 9.04124
368.864 18.5719 68700 96.143 37.7478 219.525 395.908 -13 1151 1 0 0.659305
56.4491 28.9964 68700 17.0497 82.193 379.208 211.18 -13 1161 1 0 4.81948
23.5546 90.0022 68700 7.10361 45.0663 239.938 269.496 -13 1164 1 0 9.47266e-07
-78.7426 -5.96295 68700 23.5008 38.671 547.875 207.438 -13 1169 1 0 4.95878
35.671 -64.8062 68700 -21.731 7.02596 474.904 207.489 -13 1174 1 0 6.54087e-06
98.8003 -121.523 68700 26.8666 -42.8156 375.241 218.047 -13 1185 1 0 1.23757e-05
-100.241 143.971 68700 -43.6753 38.8996 214.238 278.427 -13 1187 1 0 5.31064
32.0878 -20.1129 68700 10.9166 -1.38446 216.419 377.113 -13 1190 1 0 5.12479
-57.6367 -34.2729 68700 -24.556 12.9954 418.949 208.747 -13 1201 1 0 1.60391e-05
158.944 -49.8689 68700 55.9358 -8.39094 232.393 241.208 -13 1204 1 0 4.31054
-18.5223 95.8773 68700 -12.2119 5.9039 172.362 217.971 -13 1212 1 0 6.57239
-18.1685 50.3885 68700 7.53524 46.8078 239.798 335.598 -13 1213 1 0 0.00936173
-34.3107 10.9556 68700 -17.7549 57.0211 290.993 212.792 -13 1214 1 0 4.9116
42.6618 -36.2149 68700 -6.52381 -20.3905 308.144 215.361 -13 1220 1 0 5.20387
23.2354 -148.818 68700 -11.3516 -19.6484 518.473 210.77 -13 1221 1 0 1.6671e-05
69.505 -48.2323 68700 13.8132 6.04585 287.479 213.806 -13 1226 1 0 3.37648e-05
