#BLTrackFile VirtualDetector/beamDet
#x y z Px Py Pz t PDGid EventID TrackID ParentID Weight
#mm mm mm MeV/c MeV/c MeV/c ns - - - - -
-23.7879 106.884 68870 -35.0462 47.1938 276.811 214.55 -13 2 1 0 3.89519
-70.8908 125.867 68870 30.1918 36.7737 595.692 209.216 -13 11 1 0 3.46038
19.2366 10.7556 68870 14.2641 -15.6785 261.394 214.425 -13 14 1 0 1.65292e-05
-178.792 -0.406515 68870 -42.5042 2.54949 228.948 261.297 -13 16 1 0 5.55709
-70.8474 -8.01344 68870 -25.5878 -6.05585 218.687 270.472 -13 17 1 0 3.08083
-122.449 47.0655 68870 -41.6786 3.67552 216.49 400.651 -13 22 1 0 0.97873
8.56311 -13.0478 68870 30.4225 53.9725 533.104 209.019 -13 43 1 0 4.34222e-05
-147.396 -46.9388 68870 -47.7284 -21.3841 223.913 304.063 -13 44 1 0 6.8029
-18.7837 -19.8106 68870 -22.0811 -10.5434 237.139 335.48 -13 48 1 0 6.20948
-64.689 74.8195 68870 -31.1577 13.8188 230.37 247.707 -13 51 1 0 7.83605
216.078 -176.199 68870 35.9485 -28.0224 180.83 230.184 -13 53 1 0 5.15724e-05
-1.61048 114.154 68870 -18.4372 24.8113 236.284 247.744 -13 57 1 0 5.5667
80.7045 148.259 68870 6.4897 41.426 194.008 256.227 -13 59 1 0 8.43137
66.7682 86.4698 68870 42.8774 8.29349 381.725 215.297 -13 66 1 0 0.617262
61.1584 -128.548 68870 2.57351 -42.0418 427.678 218.985 -13 70 1 0 6.10568e-05
185.475 32.1554 68870 30.4134 22.8543 220.558 273.582 -13 71 1 0 1.47212
31.9632 28.8724 68870 4.66856 11.6425 243.568 307.107 -13 82 1 0 3.6536e-07
-36.4574 43.9907 68870 -8.87626 5.80394 220.477 377.742 -13 92 1 0 1.46342e-06
8.14913 54.87 68870 -9.87534 27.2483 238.839 309.863 -13 99 1 0 5.77539
157.532 1.85578 68870 40.5758 6.61673 210.513 437.715 -13 100 1 0 5.59408
76.9524 -83.7259 68870 62.4032 -14.3241 354.873 213.609 -13 123 1 0 5.4579
-13.5568 14.7567 68870 -29.4286 60.7791 372.494 212.442 -13 130 1 0 6.22493
-7.83091 -185.451 68870 1.59211 -15.5337 138.57 219.479 -13 133 1 0 4.78776
64.8466 -25.7292 68870 2.07566 0.159433 309.613 214.939 -13 158 1 0 3.16736
-45.0775 -67.8456 68870 -15.429 -1.60918 256.914 292.589 -13 162 1 0 1.09733
49.1587 161.023 68870 8.53692 60.7732 240.417 281.652 -13 164 1 0 9.75465
-93.4947 63.1768 68870 -25.1571 28.5052 237.717 361.291 -13 165 1 0 9.43247e-07
-126.041 61.2769 68870 9.93638 39.9887 645.201 210.768 -13 168 1 0 3.45859e-05
79.1338 4.57233 68870 22.0995 -2.86358 271.78 214.424 -13 173 1 0 8.00629e-07
18.9964 76.7825 68870 7.88271 28.5697 258.171 264.173 -13 175 1 0 2.55383e-05
68.3734 1.44357 68870 -6.0969 42.8408 530.903 211.401 -13 178 1 0 5.47307
11.5415 -15.2234 68870 1.77062 -1.31495 232.884 267.562 -13 189 1 0 8.94262
-47.7325 -3.52571 68870 -15.189 2.36957 219.585 369.919 -13 197 1 0 2.32157e-06
-265.414 121.351 68870 -53.6948 10.1731 179.846 266.092 -13 214 1 0 3.18278e-05
57.6239 76.2233 68870 11.2787 26.7362 232.516 392.254 -13 227 1 0 3.38436
-9.70313 -96.8163 68870 -3.70641 -31.6095 202.025 275.491 -13 234 1 0 6.03325
4.40879 -86.6044 68870 7.70962 -9.07115 232.189 258.784 -13 245 1 0 7.88388
22.6601 95.6153 68870 3.07578 42.2923 247.296 286.946 -13 248 1 0 5.7203
21.5863 -13.9109 68870 3.90263 -5.98942 238.124 264.195 -13 261 1 0 6.69532
-61.6912 50.2926 68870 -17.8187 23.2616 229.953 293.063 -13 263 1 0 8.52316
67.8932 -77.9226 68870 8.78097 -36.7977 313.773 215.783 -13 274 1 0 5.84778
-75 54.8959 68870 -24.6984 5.01542 195.014 358.635 -13 275 1 0 9.60226
49.817 -27.1492 68870 35.915 -23.0824 296.026 211.076 -13 280 1 0 1.76718
137.832 -40.133 68870 54.3289 -5.81864 249.906 369.734 -13 284 1 0 9.51319e-07
-15.3136 41.2808 68870 -2.82887 16.5438 234.984 281.946 -13 295 1 0 1.06454e-05
80.5092 138.211 68870 10.7396 43.9592 231.49 406.617 -13 298 1 0 3.16218
-11.7654 -47.111 68870 -44.6237 2.41038 326.818 211.959 -13 304 1 0 0.270847
-24.6232 55.3906 68870 -15.8745 22.6833 220.013 335.381 -13 307 1 0 8.59379
-205.164 169.508 68870 -62.2266 29.0432 214.174 335.194 -13 314 1 0 5.41835
-79.5059 100.069 68870 -25.9066 29.9007 228.676 366.519 -13 317 1 0 6.93977
-61.5214 -52.0407 68870 -19.2303 18.102 422.115 208.545 -13 319 1 0 3.03816
42.1633 -61.2039 68870 19.1223 -14.314 206.646 255.739 -13 320 1 0 6.27084
3.36272 -13.278 68870 -7.49565 -1.41499 250.784 275.6 -13 335 1 0 6.49024
-48.5705 -30.2578 68870 -25.2986 -5.7645 258.286 253.228 -13 343 1 0 5.15578
-1.41235 43.043 68870 -5.00912 8.25259 237.398 281.04 -13 352 1 0 6.12126
-38.2033 26.7986 68870 -22.2007 9.85081 254.398 247.421 -13 371 1 0 2.28688e-05
45.8188 -82.6089 68870 6.39771 -12.7587 200.434 414.726 -13 388 1 0 7.16982
-205.069 14.4021 68870 -89.4309 16.688 278.137 218.103 -13 401 1 0 4.47748
-35.7223 114.264 68870 -12.7169 33.2446 231.494 253.457 -13 408 1 0 1.50635
-76.3587 -163.295 68870 -17.116 -59.0274 239.221 374.881 -13 421 1 0 2.07513e-06
105.509 161.806 68870 19.6379 50.1013 223.716 278.742 -13 423 1 0 8.80418
17.4672 200.753 68870 -7.27035 58.0461 239.51 301.444 -13 424 1 0 7.10436
-64.3325 -2.66306 68870 11.7672 24.9231 329.215 213.066 -13 432 1 0 2.09154e-05
-130.213 61.8521 68870 -42.2682 7.50548 235.443 412.325 -13 433 1 0 5.08131
49.4549 29.8627 68870 32.8272 -43.7679 411.814 214.031 -13 436 1 0 3.8705e-06
-268.21 259.394 68870 -67.3696 34.8931 186.932 218.889 -13 438 1 0 5.97016
7.85882 -51.4399 68870 1.3279 -18.2324 230.881 420.974 -13 440 1 0 2.60695
44.3267 205.574 68870 0.00850489 57.1426 210.986 256.496 -13 448 1 0 6.71447e-06
113.243 -54.5432 68870 27.7468 -3.05977 210.483 352.357 -13 454 1 0 5.30043
-12.5332 163.789 68870 -11.7706 42.0386 233.211 406.456 -13 455 1 0 5.30043
-29.4355 -302.205 68870 1.0737 -71.8308 185.265 221.441 -13 465 1 0 5.87843e-06
86.1197 -80.2832 68870 24.4821 -25.704 217.882 273.203 -13 466 1 0 5.03542e-07
140.418 55.9034 68870 18.2252 21.8013 216.242 247.721 -13 470 1 0 6.76288
-115.757 42.8508 68870 -52.6803 4.86918 242.283 301.659 -13 501 1 0 4.33896e-06
-73.4332 -60.6122 68870 -17.0085 -13.292 189.117 264.711 -13 507 1 0 7.97616
-38.4185 105.927 68870 4.74769 65.4986 338.051 215.914 -13 508 1 0 1.7381e-05
-66.8761 52.5562 68870 -0.626333 60.9208 329.212 222.499 -13 509 1 0 4.62583e-05
32.7481 -33.3448 68870 45.3969 38.4279 333.617 209.584 -13 511 1 0 7.74745e-06
-32.6828 0.0475558 68870 3.7466 5.29323 276.387 208.462 -13 518 1 0 4.66307
-65.563 32.368 68870 21.964 14.6398 332.601 208.701 -13 526 1 0 5.39645
-22.9642 -43.7316 68870 -8.74492 18.2828 294.887 216.238 -13 529 1 0 6.87464
-4.66741 139.188 68870 27.5565 16.3307 389.161 216.173 -13 531 1 0 3.83974e-05
61.2026 55.6303 68870 9.98934 25.3705 227.512 398.347 -13 533 1 0 1.30391e-06
-73.5065 -228.957 68870 -9.64968 -58.9078 203.312 284.489 -13 534 1 0 5.59948
62.1294 27.2325 68870 7.50823 14.6704 241.23 281.375 -13 535 1 0 5.59948
-32.56 -48.3682 68870 -1.86487 -15.6393 208.011 397.838 -13 539 1 0 0.590542
16.3498 -66.4852 68870 8.27131 -18.8874 255.219 514.383 -13 541 1 0 7.39192
-40.6895 -83.3962 68870 -27.9913 -11.1436 398.644 212.244 -13 554 1 0 0.399319
-15.5318 -6.69464 68870 -9.70306 -6.79638 238.946 332.325 -13 558 1 0 6.16364
-441.44 6.36924 68870 -71.3482 -16.8925 166.942 228.283 -13 559 1 0 7.78125
40.0082 -265.3 68870 17.5777 -71.3963 195.1 330.168 -13 566 1 0 6.22193
76.1404 -1.59712 68870 14.0055 -4.41752 245.568 357.835 -13 577 1 0 7.76002
39.0889 219.11 68870 -0.453018 60.9882 219.447 249.967 -13 579 1 0 8.90826
-110.777 189.463 68870 -41.0647 80.6318 239.753 223.181 -13 580 1 0 5.55731
-2.27865 -97.4188 68870 -7.09559 -21.0762 232.407 249.995 -13 602 1 0 0.882374
21.2441 90.118 68870 1.81829 30.0455 247.095 375.116 -13 609 1 0 0.587977
6.15208 79.6803 68870 -5.36104 23.1699 219.121 264.981 -13 613 1 0 9.24747
60.8909 204.235 68870 -0.69966 45.3919 206.22 409.414 -13 620 1 0 6.77652
-28.4083 -121.591 68870 -11.4909 -44.1409 234.57 380.996 -13 631 1 0 1.61904e-06
-4.19965 -23.6127 68870 7.85372 -3.10367 254.824 281.304 -13 633 1 0 0.928578
-45.1846 29.4852 68870 -27.0173 6.16758 233.774 445.992 -13 652 1 0 5.88279
-26.6045 62.038 68870 -15.6702 20.8754 282.627 213.981 -13 661 1 0 4.68522
-90.6713 -50.0948 68870 39.8761 8.6708 382.608 214.184 -13 669 1 0 5.66376
140.518 41.1717 68870 21.8788 18.0127 218.599 341.452 -13 671 1 0 1.8198e-05
-359.906 237.842 68870 -76.0489 24.1396 179.946 219.021 -13 672 1 0 6.76933
170.39 28.2215 68870 44.7846 23.0346 232.227 335.425 -13 675 1 0 6.46572
56.7005 -120.214 68870 18.4494 -49.9667 245.215 366.682 -13 681 1 0 5.05363
110.183 -118.51 68870 24.9981 -32.4804 203.015 330.082 -13 697 1 0 5.48644
-28.1168 84.3462 68870 -13.576 22.6143 244.799 247.042 -13 700 1 0 6.16495
95.8025 113.915 68870 7.99444 24.8534 204.462 352.409 -13 703 1 0 5.30018
-77.5144 -9.32588 68870 -26.1447 -10.537 224.517 335.765 -13 705 1 0 3.02814e-07
-17.7932 22.0895 68870 -14.5562 19.5407 382.389 210.303 -13 708 1 0 5.65276
-24.5277 43.1817 68870 1.95769 77.264 414.876 210.734 -13 719 1 0 4.94537
63.8 27.2532 68870 8.99395 7.01991 207.113 306.839 -13 725 1 0 9.67872
23.6217 67.6051 68870 3.04137 28.8727 245.458 261.623 -13 728 1 0 6.32689
-51.0358 -83.3392 68870 -15.3783 -23.2047 201.722 298.134 -13 736 1 0 0.803275
86.9408 167.955 68870 21.0864 49.5475 232.492 244.617 -13 752 1 0 6.79127
11.0995 -23.0395 68870 -1.52086 -2.56439 216.201 286.845 -13 756 1 0 5.91209
138.629 13.584 68870 30.5113 13.0661 238.741 324.181 -13 776 1 0 0.520439
81.4927 -200.679 68870 14.2636 -29.6943 158.47 221.461 -13 795 1 0 5.52783e-06
76.6577 67.2308 68870 34.6285 34.0391 246.253 341.138 -13 811 1 0 2.01975e-06
8.72794 -68.3022 68870 4.40486 -19.0195 240.252 454.808 -13 814 1 0 0.846377
87.1284 49.3433 68870 13.1315 18.2492 208.391 417.827 -13 821 1 0 5.38565
-254.566 -66.8951 68870 -43.0266 -21.6739 166.106 218.248 -13 838 1 0 3.53846
74.1824 -41.0364 68870 15.9176 3.90511 240.651 303.98 -13 840 1 0 5.5544
-2.42399 -81.8645 68870 -8.73627 -30.4379 220.192 269.755 -13 844 1 0 1.2811
-32.9406 -16.1184 68870 -4.69858 -18.2322 242.818 252.99 -13 846 1 0 2.83827e-06
-112.823 5.41967 68870 -38.9831 -5.36591 240.919 281.43 -13 847 1 0 6.17867
-203.837 52.2838 68870 -55.7271 -1.22469 206.544 282.338 -13 850 1 0 7.42353e-06
16.9252 68.7006 68870 10.8492 12.4873 219.547 261.633 -13 861 1 0 6.44224
344.32 -205.378 68870 63.0055 -13.7393 177.444 221.96 -13 863 1 0 5.64333
-44.2924 20.8834 68870 -7.07516 3.27646 223.649 483.086 -13 866 1 0 2.57558e-06
43.3301 -42.6003 68870 -7.55616 -18.7564 274.49 211.363 -13 871 1 0 2.42798e-05
41.2434 38.9782 68870 11.9449 15.5131 237.151 244.625 -13 874 1 0 4.143
31.356 87.65 68870 0.974654 36.4789 236.629 352.633 -13 878 1 0 4.25295e-05
-106.079 -13.2238 68870 7.01392 -34.7523 358.607 214.669 -13 881 1 0 5.96274
-101.431 -39.0242 68870 -37.446 5.58472 401.454 212.805 -13 883 1 0 1.8966e-08
69.9303 -60.5299 68870 17.2624 -16.6677 228.822 310.308 -13 889 1 0 6.20443
-27.0331 -14.312 68870 -7.90602 -10.7103 209.315 352.378 -13 910 1 0 5.97923
-26.188 7.28091 68870 -9.66595 -2.72353 269.1 213.562 -13 917 1 0 7.13768
15.3807 11.6108 68870 -6.30626 6.48632 239.725 278.513 -13 924 1 0 3.60996e-05
-263.321 324.111 68870 -70.7571 50.4903 190.724 218.434 -13 927 1 0 6.57747
-40.4422 181.52 68870 -36.1337 64.0516 280.159 215.403 -13 937 1 0 5.70151
-108.703 -100.856 68870 6.71232 -14.3339 623.102 210.522 -13 939 1 0 4.88658
64.7282 86.0715 68870 5.81314 26.2393 210.695 222.887 -13 941 1 0 1.96775e-05
114.181 181.083 68870 37.8685 85.4004 263.834 236.238 -13 944 1 0 6.25953
34.7965 102.21 68870 -2.06342 14.8144 207.735 315.659 -13 951 1 0 5.62814
1.9987 -176.71 68870 6.70382 -31.4803 178.088 212.294 -13 955 1 0 3.30647e-05
-40.2284 44.9165 68870 -16.6436 13.6598 232.962 250.017 -13 961 1 0 1.1409e-05
-72.7534 -62.5472 68870 45.6702 12.9037 581.737 207.617 -13 968 1 0 1.83679e-05
-123.812 1.26369 68870 -39.7854 -4.13445 220.984 249.859 -13 970 1 0 1.04441e-05
-32.3933 8.30862 68870 -13.41 -7.97036 229.064 304.031 -13 972 1 0 6.51167
42.1485 11.0955 68870 14.6916 1.79379 238.956 327.105 -13 981 1 0 7.61486
-19.3752 42.198 68870 -6.03533 8.75834 239.05 318.537 -13 992 1 0 6.97112
1.75022 131.499 68870 -7.53994 38.0282 218.431 287.638 -13 995 1 0 9.28962e-06
-128.073 -13.6073 68870 -35.1485 -2.11779 216.047 255.551 -13 1004 1 0 10.0226
16.9188 4.2806 68870 1.94456 9.23116 214.87 289.703 -13 1005 1 0 1.5608e-06
-151.125 -23.3451 68870 -28.664 -13.0163 173.935 366.995 -13 1006 1 0 5.71466
-48.7487 87.0197 68870 -22.5986 21.1488 228.793 443.603 -13 1009 1 0 8.65798
24.0384 -18.088 68870 14.9678 -0.658069 232.861 525.505 -13 1019 1 0 5.10212
-184.124 3.28813 68870 -85.2454 2.69721 254.546 214.85 -13 1027 1 0 6.18033
-42.2625 134.22 68870 -24.6007 37.3722 223.942 241.943 -13 1036 1 0 4.65092
17.1495 -102.622 68870 7.15025 -24.918 216.57 238.923 -13 1037 1 0 5.97274
-108.419 47.9149 68870 -33.9141 15.7965 239.902 374.922 -13 1044 1 0 0.0114829
-59.7311 108.286 68870 -22.8054 37.2046 242.248 275.837 -13 1048 1 0 5.02575
157.184 32.415 68870 28.1556 16.2165 191.61 292.956 -13 1058 1 0 6.64192
-14.5905 -27.6322 68870 -0.80778 -5.88872 214.435 264.152 -13 1059 1 0 5.1924
-40.4946 271.426 68870 -22.5696 67.8982 208.234 269.969 -13 1065 1 0 7.80074
-115.079 279.805 68870 -44.0324 26.3899 186.561 221.704 -13 1070 1 0 1.05591
-191.483 44.0569 68870 -62.8342 4.50996 220.981 287.759 -13 1072 1 0 8.90201
-97.9022 31.286 68870 -24.9751 3.15729 206.731 252.846 -13 1080 1 0 6.10812
-69.6657 -46.8525 68870 -25.6739 -4.86802 215.358 244.367 -13 1083 1 0 0.486558
-148.85 -75.1846 68870 -30.887 -36.5509 195.537 301.658 -13 1085 1 0 5.15616
-109.017 -88.4688 68870 -37.3648 -11.965 414.535 208.687 -13 1087 1 0 3.86465
145.705 65.9562 68870 44.045 28.5022 258.357 258.74 -13 1090 1 0 2.0185
87.6303 33.3963 68870 54.3386 -22.4392 409.31 209.915 -13 1093 1 0 1.89321e-05
120.495 -94.7195 68870 66.9201 -5.87894 358.149 215.733 -13 1095 1 0 1.08827
97.1299 -66.8535 68870 27.5128 -17.3807 203.962 250.191 -13 1097 1 0 9.33596
-40.3666 -44.3687 68870 -11.6376 -18.8993 212.778 335.303 -13 1107 1 0 5.11874
17.0076 -44.4273 68870 8.91509 -14.9515 232.334 253.021 -13 1109 1 0 1.04856e-05
-13.3749 -79.5025 68870 6.68999 -40.8487 267.526 219.324 -13 1110 1 0 1.95148e-06
-29.9722 37.3452 68870 4.32053 20.1644 319.144 214.013 -13 1115 1 0 4.88722e-06
3.73732 7.4993 68870 -0.823266 15.4345 250.353 290.019 -13 1127 1 0 1.94421e-05
58.4963 34.1698 68870 22.9083 18.7872 240.078 409.24 -13 1133 1 0 5.5155
-8.79619 13.5753 68870 -8.20806 -2.25269 228.738 281.44 -13 1135 1 0 9.47828
-86.2778 132.701 68870 -15.4115 74.232 347.616 229.914 -13 1143 1 0 9.04124
441.835 47.1464 68870 93.3742 36.2568 220.966 396.589 -13 1151 1 0 0.659305
62.953 65.6391 68870 12.3758 81.3718 379.566 211.782 -13 1161 1 0 4.81948
27.861 121.895 68870 5.17059 44.9534 240.008 270.125 -13 1164 1 0 9.47266e-07
-71.7895 6.58595 68870 21.3269 42.1773 547.705 208.018 -13 1169 1 0 4.95878
27.4374 -62.7218 68870 -24.215 4.64467 474.813 208.07 -13 1174 1 0 6.54087e-06
110.747 -141.23 68870 25.8729 -44.1747 375.154 218.641 -13 1185 1 0 1.23757e-05
-134.845 173.978 68870 -43.5331 37.0282 214.599 279.077 -13 1187 1 0 5.31064
40.4113 -21.0961 68870 10.2918 -1.15331 216.451 377.745 -13 1190 1 0 5.12479
-68.0209 -28.9458 68870 -26.5761 13.2691 418.817 209.334 -13 1201 1 0 1.60391e-05
199.522 -55.661 68870 55.1064 -7.56268 232.62 241.846 -13 1204 1 0 4.31054
-29.3854 101.086 68870 -10.0359 4.86618 172.534 218.637 -13 1212 1 0 6.57239
-14.2716 84.0786 68870 4.01074 47.9805 239.651 336.228 -13 1213 1 0 0.00936173
-46.2891 44.0642 68870 -22.4829 56.3397 290.799 213.407 -13 1214 1 0 4.9116
39.202 -47.9944 68870 -6.02015 -22.2762 308.024 215.962 -13 1220 1 0 5.20387
18.9047 -155.485 68870 -15.0388 -21.0111 518.325 211.349 -13 1221 1 0 1.6671e-05
77.0386 -44.9746 68870 11.7062 4.95362 287.593 214.411 -13 1226 1 0 3.37648e-05
61.4113 38.3381 68870 19.6971 15.7393 300.294 210.96 -13 1237 1 0 5.42551
-53.3774 87.1827 68870 -10.9061 64.6518 311.586 214.989 -13 1241 1 0 6.43561
37.409 -23.9881 68870 9.3284 -10.9213 194.21 268.166 -13 1245 1 0 2.77414e-06
85.6945 -36.0467 68870 27.3347 -42.9251 530.213 216.29 -13 1252 1 0 7.3251e-06
67.295 31.4978 68870 12.5979 13.057 243.08 403.523 -13 1254 1 0 2.30054
-77.9869 -65.1637 68870 -70.3412 49.3627 374.875 228.953 -13 1259 1 0 7.14957
-40.4595 -5.85235 68870 -9.82894 -3.4719 215.953 255.772 -13 1261 1 0 11.6987
53.0026 -152.506 68870 7.5732 -44.9687 243.855 250.054 -13 1270 1 0 4.51839
101.144 417.137 68870 3.38126 110.016 216.01 253.097 -13 1275 1 0 5.34864
90.2712 47.8132 68870 24.011 16.8923 239.759 250.623 -13 1287 1 0 5.95388
-17.7778 -2.68126 68870 24.5268 -28.7614 375.944 210.359 -13 1291 1 0 4.47256
197.013 37.9617 68870 48.3727 20.5851 224.025 255.518 -13 1296 1 0 6.6323
-123.848 -59.4279 68870 -28.2301 -20.7695 194.422 372.253 -13 1298 1 0 0.0009965
-112.782 94.6452 68870 -34.8431 19.5543 206.984 253.249 -13 1311 1 0 3.06261
-60.233 6.04819 68870 -28.4561 2.96359 199.681 264.718 -13 1313 1 0 0.171211
-14.2496 93.3722 68870 -7.80682 13.4896 194.87 255.455 -13 1315 1 0 3.6691e-05
-0.00498308 -216.678 68870 13.6718 -57.2757 184.092 225.082 -13 1316 1 0 5.44165
50.5755 -70.0385 68870 26.4318 -42.7953 531.431 211.875 -13 1330 1 0 5.26482
26.0649 47.2639 68870 10.5369 23.2558 242.895 321.189 -13 1331 1 0 5.48237
-116.975 -81.9356 68870 -43.1146 -28.4064 228.659 258.667 -13 1339 1 0 7.29701
-70.8794 56.7125 68870 -24.4009 8.03261 208.274 310.325 -13 1341 1 0 9.67141
126.041 -100.356 68870 30.4529 -17.8275 213.183 312.869 -13 1346 1 0 9.50338
-47.8563 -20.5885 68870 -6.39521 -7.46497 229.675 281.597 -13 1360 1 0 5.08384
34.3114 193.462 68870 -5.64711 46.5892 198.864 255.711 -13 1363 1 0 1.04344e-05
-8.6012 49.4841 68870 -5.52659 8.76732 213.699 247.067 -13 1371 1 0 5.13092e-06
-68.2518 -42.0189 68870 -43.7888 18.9317 332.265 223.967 -13 1378 1 0 5.21455
-16.2035 -42.2627 68870 2.23835 -6.34814 229.127 247.375 -13 1381 1 0 5.95346
-70.9735 107.731 68870 -24.6654 18.3231 229.83 258.444 -13 1412 1 0 2.31476e-06
94.6277 240.102 68870 12.2755 68.3467 216.39 332.815 -13 1420 1 0 2.3416e-08
11.6838 166.058 68870 -3.76617 41.2329 200.237 248.276 -13 1432 1 0 8.10762
-12.6911 174.841 68870 -20.5215 43.1137 215.044 272.988 -13 1448 1 0 5.37814
-43.079 -21.9349 68870 -7.79643 -1.18546 229.913 270.473 -13 1449 1 0 9.76479
56.1401 -129.231 68870 32.6648 6.72844 337.479 219.011 -13 1450 1 0 4.88476e-05
89.8339 347.361 68870 0.571934 80.8033 206.718 324.054 -13 1467 1 0 7.79179
11.9904 11.6343 68870 2.51079 -6.25612 251.582 369.292 -13 1482 1 0 0.0410221
-22.2423 123.215 68870 11.3934 67.5304 261.876 217.285 -13 1487 1 0 5.96623
-36.361 -59.9879 68870 1.58125 -14.0726 207.976 218.096 -13 1490 1 0 6.13387e-05
34.0519 60.6545 68870 14.1176 20.2278 242.677 290.17 -13 1503 1 0 1.2179e-05
23.728 11.1963 68870 -7.66993 10.1806 383.316 209.281 -13 1511 1 0 1.87076e-05
-117.978 -59.1628 68870 -32.4539 -20.9919 211.926 313.51 -13 1517 1 0 5.30909
-98.1632 -7.08798 68870 -20.957 -2.48336 214.584 255.833 -13 1523 1 0 5.85976
-15.228 9.46346 68870 5.93285 48.1863 320.388 209.072 -13 1528 1 0 9.52159e-06
-104.014 26.039 68870 -35.7523 -1.41413 238.061 321.005 -13 1530 1 0 5.27314
64.0172 -29.4772 68870 15.255 -12.8523 232.456 287.382 -13 1542 1 0 5.82893
54.6998 -104.621 68870 19.7874 -37.36 350.135 210.633 -13 1547 1 0 5.2584e-06
-264.538 -46.0221 68870 -67.166 -25.1826 198.315 281.714 -13 1548 1 0 8.73428
88.6981 88.4522 68870 17.5073 16.2921 199.908 307.687 -13 1549 1 0 1.65665e-06
-6.22579 29.6185 68870 -10.9462 -5.64876 240.474 247.506 -13 1552 1 0 7.82743
-165.569 -53.3259 68870 -40.3168 -12.2024 237.685 276.048 -13 1553 1 0 9.32353
-69.9291 146.421 68870 -27.1379 32.516 215.132 255.868 -13 1564 1 0 5.10339
-29.786 82.12 68870 -8.73343 46.9267 256.667 310.058 -13 1571 1 0 7.25766
41.8607 92.6738 68870 4.38421 32.4329 236.623 241.883 -13 1576 1 0 4.69711e-05
-0.539577 261.677 68870 -26.0351 65.3933 227.548 267.527 -13 1582 1 0 5.11699
64.031 122.809 68870 24.026 48.2523 246.172 378.314 -13 1584 1 0 16.8081
-35.9975 126.598 68870 -17.7478 32.191 221.753 360.639 -13 1589 1 0 6.07052
-61.0423 -104.675 68870 -11.3347 -26.99 228.508 384.379 -13 1595 1 0 8.03165
21.9878 -13.8452 68870 6.36776 -2.83585 228.24 292.614 -13 1596 1 0 5.29683
7.87825 41.1463 68870 13.1121 14.5827 230.971 375.396 -13 1600 1 0 2.21543e-06
-52.0168 3.31627 68870 -15.043 -0.769961 241.796 266.9 -13 1611 1 0 6.40149
-76.2868 -81.6194 68870 -13.675 -36.1863 422.94 208.85 -13 1615 1 0 5.15868
-156.397 10.4418 68870 -54.587 -8.69222 234.364 261.627 -13 1626 1 0 7.4415
-175.665 68.3016 68870 -58.0268 14.7152 222.767 270.675 -13 1628 1 0 9.8021
90.9226 69.8586 68870 71.9531 -33.4277 562.571 212.322 -13 1632 1 0 6.65738
108.167 -30.5283 68870 43.0044 -11.8144 261.262 278.604 -13 1644 1 0 8.55711
100.409 132.289 68870 18.4108 38.1437 239.896 298.861 -13 1646 1 0 2.46944e-06
-254.831 15.7873 68870 -61.3018 -18.4629 199.218 352.705 -13 1658 1 0 5.89354
-72.9407 29.6109 68870 -28.7934 13.7612 218.743 299.078 -13 1674 1 0 5.0001
-128.251 164.86 68870 -45.0987 26.1248 196.955 250.369 -13 1691 1 0 4.68284e-05
33.3173 -67.8306 68870 -0.43341 -49.6826 426.816 210.08 -13 1694 1 0 5.57147e-05
55.0969 59.7816 68870 -0.0342398 8.66471 231.205 270.483 -13 1695 1 0 5.13914
-56.4298 19.3021 68870 -19.2131 8.74068 205.5 369.507 -13 1702 1 0 3.8154e-06
-60.1806 -29.8612 68870 -27.5354 12.7091 456.032 211.496 -13 1715 1 0 4.28683
-176.336 -123.498 68870 -51.3281 -48.0443 208.523 231.392 -13 1724 1 0 0.744489
-3.17812 -36.9223 68870 23.6923 -9.70636 322.118 211.121 -13 1731 1 0 6.267e-09
25.4292 19.6887 68870 -5.01354 -7.1138 225.063 272.862 -13 1742 1 0 2.09631e-05
22.4015 -23.5756 68870 13.8706 -5.13239 245.914 249.822 -13 1745 1 0 5.10237
-19.8759 -25.6433 68870 -13.0759 -5.99965 226.291 346.571 -13 1749 1 0 5.77583
-85.018 65.0382 68870 -27.7106 15.454 241.318 338.045 -13 1750 1 0 5.77583
19.9714 148.33 68870 -3.21797 38.5104 211.147 253.052 -13 1751 1 0 3.09076e-05
-16.2371 31.5737 68870 -9.92301 14.7963 236.064 335.523 -13 1752 1 0 5.8008
105.697 99.6747 68870 29.6269 30.8813 235.912 357.888 -13 1757 1 0 6.37412
-27.3686 -27.1361 68870 -12.2082 -6.50304 236.771 392.439 -13 1768 1 0 1.93983
0.516891 -27.5237 68870 4.50157 -11.5302 255.567 386.322 -13 1777 1 0 3.48095
-36.7373 -46.4305 68870 -7.40488 -8.78072 229.661 315.458 -13 1794 1 0 2.83795e-06
45.2978 99.8772 68870 5.32236 33.9368 222.073 275.946 -13 1799 1 0 7.58943
-79.4419 11.3802 68870 -33.8123 -13.7045 393.019 209.632 -13 1800 1 0 4.38871
11.4412 160.492 68870 -3.15413 55.8844 230.683 361.66 -13 1817 1 0 4.20504
29.6774 24.3656 68870 17.0514 4.41316 216.61 244.454 -13 1819 1 0 1.21272
39.2532 -51.1923 68870 33.2 -30.9055 231.484 401.004 -13 1823 1 0 3.73102
-66.1761 88.6052 68870 -27.3328 17.3644 237.627 258.629 -13 1826 1 0 7.60625
-95.1846 169.418 68870 -41.3742 40.0358 233.503 293.363 -13 1827 1 0 6.1863e-08
-72.9629 -39.7113 68870 -28.9803 -1.07351 243.467 289.911 -13 1841 1 0 0.217831
-46.8829 50.0405 68870 -15.1106 18.2105 209.215 333.43 -13 1843 1 0 9.03189
64.5288 67.34 68870 16.5181 18.4469 237.29 281.794 -13 1854 1 0 6.2567e-06
89.959 59.6742 68870 13.9978 15.4562 191.87 240.041 -13 1860 1 0 6.81275
-26.5958 -66.7448 68870 -6.24325 -19.4495 219.417 273.306 -13 1869 1 0 4.45057
-253.053 -20.0297 68870 -66.3173 -14.935 198.105 215.047 -13 1878 1 0 5.24928
-52.7268 -132.348 68870 -9.22536 -40.8344 230.099 298.946 -13 1880 1 0 5.48343
-51.134 54.0435 68870 -18.3354 21.5016 226.284 392.159 -13 1882 1 0 8.93002
14.266 100.489 68870 -9.74472 38.3143 227.55 247.044 -13 1894 1 0 5.46108
-69.2848 -78.1796 68870 -9.68137 -41.5497 504.478 208.184 -13 1901 1 0 3.45222e-05
-8.85011 15.2979 68870 -1.84806 3.11061 243.446 304.023 -13 1903 1 0 6.97397
38.1736 -163.164 68870 12.7203 -33.6097 155.891 229.971 -13 1908 1 0 5.27203
-71.1618 -88.3125 68870 -19.4532 -23.3731 221.63 279.024 -13 1916 1 0 5.78863
-38.4982 -121.046 68870 -60.0904 -13.5229 343.01 231.957 -13 1918 1 0 4.14924
-84.0839 131.855 68870 43.4156 43.1069 597.256 212.099 -13 1921 1 0 1.18609
-137.415 -76.788 68870 -34.4435 -23.3342 196.569 355.475 -13 1937 1 0 6.87955
58.6132 5.61841 68870 47.3294 38.9543 430.369 212.831 -13 1938 1 0 5.45939e-06
-87.0449 -40.0369 68870 0.920636 27.7004 378.845 213 -13 1941 1 0 3.8475
-10.8844 -70.5241 68870 -7.1937 -20.7765 236.822 471.567 -13 1942 1 0 6.72287
18.5905 54.6657 68870 -16.1585 19.0121 217.168 341.313 -13 1943 1 0 6.72287
-40.0656 -150.795 68870 -5.37244 -28.8453 195.147 428.903 -13 1946 1 0 7.9641
33.721 92.3294 68870 -7.75733 20.7893 244.615 315.69 -13 1948 1 0 9.67814
147.654 122.067 68870 25.269 29.5243 200.415 256.025 -13 1955 1 0 6.22805
23.9068 55.6606 68870 4.01995 15.7507 210.778 244.898 -13 1957 1 0 7.78487
-27.1338 -98.9954 68870 -42.859 -13.7745 309.035 214.796 -13 1968 1 0 6.60863
-9.50143 34.5209 68870 15.6204 12.664 363.807 212.987 -13 1969 1 0 6.07335
-248.27 186.376 68870 -88.7488 45.138 235.954 226.684 -13 1978 1 0 6.62036
109.185 122.219 68870 20.7703 44.5106 237.001 386.351 -13 1980 1 0 5.51467
-89.8502 127.02 68870 31.3871 30.1259 581.498 211.75 -13 1982 1 0 5.56307
56.5619 142.382 68870 32.4954 26.7586 282.68 229.17 -13 1995 1 0 6.18477
