#NTuple/Z0
#Units are ns, meters, GeV/c, Tesla, and V/m
#IEVT IPNUM IPTYP IPFLG JSRG T X Y Z Px Py Pz Bx By Bz Weight Ex Ey Ez SARC POLx POLy POLz
0 1 2 0 1 4.40261e-07 -0.00584474 -0.00847428 0 0 0 0.203 0 0 0 1.0000 0 0 0 0   0 0 0
0 1 2 0 2 4.45902e-07 -0.00584474 -0.00847428 1.5 0 0 0.203 0 0 0 1.0000 0 0 0 0   0 0 0
0 1 2 0 3 4.51542e-07 -0.00584474 -0.00847428 3 0 0 0.203 0 0 0 1.0000 0 0 0 0   0 0 0
0 1 2 0 4 4.57183e-07 -0.00584474 -0.00847428 4.5 0 0 0.203 0 0 0 1.0000 0 0 0 0   0 0 0
0 1 2 0 5 4.62823e-07 -0.00584474 -0.00847428 6 0 0 0.203 0 0 0 1.0000 0 0 0 0   0 0 0
0 1 2 0 6 4.68464e-07 -0.00584474 -0.00847428 7.5 0 0 0.203 0 0 0 1.0000 0 0 0 0   0 0 0
0 1 2 0 7 4.74105e-07 -0.00584474 -0.00847428 9 0 0 0.203 0 0 0 1.0000 0 0 0 0   0 0 0
0 1 2 0 8 4.79745e-07 -0.00584474 -0.00847428 10.5 0 0 0.203 0 0 0 1.0000 0 0 0 0   0 0 0
0 1 2 0 9 4.85386e-07 -0.00584474 -0.00847428 12 0 0 0.203 0 0 0 1.0000 0 0 0 0   0 0 0
0 1 2 0 10 4.91027e-07 -0.00584474 -0.00847428 13.5 0 0 0.203 0 0 0 1.0000 0 0 0 0   0 0 0
0 1 2 0 11 4.96667e-07 -0.00584474 -0.00847428 15 0 0 0.203 0 0 0 1.0000 0 0 0 0   0 0 0
0 1 2 0 12 5.02308e-07 -0.00584474 -0.00847428 16.5 0 0 0.203 0 0 0 1.0000 0 0 0 0   0 0 0
0 1 2 0 13 5.07948e-07 -0.00584474 -0.00847428 18 0 0 0.203 0 0 0 1.0000 0 0 0 0   0 0 0
0 1 2 0 14 5.13589e-07 -0.00584474 -0.00847428 19.5 0 0 0.203 0 0 0 1.0000 0 0 0 0   0 0 0
0 1 2 0 15 5.1923e-07 -0.00584474 -0.00847428 21 0 0 0.203 0 0 0 1.0000 0 0 0 0   0 0 0
0 1 2 0 16 5.2487e-07 -0.00584474 -0.00847428 22.5 0 0 0.203 0 0 0 1.0000 0 0 0 0   0 0 0
0 1 2 0 17 5.30511e-07 -0.00584474 -0.00847428 24 0 0 0.203 0 0 0 1.0000 0 0 0 0   0 0 0
0 1 2 0 18 5.36152e-07 -0.00584474 -0.00847428 25.5 0 0 0.203 0 0 0 1.0000 0 0 0 0   0 0 0
0 1 2 0 19 5.41792e-07 -0.00584474 -0.00847428 27 0 0 0.203 0 0 0 1.0000 0 0 0 0   0 0 0
0 1 2 0 20 5.47433e-07 -0.00584474 -0.00847428 28.5 0 0 0.203 0 0 0 1.0000 0 0 0 0   0 0 0
0 1 2 0 21 5.53073e-07 -0.00584474 -0.00847428 30 0 0 0.203 0 0 0 1.0000 0 0 0 0   0 0 0
0 1 2 0 22 5.58714e-07 -0.00584474 -0.00847428 31.5 0 0 0.203 0 0 0 1.0000 0 0 0 0   0 0 0
0 1 2 0 23 5.64355e-07 -0.00584474 -0.00847428 33 0 0 0.203 0 0 0 1.0000 0 0 0 0   0 0 0
0 1 2 0 24 5.69995e-07 -0.00584474 -0.00847428 34.5 0 0 0.203 0 0 0 1.0000 0 0 0 0   0 0 0
0 1 2 0 25 5.75636e-07 -0.00584474 -0.00847428 36 0 0 0.203 0 0 0 1.0000 0 0 0 0   0 0 0
0 1 2 0 26 5.81277e-07 -0.00584474 -0.00847428 37.5 0 0 0.203 0 0 0 1.0000 0 0 0 0   0 0 0
0 1 2 0 27 5.86917e-07 -0.00584474 -0.00847428 39 0 0 0.203 0 0 0 1.0000 0 0 0 0   0 0 0
0 1 2 0 28 5.92558e-07 -0.00584474 -0.00847428 40.5 0 0 0.203 0 0 0 1.0000 0 0 0 0   0 0 0
0 1 2 0 29 5.98198e-07 -0.00584474 -0.00847428 42 0 0 0.203 0 0 0 1.0000 0 0 0 0   0 0 0
0 1 2 0 30 6.03839e-07 -0.00584474 -0.00847428 43.5 0 0 0.203 0 0 0 1.0000 0 0 0 0   0 0 0
0 1 2 0 31 6.0948e-07 -0.00584474 -0.00847428 45 0 0 0.203 0 0 0 1.0000 0 0 0 0   0 0 0
0 1 2 0 32 6.1512e-07 -0.00584474 -0.00847428 46.5 0 0 0.203 0 0 0 1.0000 0 0 0 0   0 0 0
0 1 2 0 33 6.20761e-07 -0.00584474 -0.00847428 48 0 0 0.203 0 0 0 1.0000 0 0 0 0   0 0 0
0 1 2 0 34 6.26402e-07 -0.00584474 -0.00847428 49.5 0 0 0.203 0 0 0 1.0000 0 0 0 0   0 0 0
0 1 2 0 35 6.32042e-07 -0.00584474 -0.00847428 51 0 0 0.203 0 0 0 1.0000 0 0 0 0   0 0 0
0 1 2 0 36 6.37683e-07 -0.00584474 -0.00847428 52.5 0 0 0.203 0 0 0 1.0000 0 0 0 0   0 0 0
0 1 2 0 37 6.43323e-07 -0.00584474 -0.00847428 54 0 0 0.203 0 0 0 1.0000 0 0 0 0   0 0 0
0 1 2 0 38 6.48964e-07 -0.00584474 -0.00847428 55.5 0 0 0.203 0 0 0 1.0000 0 0 0 0   0 0 0
0 1 2 0 39 6.54605e-07 -0.00584474 -0.00847428 57 0 0 0.203 0 0 0 1.0000 0 0 0 0   0 0 0
0 1 2 0 40 6.60245e-07 -0.00584474 -0.00847428 58.5 0 0 0.203 0 0 0 1.0000 0 0 0 0   0 0 0
0 1 2 0 41 6.65886e-07 -0.00584474 -0.00847428 60 0 0 0.203 0 0 0 1.0000 0 0 0 0   0 0 0
0 1 2 0 42 6.71526e-07 -0.00584474 -0.00847428 61.5 0 0 0.203 0 0 0 1.0000 0 0 0 0   0 0 0
0 1 2 0 43 6.77167e-07 -0.00584474 -0.00847428 63 0 0 0.203 0 0 0 1.0000 0 0 0 0   0 0 0
0 1 2 0 44 6.82808e-07 -0.00584474 -0.00847428 64.5 0 0 0.203 0 0 0 1.0000 0 0 0 0   0 0 0
0 1 2 0 45 6.88448e-07 -0.00584474 -0.00847428 66 0 0 0.203 0 0 0 1.0000 0 0 0 0   0 0 0
0 1 2 0 46 6.94089e-07 -0.00584474 -0.00847428 67.5 0 0 0.203 0 0 0 1.0000 0 0 0 0   0 0 0
0 1 2 0 47 6.9973e-07 -0.00584474 -0.00847428 69 0 0 0.203 0 0 0 1.0000 0 0 0 0   0 0 0
0 1 2 0 48 7.0537e-07 -0.00584474 -0.00847428 70.5 0 0 0.203 0 0 0 1.0000 0 0 0 0   0 0 0
0 1 2 0 49 7.11011e-07 -0.00584474 -0.00847428 72 0 0 0.203 0 0 0 1.0000 0 0 0 0   0 0 0
0 1 2 0 50 7.16651e-07 -0.00584474 -0.00847428 73.5 0 0 0.203 0 0 0 1.0000 0 0 0 0   0 0 0
0 1 2 0 51 7.22292e-07 -0.00584474 -0.00847428 75 0 0 0.203 0 0 0 1.0000 0 0 0 0   0 0 0
0 1 2 0 52 7.27933e-07 -0.00584474 -0.00847428 76.5 0 0 0.203 0 0 0 1.0000 0 0 0 0   0 0 0
0 1 2 0 53 7.33573e-07 -0.00584474 -0.00847428 78 0 0 0.203 0 0 0 1.0000 0 0 0 0   0 0 0
0 1 2 0 54 7.39214e-07 -0.00584474 -0.00847428 79.5 0 0 0.203 0 0 0 1.0000 0 0 0 0   0 0 0
0 1 2 0 55 7.44855e-07 -0.00584474 -0.00847428 81 0 0 0.203 0 0 0 1.0000 0 0 0 0   0 0 0
0 1 2 0 56 7.50495e-07 -0.00584474 -0.00847428 82.5 0 0 0.203 0 0 0 1.0000 0 0 0 0   0 0 0
0 1 2 0 57 7.56136e-07 -0.00584474 -0.00847428 84 0 0 0.203 0 0 0 1.0000 0 0 0 0   0 0 0
0 1 2 0 58 7.61776e-07 -0.00584474 -0.00847428 85.5 0 0 0.203 0 0 0 1.0000 0 0 0 0   0 0 0
0 1 2 0 59 7.67417e-07 -0.00584474 -0.00847428 87 0 0 0.203 0 0 0 1.0000 0 0 0 0   0 0 0
0 1 2 0 60 7.73058e-07 -0.00584474 -0.00847428 88.5 0 0 0.203 0 0 0 1.0000 0 0 0 0   0 0 0
0 1 2 0 61 7.78698e-07 -0.00584474 -0.00847428 90 0 0 0.203 0 0 0 1.0000 0 0 0 0   0 0 0
0 1 2 0 62 7.84339e-07 -0.00584474 -0.00847428 91.5 0 0 0.203 0 0 0 1.0000 0 0 0 0   0 0 0
0 1 2 0 63 7.8998e-07 -0.00584474 -0.00847428 93 0 0 0.203 0 0 0 1.0000 0 0 0 0   0 0 0
0 1 2 0 64 7.9562e-07 -0.00584474 -0.00847428 94.5 0 0 0.203 0 0 0 1.0000 0 0 0 0   0 0 0
0 1 2 0 65 8.01261e-07 -0.00584474 -0.00847428 96 0 0 0.203 0 0 0 1.0000 0 0 0 0   0 0 0
0 1 2 0 66 8.06901e-07 -0.00584474 -0.00847428 97.5 0 0 0.203 0 0 0 1.0000 0 0 0 0   0 0 0
