#BLTrackFile VirtualDetector/beamDet
#x y z Px Py Pz t PDGid EventID TrackID ParentID Weight
#mm mm mm MeV/c MeV/c MeV/c ns - - - - -
6.08425 55.7798 99010 -50.736 35.6895 199.665 812.776 -13 28 1 0 1
-13.6885 9.71289 99010 -32.5999 -9.65059 195.835 813.014 -13 213 1 0 1
-53.759 -11.8048 99010 -16.3861 -33.034 202.25 812.804 -13 235 1 0 1
2.5715 93.9453 99010 -84.8171 27.3242 193.126 812.859 -13 338 1 0 1
-14.5294 11.4474 99010 -21.4217 -4.36618 221.601 812.572 -13 349 1 0 1
10.2213 3.48335 99010 -8.39214 -13.3551 229.776 812.6 -13 460 1 0 1
-18.1576 25.8976 99010 -55.5042 0.0816146 201.155 812.977 -13 599 1 0 1
31.2322 -13.2944 99010 23.3628 34.3444 221.657 812.881 -13 657 1 0 1
-15.3447 15.6617 99010 -30.1157 13.8281 225.838 812.719 -13 676 1 0 1
-28.5062 5.93328 99010 -31.7526 -28.342 198.675 812.567 -13 677 1 0 1
-13.6818 -9.60762 99010 24.7558 -38.7327 204.592 812.781 -13 681 1 0 1
22.5549 23.5317 99010 10.5195 42.8922 222.654 812.771 -13 719 1 0 1
-24.1147 9.97364 99010 -20.9562 0.386643 210.555 813.11 -13 766 1 0 1
-24.8566 9.66905 99010 -13.1956 -5.5777 208.914 812.509 -13 807 1 0 1
39.771 56.8866 99010 -35.7126 61.4018 200.594 812.561 -13 824 1 0 1
32.4776 17.2546 99010 10.6982 43.6169 220.927 812.837 -13 875 1 0 1
8.77803 71.9271 99010 -56.3202 66.0438 222.178 812.951 -13 892 1 0 1
-24.8701 -18.0653 99010 -3.35832 -29.0433 217.435 812.538 -13 909 1 0 1
1.63292 16.428 99010 -17.2015 21.5992 232.372 812.866 -13 962 1 0 1
4.2914 28.542 99010 -31.9 -2.19629 182.61 813.098 -13 970 1 0 1
-9.97146 14.6735 99010 -40.0537 -11.816 209.251 812.643 -13 983 1 0 1
6.56998 33.7286 99010 -23.8682 37.5829 220.828 812.939 -13 987 1 0 1
1.64885 -7.17316 99010 7.29741 3.86673 253.488 812.612 -13 1033 1 0 1
-55.7078 37.3317 99010 -61.8437 -29.2046 206.422 812.87 -13 1082 1 0 1
-12.069 -1.22677 99010 -13.5767 -6.00432 204.682 812.671 -13 1084 1 0 1
-9.45467 -8.32522 99010 -8.22891 -9.60782 219.115 812.957 -13 1086 1 0 1
-29.2167 38.5133 99010 -57.4653 6.91373 199.671 812.838 -13 1280 1 0 1
-23.661 13.5826 99010 -31.4617 -11.4412 200.141 813.659 -13 1330 1 0 1
-10.3076 6.50493 99010 -41.0294 -20.604 200.617 812.843 -13 1567 1 0 1
-16.4358 77.2427 99010 -76.3371 21.4883 199.941 812.844 -13 1587 1 0 1
-4.8332 44.2563 99010 -43.6862 6.42766 194.888 812.832 -13 1655 1 0 1
7.25772 6.57597 99010 10.0991 3.1661 205.525 813.149 -13 1660 1 0 1
-6.32176 16.8002 99010 -27.7246 -21.1372 179.908 812.741 -13 1661 1 0 1
-59.1596 21.72 99010 -58.3236 -33.5387 195.802 812.895 -13 1666 1 0 1
-66.5167 33.6762 99010 -64.4094 -50.2036 204.932 812.988 -13 1717 1 0 1
-8.84358 -79.4257 99010 54.6307 -87.5668 223.007 812.554 -13 1744 1 0 1
-6.38773 -9.12468 99010 -33.9512 -34.4223 224.889 812.428 -13 1819 1 0 1
-10.2182 -1.08617 99010 -11.0284 -8.48268 196.377 813.154 -13 1855 1 0 1
-31.0836 22.1495 99010 -64.167 -8.80032 218.31 812.717 -13 1874 1 0 1
-28.9614 3.98318 99010 -21.8142 -44.669 178.696 812.859 -13 1920 1 0 1
38.4975 42.2374 99010 -28.5282 54.5784 216.993 812.414 -13 2018 1 0 1
-30.5584 -0.547285 99010 -35.6289 -36.2311 216.938 812.397 -13 2113 1 0 1
-9.9019 35.0432 99010 -30.8391 24.4209 206.236 812.911 -13 2168 1 0 1
-24.5803 33.7443 99010 -39.7934 -7.28096 190.486 812.874 -13 2171 1 0 1
-9.37901 -11.1964 99010 -5.7859 -6.24276 198.413 813.076 -13 2197 1 0 1
-13.7838 29.977 99010 -45.085 -1.53949 196.141 812.268 -13 2207 1 0 1
-70.9494 22.8456 99010 -24.0282 -71.1822 186.526 812.916 -13 2249 1 0 1
-17.0544 3.92489 99010 -4.38743 -13.0907 230.818 812.761 -13 2250 1 0 1
8.07096 -15.9631 99010 37.8761 -18.4575 234.641 812.702 -13 2256 1 0 1
1.82264 8.90118 99010 -13.1873 -0.1798 187.846 812.902 -13 2277 1 0 1
-18.3283 -14.7804 99010 5.36705 -35.6912 185.913 812.897 -13 2390 1 0 1
-24.4124 54.9478 99010 -62.8783 -34.6947 181.336 812.863 -13 2392 1 0 1
-37.1595 -3.10625 99010 -41.5351 -38.7205 219.666 813.001 -13 2423 1 0 1
0.482852 39.5088 99010 -3.26357 32.2548 221.797 812.488 -13 2467 1 0 1
-6.44539 17.7093 99010 -34.5936 -7.17055 211.91 812.697 -13 2533 1 0 1
-7.38878 48.6118 99010 -59.6786 36.6156 206.512 812.617 -13 2554 1 0 1
-11.4741 54.1311 99010 -56.2228 5.74644 191.828 812.477 -13 2577 1 0 1
3.93626 -26.4412 99010 16.8293 -14.7326 197.33 812.579 -13 2618 1 0 1
-15.0781 -25.9488 99010 -3.7692 -16.7738 228.636 812.588 -13 2622 1 0 1
-4.99473 -4.70556 99010 -18.8239 -7.62656 212.987 812.595 -13 2639 1 0 1
28.3637 2.81963 99010 4.46201 29.8777 215.829 812.853 -13 2705 1 0 1
-49.099 -7.02373 99010 5.26611 -60.6817 176.686 812.687 -13 2707 1 0 1
-8.6926 -32.3112 99010 17.0503 -44.2202 212.163 812.915 -13 2752 1 0 1
-49.9518 -12.1419 99010 -21.1545 -61.2576 192.719 812.832 -13 2755 1 0 1
-33.8606 31.2752 99010 -58.3802 10.6145 217.266 813.053 -13 2782 1 0 1
2.63335 23.7905 99010 -19.0364 4.76215 219.343 812.941 -13 2833 1 0 1
-28.3179 35.0042 99010 -48.0052 -34.0075 180.335 812.941 -13 2839 1 0 1
-20.5418 89.6985 99010 -93.4058 24.2381 200.337 812.733 -13 2848 1 0 1
-2.27848 -1.53742 99010 -13.9425 11.0084 200.026 812.265 -13 3004 1 0 1
2.72651 1.35811 99010 -6.49208 9.06381 236.662 812.686 -13 3141 1 0 1
33.1594 17.0038 99010 -3.05975 49.4716 215.579 812.953 -13 3155 1 0 1
7.05582 23.9568 99010 -21.3578 12.27 188.773 813.354 -13 3287 1 0 1
0.242257 10.4046 99010 -13.2816 -8.99706 220.237 812.786 -13 3372 1 0 1
-20.5188 5.8403 99010 -26.222 -1.53506 213.883 813.258 -13 3408 1 0 1
9.6944 7.9019 99010 3.51678 4.60246 214.375 812.803 -13 3457 1 0 1
-15.3618 3.90443 99010 -30.196 -20.4787 213.717 812.957 -13 3517 1 0 1
-23.4617 3.00601 99010 -28.3818 -22.5239 230.041 812.684 -13 3750 1 0 1
-5.74396 -21.4579 99010 24.8926 -21.278 219.897 812.72 -13 3802 1 0 1
39.7172 49.8653 99010 -31.6536 72.4002 213.368 812.45 -13 3904 1 0 1
-10.1307 -17.0855 99010 -27.1333 -38.4152 247.91 812.45 -13 3975 1 0 1
-21.2492 36.0682 99010 -50.4411 -3.74365 193.424 813.064 -13 4054 1 0 1
4.30435 11.9129 99010 -5.89329 -5.88834 224.602 812.744 -13 4071 1 0 1
50.9144 1.5507 99010 14.2455 45.7317 213.541 812.443 -13 4158 1 0 1
23.1543 40.7727 99010 -35.7559 45.7085 209.06 812.824 -13 4194 1 0 1
-40.7887 50.9209 99010 -89.3103 -4.02999 202.738 812.783 -13 4205 1 0 1
7.57732 34.7673 99010 -38.8905 16.9052 192.345 812.844 -13 4238 1 0 1
19.6514 26.7022 99010 -10.4564 38.4475 216.56 813.208 -13 4307 1 0 1
-15.9963 0.805477 99010 -8.92746 0.603902 192.327 812.734 -13 4308 1 0 1
6.3015 35.7348 99010 -30.8326 32.353 212.42 812.855 -13 4358 1 0 1
45.211 21.2855 99010 9.26647 69.5449 209.838 812.775 -13 4435 1 0 1
-24.183 34.2637 99010 -35.1494 22.3841 210.692 812.778 -13 4562 1 0 1
5.28505 31.8942 99010 -25.2554 32.9515 216.532 812.622 -13 4570 1 0 1
8.99968 33.1606 99010 -19.7862 25.227 192.341 812.859 -13 4644 1 0 1
5.04174 3.2112 99010 -15.5218 23.2919 229.982 812.746 -13 4664 1 0 1
21.5701 9.81683 99010 -13.5316 2.81293 229.645 812.38 -13 4668 1 0 1
-11.4705 20.3239 99010 -35.0938 4.8238 225.384 812.679 -13 4670 1 0 1
-45.6474 -12.5023 99010 -11.584 -31.6257 203.568 812.74 -13 4732 1 0 1
-15.1793 39.4904 99010 -49.1778 -9.09129 195.864 813.15 -13 4737 1 0 1
-29.7656 23.9177 99010 -55.4735 -12.9883 206.194 813.189 -13 4779 1 0 1
6.22314 23.7032 99010 -16.4749 20.0191 222.334 812.695 -13 4815 1 0 1
-10.0852 17.3966 99010 -46.1811 7.47908 222.719 812.587 -13 4840 1 0 1
-13.9929 34.9299 99010 -20.428 28.1264 225.153 812.321 -13 4846 1 0 1
-19.2323 3.27759 99010 -39.8061 -21.153 215.186 815.794 -13 4897 1 0 1
-50.0284 17.875 99010 -38.64 -22.4423 219.896 812.585 -13 4900 1 0 1
22.5962 10.9693 99010 5.36305 31.4752 224.606 812.813 -13 4905 1 0 1
-8.64843 -11.5233 99010 2.54672 -10.8464 185.382 812.746 -13 4916 1 0 1
10.5128 0.185458 99010 3.71707 23.9109 214.529 812.651 -13 4917 1 0 1
-12.8395 -0.810661 99010 5.9365 -5.96162 238.547 812.727 -13 4995 1 0 1
-5.52471 37.893 99010 -41.0576 9.77498 197.165 812.903 -13 5009 1 0 1
-73.1818 59.992 99010 -79.0061 -42.8996 197.978 812.695 -13 5035 1 0 1
-40.6975 9.73288 99010 -60.4624 -29.5758 215.274 812.799 -13 5053 1 0 1
-20.2153 28.1262 99010 -39.8547 -1.71883 224.663 812.597 -13 5103 1 0 1
0.58131 33.9891 99010 -59.8005 30.5939 205.082 812.745 -13 5144 1 0 1
26.2338 17.843 99010 8.95137 37.9054 216.757 812.902 -13 5208 1 0 1
-28.1298 4.24564 99010 -20.6468 -26.9124 197.8 812.875 -13 5305 1 0 1
15.2957 -48.2874 99010 46.7538 -18.2078 238.128 812.459 -13 5316 1 0 1
20.0684 13.7297 99010 6.98155 35.4103 225.637 812.764 -13 5341 1 0 1
-19.7869 5.72521 99010 -26.1712 -10.401 223.781 812.886 -13 5380 1 0 1
-29.7403 8.82875 99010 -38.9867 -15.1385 216.24 813.054 -13 5443 1 0 1
35.0773 28.0863 99010 -9.30139 62.3838 226.661 812.764 -13 5494 1 0 1
-23.5611 -0.177618 99010 -24.3221 -25.0924 213.182 812.754 -13 5532 1 0 1
-29.8044 17.581 99010 -23.6264 -14.9472 238.871 812.38 -13 5541 1 0 1
-40.2374 40.4641 99010 -68.2346 -19.2238 205.491 813.127 -13 5682 1 0 1
-20.4728 12.1094 99010 -38.1969 6.092 197.179 812.716 -13 5707 1 0 1
-10.5056 -16.3295 99010 -7.36848 -9.33791 225.808 812.721 -13 5717 1 0 1
25.3078 19.786 99010 -37.1361 36.3302 199.168 812.735 -13 5721 1 0 1
-35.0881 3.54639 99010 -10.1735 5.67393 233.779 812.502 -13 5820 1 0 1
-32.0584 -32.2514 99010 6.95918 -59.3077 205.204 812.868 -13 5850 1 0 1
-26.5179 45.4202 99010 -67.9217 -4.80612 191.856 812.746 -13 5977 1 0 1
-65.3024 18.5156 99010 -81.9214 -56.8711 202.25 812.6 -13 5995 1 0 1
-34.693 -28.0698 99010 6.62844 -75.9563 226.688 812.752 -13 6010 1 0 1
-26.7888 45.8946 99010 -62.3634 7.48849 224.458 812.499 -13 6016 1 0 1
-23.6811 64.4801 99010 -88.0633 13.8488 199.026 812.927 -13 6017 1 0 1
19.8833 27.57 99010 -12.6959 30.6859 211.581 812.961 -13 6021 1 0 1
-19.259 32.0501 99010 -34.2624 -15.7964 186.785 813.075 -13 6033 1 0 1
-39.727 28.1585 99010 -33.8146 -32.9516 193.765 812.469 -13 6047 1 0 1
10.2601 13.3318 99010 -26.4082 13.3045 210.456 812.766 -13 6052 1 0 1
9.72589 13.7022 99010 -22.6135 12.1678 207.8 812.516 -13 6088 1 0 1
29.0066 25.9016 99010 -28.2179 33.3911 204.332 812.661 -13 6136 1 0 1
-28.5951 -1.33856 99010 -11.8996 -30.0185 215.588 812.28 -13 6171 1 0 1
-11.8148 24.4878 99010 -45.9236 6.86436 223.666 812.915 -13 6222 1 0 1
-29.017 -11.9125 99010 5.03187 -40.4174 172.781 812.484 -13 6343 1 0 1
45.8871 -30.4618 99010 48.6578 31.0518 207.109 812.539 -13 6344 1 0 1
-4.85342 3.1626 99010 -21.7822 -18.4629 209.386 812.359 -13 6370 1 0 1
-8.08862 15.5149 99010 -12.8389 22.1722 223.081 812.854 -13 6386 1 0 1
18.5449 33.3375 99010 -25.6091 25.1943 213.749 812.603 -13 6404 1 0 1
-1.19195 -7.37516 99010 5.53826 1.21006 238.726 812.624 -13 6441 1 0 1
-41.7199 2.80157 99010 -45.5999 -16.2447 217.31 813.049 -13 6461 1 0 1
9.80689 10.6356 99010 -13.213 18.7672 206.795 812.182 -13 6510 1 0 1
-54.5169 19.8469 99010 -62.5481 -25.2948 215.244 812.666 -13 6514 1 0 1
-42.9775 29.4758 99010 -36.2889 -34.3232 201.307 812.645 -13 6542 1 0 1
-15.0268 27.5418 99010 -35.4528 22.1296 201.852 812.627 -13 6563 1 0 1
-5.79903 43.3195 99010 -43.5417 -16.5084 179.845 812.744 -13 6716 1 0 1
-40.3862 12.5131 99010 -36.4031 -15.3556 208.824 812.625 -13 6733 1 0 1
-13.5702 19.4202 99010 -14.1504 -3.57117 225.627 812.718 -13 6849 1 0 1
-31.0709 -8.05044 99010 -48.2046 -21.301 219.412 812.801 -13 6873 1 0 1
3.87353 6.30345 99010 18.5075 -2.22502 221.618 812.329 -13 6973 1 0 1
