#BLTrackFile VirtualDetector/beamDet
#x y z Px Py Pz t PDGid EventID TrackID ParentID Weight
#mm mm mm MeV/c MeV/c MeV/c ns - - - - -
-1.2493 3.3421 47590 -8.07057 13.9068 188.031 1775.21 -13 28 1 0 1
11.9522 -4.25128 47590 12.0228 10.8428 183.882 1775.07 -13 37 1 0 1
-5.30799 1.06607 47590 -13.195 2.1455 187.022 1775.22 -13 69 1 0 1
-0.0437302 11.8612 47590 -26.5196 17.3191 200.525 1774.74 -13 81 1 0 1
-0.172234 -1.59597 47590 -16.9462 -6.0992 212.849 1774.79 -13 106 1 0 1
-3.44395 -4.1671 47590 -1.04241 -10.7468 197.194 1774.78 -13 107 1 0 1
1.65918 14.0139 47590 -26.8003 23.496 179.141 1775.04 -13 123 1 0 1
6.77072 -28.8928 47590 63.6228 -38.7807 200.351 1775.21 -13 130 1 0 1
-10.8091 23.3385 47590 -56.2612 7.85955 181.875 1774.87 -13 165 1 0 1
2.11583 4.2336 47590 -20.2215 1.12683 188.086 1774.75 -13 175 1 0 1
-1.17453 -1.61882 47590 -7.8327 -9.78198 178.988 1775.07 -13 192 1 0 1
-13.7042 4.91961 47590 -22.0981 -20.5795 175.364 1774.91 -13 263 1 0 1
-16.039 -17.5606 47590 8.06024 -54.7538 194.528 1775.18 -13 314 1 0 1
-2.126 -0.404023 47590 -10.538 -7.16091 203.715 1775.15 -13 315 1 0 1
10.4988 -4.19824 47590 20.614 7.55753 192.694 1775.17 -13 323 1 0 1
13.9422 -2.49861 47590 22.1829 20.1408 222.669 1774.77 -13 324 1 0 1
-10.0153 6.45522 47590 -36.7943 -12.246 204.105 1774.74 -13 330 1 0 1
-4.75683 1.84743 47590 -10.6017 -6.58249 173.554 1774.96 -13 373 1 0 1
-10.0062 -6.65709 47590 3.05054 -31.4315 186.989 1774.8 -13 427 1 0 1
6.29638 -2.59528 47590 4.6034 -10.866 183.289 1774.92 -13 497 1 0 1
-13.4091 -3.73832 47590 -17.7396 -21.3973 196.138 1774.8 -13 501 1 0 1
-23.5578 2.13803 47590 -24.0141 -48.1749 183.213 1774.99 -13 521 1 0 1
-3.28991 29.3865 47590 -60.5337 43.4044 196.763 1775.15 -13 589 1 0 1
6.56837 17.5753 47590 -30.9915 33.1408 177.904 1774.88 -13 605 1 0 1
-4.79953 1.2466 47590 -9.25211 -9.76772 171.256 1775 -13 608 1 0 1
3.10964 -8.31266 47590 21.2598 1.58832 194.37 1775.21 -13 633 1 0 1
-12.997 -6.80859 47590 -21.7872 -21.7684 201.32 1775.14 -13 648 1 0 1
-4.34834 0.452785 47590 -28.2615 -5.29156 187.416 1775.35 -13 649 1 0 1
1.05619 -0.0386934 47590 -0.143962 8.72517 196.883 1775.2 -13 661 1 0 1
-8.55817 -9.07952 47590 -0.954147 -35.1694 175.067 1774.91 -13 693 1 0 1
-0.0960973 -1.27559 47590 -2.65222 -2.20673 185.812 1775.21 -13 699 1 0 1
9.87339 -23.4124 47590 51.4079 -32.2481 181.922 1775.02 -13 740 1 0 1
0.0745765 -0.459904 47590 -1.16929 -10.9164 182.091 1774.84 -13 807 1 0 1
8.45711 14.238 47590 -16.6941 43.8938 187.222 1775.09 -13 811 1 0 1
-10.3491 -7.36493 47590 -16.1932 -24.7777 182.053 1775 -13 902 1 0 1
-0.565043 9.72913 47590 -19.7425 21.729 195.076 1774.74 -13 952 1 0 1
-6.21312 2.24412 47590 -22.0499 1.37682 189.969 1775.18 -13 957 1 0 1
-1.89867 -0.728656 47590 -5.38681 -4.36206 210.458 1774.81 -13 1013 1 0 1
10.1414 -17.1435 47590 33.1296 7.79895 162.921 1775.12 -13 1050 1 0 1
-3.95296 7.04517 47590 -31.8065 -12.3875 185.852 1775.07 -13 1051 1 0 1
-1.33036 4.55565 47590 -25.6016 -5.77072 203.688 1775.17 -13 1061 1 0 1
-13.6886 9.90025 47590 -34.781 -14.1151 180.412 1774.93 -13 1079 1 0 1
-11.1419 -4.27597 47590 -17.0207 -16.78 186.546 1774.84 -13 1096 1 0 1
-2.86504 18.5588 47590 -48.5835 48.5282 203.841 1775.06 -13 1185 1 0 1
-7.89788 -9.89734 47590 9.75228 -31.8449 192.422 1775.2 -13 1194 1 0 1
-1.96214 14.3374 47590 -32.2623 36.9938 185.794 1775.05 -13 1203 1 0 1
-2.07324 3.9778 47590 -11.0795 -3.40813 182.138 1775.12 -13 1216 1 0 1
23.004 15.314 47590 0.662817 68.8991 203.572 1775.32 -13 1219 1 0 1
-13.2808 13.4504 47590 -55.2666 -5.21368 199.841 1774.82 -13 1302 1 0 1
1.18486 20.1581 47590 -29.0944 42.2283 193.919 1775.12 -13 1331 1 0 1
-1.309 2.49507 47590 -10.0616 4.00131 204.905 1775.2 -13 1454 1 0 1
-16.5199 -9.49625 47590 -7.01375 -44.1124 180.308 1774.93 -13 1487 1 0 1
2.95094 15.6512 47590 -14.6678 23.1285 198.747 1775.2 -13 1511 1 0 1
5.20905 -8.83528 47590 25.8214 -2.4208 181.895 1775.03 -13 1568 1 0 1
5.57107 14.5763 47590 -21.6749 16.921 184.707 1774.91 -13 1621 1 0 1
-6.53696 2.07778 47590 -21.0222 -2.73043 193.994 1775.23 -13 1658 1 0 1
21.2685 7.24619 47590 14.9927 49.7466 207.406 1774.7 -13 1668 1 0 1
-6.70508 -4.56081 47590 -7.32502 -1.344 205.79 1775.27 -13 1681 1 0 1
-5.58492 14.3643 47590 -42.4741 17.4033 178.289 1775.13 -13 1708 1 0 1
2.62697 -5.57522 47590 19.3394 -2.44955 191.295 1775.21 -13 1737 1 0 1
-3.69703 0.178389 47590 -2.14988 -15.3409 185.684 1775.23 -13 1762 1 0 1
-9.15436 10.3119 47590 -33.9178 -2.27733 190.125 1775.24 -13 1767 1 0 1
-14.3357 -10.3311 47590 -5.00637 -42.5722 201.08 1775.28 -13 1852 1 0 1
-15.509 -27.4951 47590 10.4454 -87.7057 215.615 1774.96 -13 1864 1 0 1
14.005 5.67363 47590 13.4333 42.3332 193.299 1775.4 -13 1868 1 0 1
-5.42423 11.5169 47590 -31.6479 -1.83788 188.894 1775.27 -13 1879 1 0 1
14.9655 -3.85358 47590 29.2621 12.494 190.261 1774.86 -13 1880 1 0 1
14.1143 8.79746 47590 11.3846 52.0892 225.738 1775.01 -13 1919 1 0 1
-4.82902 -6.43693 47590 -1.857 -10.948 188.638 1775.14 -13 1942 1 0 1
-3.81501 -14.9463 47590 19.5463 -20.3514 187.3 1775.05 -13 1944 1 0 1
11.5173 -3.86866 47590 26.804 5.8057 204.989 1775.09 -13 1947 1 0 1
-3.58698 -8.23001 47590 1.26449 -23.961 183.124 1774.91 -13 1948 1 0 1
11.85 15.5768 47590 -13.2706 72.8056 204.203 1775.04 -13 1989 1 0 1
-1.6755 5.91355 47590 -13.2598 5.14121 180.322 1774.89 -13 1993 1 0 1
0.84181 11.3833 47590 -20.2824 0.716731 187.229 1774.99 -13 2118 1 0 1
14.7735 -0.550296 47590 22.0621 21.8626 187.767 1775.14 -13 2130 1 0 1
-1.74006 8.49769 47590 -16.6652 0.931595 187.94 1774.83 -13 2152 1 0 1
1.33556 7.56989 47590 -15.8221 25.0498 203.42 1775.18 -13 2153 1 0 1
-9.4992 6.76809 47590 -32.9654 -11.9545 193.636 1775.25 -13 2154 1 0 1
-8.95367 0.558894 47590 -14.489 -14.5111 193.896 1775.21 -13 2180 1 0 1
-7.87404 -0.892434 47590 -10.2067 -22.717 179.611 1775.06 -13 2221 1 0 1
-5.01833 6.53577 47590 -24.1057 -10.0041 191.327 1775.17 -13 2222 1 0 1
-6.63713 -8.90928 47590 -0.153502 -25.9256 190.22 1775.15 -13 2260 1 0 1
-10.3793 -7.99609 47590 -5.83698 -36.3587 178.964 1775.06 -13 2311 1 0 1
4.99881 9.1884 47590 -24.7145 17.0807 190.852 1775.21 -13 2322 1 0 1
-9.99628 8.70512 47590 -34.198 -20.1724 182.416 1775.07 -13 2326 1 0 1
3.61882 14.5436 47590 -16.9573 28.5654 184.585 1775.1 -13 2340 1 0 1
-15.3677 -3.98041 47590 -27.6573 -25.9361 202.657 1775.21 -13 2409 1 0 1
-3.7502 0.270345 47590 -8.05273 -10.4113 195.419 1775.24 -13 2410 1 0 1
20.7118 22.3551 47590 -12.4452 84.3752 212.661 1774.97 -13 2474 1 0 1
7.78585 21.3319 47590 -23.8048 54.4394 184.367 1775.05 -13 2486 1 0 1
-12.2277 -3.71976 47590 -23.5386 -16.0076 183.891 1775.04 -13 2584 1 0 1
9.00291 13.4351 47590 -26.5351 22.0536 191.491 1775.15 -13 2588 1 0 1
3.8933 20.1688 47590 -31.8583 30.9676 206.758 1775.15 -13 2596 1 0 1
-1.29553 -7.6042 47590 6.39615 -10.7561 197.508 1775.15 -13 2600 1 0 1
-4.32119 8.5062 47590 -21.0259 -2.25373 175.779 1775.06 -13 2612 1 0 1
-4.41828 16.2756 47590 -47.8763 12.4103 184.041 1774.98 -13 2625 1 0 1
-0.181 11.1892 47590 -29.3582 11.1941 173.617 1775.09 -13 2658 1 0 1
-7.0949 1.62264 47590 -20.1297 -14.8124 203.491 1775.23 -13 2687 1 0 1
-1.92277 -9.12492 47590 11.8157 -24.0582 194.651 1775.18 -13 2813 1 0 1
5.39849 14.2989 47590 -21.8089 32.7973 184.189 1775.05 -13 2834 1 0 1
-8.7293 5.85634 47590 -19.5821 2.45228 183.851 1775.01 -13 2835 1 0 1
5.72092 11.2858 47590 -19.723 17.5911 201.159 1774.75 -13 2851 1 0 1
-14.2137 -5.12551 47590 -3.6263 -29.8198 180.7 1774.7 -13 2881 1 0 1
-22.9746 -9.83855 47590 -28.2888 -44.8009 226.938 1775.14 -13 2903 1 0 1
-4.1353 3.53688 47590 -18.9909 4.14409 202.516 1775.22 -13 2916 1 0 1
-6.33518 5.60781 47590 -22.173 -5.38241 194.287 1775.23 -13 2921 1 0 1
2.7617 9.01874 47590 -15.353 4.05152 182.589 1774.92 -13 2964 1 0 1
3.44854 7.01683 47590 -20.8801 15.2179 186.603 1775.21 -13 2980 1 0 1
3.26156 13.8095 47590 -13.3499 18.3866 181.937 1774.89 -13 2988 1 0 1
-5.61902 7.83543 47590 -19.9963 -0.423348 192.618 1775.16 -13 2989 1 0 1
29.5793 -23.3425 47590 61.9088 31.321 169.758 1775.03 -13 3000 1 0 1
-7.56901 9.08259 47590 -30.0755 -15.4817 185.827 1775.15 -13 3010 1 0 1
-16.6134 -4.98111 47590 -16.3046 -41.0264 177.677 1774.99 -13 3046 1 0 1
-2.16636 16.0123 47590 -39.746 18.142 180.571 1774.95 -13 3063 1 0 1
9.90082 -0.30144 47590 11.2568 13.7233 189.299 1775.15 -13 3107 1 0 1
-10.1992 5.85779 47590 -32.2441 -10.5535 182.043 1774.85 -13 3118 1 0 1
-5.68944 1.86004 47590 -12.7765 -7.92072 182.768 1775.18 -13 3122 1 0 1
1.8889 6.69804 47590 -10.8871 30.2093 203.912 1775.08 -13 3144 1 0 1
-9.45526 1.26534 47590 -13.9437 -4.66734 176.363 1775.86 -13 3147 1 0 1
0.701099 -10.6167 47590 13.5473 -11.3573 176.234 1775.01 -13 3211 1 0 1
4.44474 7.9869 47590 -11.979 4.40214 209.422 1775.18 -13 3282 1 0 1
-7.08548 3.36161 47590 -24.9442 -15.6876 182.364 1775.16 -13 3307 1 0 1
-4.2956 -9.75837 47590 12.6229 -25.4858 188.038 1775.17 -13 3382 1 0 1
-12.2667 -3.34219 47590 -15.5618 -28.5552 182.634 1775.08 -13 3406 1 0 1
4.24559 1.25772 47590 1.90715 -10.9057 202.729 1774.8 -13 3426 1 0 1
-4.20849 8.63733 47590 -27.266 20.5418 204.03 1775.15 -13 3476 1 0 1
-0.632268 -17.8182 47590 28.761 -25.9451 208.37 1774.76 -13 3508 1 0 1
-9.15712 -4.85436 47590 -16.6445 -13.7476 210.46 1775.05 -13 3578 1 0 1
0.324562 -7.9172 47590 11.9046 -11.7198 182.959 1774.96 -13 3598 1 0 1
1.2498 12.6502 47590 -15.1185 24.9891 196.356 1775.28 -13 3634 1 0 1
-7.1461 -4.62084 47590 -11.5639 -29.7436 207.747 1775.17 -13 3803 1 0 1
-12.338 -0.301555 47590 -23.6632 -16.789 189.541 1775.13 -13 3832 1 0 1
1.74049 -3.42609 47590 -8.49164 -14.6317 188.561 1775.16 -13 3841 1 0 1
-2.74939 -2.21597 47590 -5.22814 10.9335 205.87 1775.23 -13 3860 1 0 1
2.16287 1.77904 47590 3.84573 13.4048 185.272 1775.07 -13 3864 1 0 1
16.0651 23.4807 47590 -31.7943 59.6641 193.124 1775.18 -13 3867 1 0 1
-7.08406 9.89432 47590 -45.1363 3.87191 199.327 1775.17 -13 3892 1 0 1
10.805 12.3127 47590 -2.34276 34.3057 188.321 1775.08 -13 3921 1 0 1
1.26832 2.41254 47590 -7.7278 0.776712 184.421 1775.14 -13 3926 1 0 1
-5.22993 31.0641 47590 -66.1188 17.9508 190.172 1775.25 -13 3990 1 0 1
-6.25411 18.0371 47590 -45.0085 10.3735 188.889 1775.17 -13 4003 1 0 1
-3.35347 8.42827 47590 -27.4379 -4.27274 191.188 1774.82 -13 4074 1 0 1
-14.1087 -1.22391 47590 -37.0476 -38.0145 182.299 1775.29 -13 4080 1 0 1
12.998 -6.84979 47590 43.8102 -7.63805 191.062 1774.96 -13 4118 1 0 1
-0.456122 11.6499 47590 -30.4518 11.4505 187.951 1775.26 -13 4120 1 0 1
-2.77602 1.62303 47590 -14.0966 0.599009 181.313 1775.05 -13 4172 1 0 1
-7.7087 -4.02262 47590 -24.9954 -11.7257 215.101 1774.92 -13 4203 1 0 1
2.30017 4.93173 47590 5.46672 17.1579 193.836 1775.13 -13 4204 1 0 1
0.22977 2.53555 47590 -19.1739 7.93723 201.971 1775.2 -13 4236 1 0 1
-3.6047 7.69594 47590 -20.8949 3.72595 177.902 1775.07 -13 4315 1 0 1
1.59385 -0.464545 47590 1.91153 -2.09921 179.77 1775.01 -13 4348 1 0 1
-10.775 -12.4686 47590 5.64107 -36.4016 176.944 1775.02 -13 4378 1 0 1
-2.3999 12.7419 47590 -27.5047 16.9674 189.601 1775.18 -13 4398 1 0 1
3.41014 5.87564 47590 -11.0941 29.5189 207.683 1774.78 -13 4408 1 0 1
7.43848 1.74415 47590 11.7723 19.3158 205.966 1775.15 -13 4421 1 0 1
-4.56729 21.006 47590 -39.862 21.8355 192.562 1775.22 -13 4484 1 0 1
8.26697 -1.74489 47590 2.19896 12.8355 216.161 1775.06 -13 4486 1 0 1
6.95949 -11.5974 47590 32.5064 -28.0588 187.287 1775.11 -13 4501 1 0 1
9.83186 -6.2629 47590 22.8241 6.25962 174.044 1775.09 -13 4517 1 0 1
5.60657 -23.3982 47590 37.8643 -14.6467 186.796 1775 -13 4526 1 0 1
-9.5291 5.92851 47590 -40.0924 -12.8615 193.718 1775.23 -13 4563 1 0 1
-4.08583 4.07807 47590 -17.2614 11.2653 186.049 1775.1 -13 4594 1 0 1
-18.3451 7.9623 47590 -45.4504 -20.8245 180.261 1775.06 -13 4605 1 0 1
-2.92251 -12.2777 47590 8.03153 -44.1246 185.925 1775.01 -13 4673 1 0 1
-2.09534 0.895481 47590 -16.1511 0.380291 203.732 1775.19 -13 4749 1 0 1
-25.9624 11.3133 47590 -86.0537 -14.6848 216.112 1774.88 -13 4791 1 0 1
6.38379 0.854687 47590 12.6959 22.7791 193.522 1775.21 -13 4799 1 0 1
-8.32135 5.07339 47590 -23.8086 -0.270607 194.622 1775.21 -13 4813 1 0 1
-2.61194 -29.8389 47590 50.2339 -16.9852 162.277 1775.27 -13 4820 1 0 1
0.857366 -1.44526 47590 6.57564 12.2071 199.301 1775.19 -13 4844 1 0 1
-2.68378 10.2933 47590 -38.8145 -1.5768 202.259 1775.17 -13 4923 1 0 1
-3.96992 7.7203 47590 -17.3188 -7.6904 188.613 1772.37 -13 4926 1 0 1
2.01127 -2.62156 47590 3.49712 5.68344 180.923 1775.05 -13 4962 1 0 1
-20.2174 24.9104 47590 -72.0235 -6.41161 189.883 1775.23 -13 4999 1 0 1
