#BLTrackFile VirtualDetector/beamDet
#x y z Px Py Pz t PDGid EventID TrackID ParentID Weight
#mm mm mm MeV/c MeV/c MeV/c ns - - - - -
-1.79797 1.74509 48810 -14.2993 -12.2074 203.796 1354.8 -13 360 1 0 1
16.2626 23.0526 48810 5.33338 80.6564 224.656 1355.2 -13 767 1 0 1
13.6856 0.81584 48810 10.5941 20.2117 187.511 1355 -13 888 1 0 1
-10.3966 -3.39976 48810 -22.7406 -0.84866 202.896 1354.91 -13 1130 1 0 1
-4.46134 0.89682 48810 -9.60975 0.250288 184.613 1354.88 -13 1523 1 0 1
-8.1689 -27.2733 48810 13.954 -88.2254 234.248 1355.1 -13 1576 1 0 1
-32.4167 13.1703 48810 -86.9093 -14.8592 214.362 1353.49 -13 1827 1 0 1
-0.768501 21.5524 48810 -24.2948 21.6026 191.301 1353.53 -13 1959 1 0 1
