66.0 2.4483 0.011887009716493025 2.441 9.064 0.15834727657904316 8.82 81.7531380753138 0.28678338271427073 83.34728033472804
72.0 2.3048999999999995 0.03230803305681114 2.281 11.0414 0.5788597273951609 11.28 73.3279613215149 1.1782250723842185 76.85334407735697
97.5 2.5824999999999996 0.05727499454386705 2.595 7.589099999999999 0.22742350142410525 7.861 2.655869284792891 0.19130996747127263 2.823563136018346
75.0 1.9907999999999997 0.12379344086016833 2.137 7.3444 0.683778622070038 5.708 0.2905229412943298 0.025853512122949184 0.2905229412943298
51.0 0.7466299999999999 0.009425985890080672 0.7475 3.3869 0.05893800980691495 3.44 65.93593593593593 0.6929891685600116 67.18718718718719


46.8 0.8665799999999999 0.026881189705814743 0.8261 41.867 1.7972890975021236 43.81 0.722 0.07033917827214076 0.62
6.8 0.6542100000000001 0.025330860427549635 0.6363 4.570200000000001 0.2036150682046886 4.447 3.4900940564338603 0.2441989727620242 3.502101260756454
39.0 0.8149700000000001 0.06258491199961856 1.034 1.996 0.1858831353297012 1.674 0.21804360872174433 0.023745010163190906 0.260052010402080374
