#BLTrackFile VirtualDetector/beamDet
#x y z Px Py Pz t PDGid EventID TrackID ParentID Weight
#mm mm mm MeV/c MeV/c MeV/c ns - - - - -
-31.6315 -15.2853 76260 -34.9796 -36.0165 241.542 1065.77 -13 2 1 0 1
2.32923 10.471 76260 -6.41535 3.09084 203.466 1065.35 -13 3 1 0 1
-19.1933 15.7149 76260 -44.003 -8.10252 206.599 1065.64 -13 5 1 0 1
-7.59178 20.0573 76260 -34.6465 6.8518 210.315 1065.26 -13 6 1 0 1
-3.89735 26.2181 76260 -41.1354 12.9564 206.988 1065.32 -13 7 1 0 1
7.52421 9.02952 76260 -5.67513 13.008 212.194 1065.31 -13 8 1 0 1
-16.9093 29.7528 76260 -42.7768 -2.43606 187.413 1065.42 -13 9 1 0 1
-11.911 6.18275 76260 -29.1481 -7.75071 221.971 1065.54 -13 10 1 0 1
17.0877 9.34216 76260 -10.6877 31.7927 197.6 1065.69 -13 11 1 0 1
-12.1139 21.947 76260 -30.3407 13.2846 193.289 1065.36 -13 12 1 0 1
15.3871 -8.99201 76260 22.0738 -22.8403 214.58 1065.76 -13 14 1 0 1
-5.47965 13.524 76260 -10.1635 14.1908 209.408 1065.65 -13 15 1 0 1
0.221894 19.9147 76260 -6.59335 20.5441 219.681 1065.86 -13 16 1 0 1
-42.3989 1.9195 76260 -39.3591 -35.7128 190.387 1065.62 -13 17 1 0 1
-5.4533 13.6226 76260 -23.7237 21.231 213.351 1065.58 -13 18 1 0 1
-5.00556 17.3406 76260 -28.9829 6.16388 199.55 1065.71 -13 19 1 0 1
18.568 8.32886 76260 11.2067 13.181 217.644 1065.56 -13 20 1 0 1
-1.89812 32.6776 76260 -41.0866 15.6177 206.179 1065.24 -13 21 1 0 1
-7.14189 3.86169 76260 -13.206 1.87871 217.225 1065.56 -13 22 1 0 1
-1.27949 13.8128 76260 -16.3697 6.90653 195.18 1065.41 -13 23 1 0 1
1.25218 31.8937 76260 -34.6774 22.2908 209.767 1065.37 -13 24 1 0 1
12.3638 18.009 76260 7.90215 40.7132 229.774 1065.34 -13 25 1 0 1
-1.71266 -2.3816 76260 -9.45789 -4.6384 215.7 1065.6 -13 26 1 0 1
18.743 18.1894 76260 3.02366 41.6328 221.302 1065.56 -13 27 1 0 1
-11.1503 -21.575 76260 -3.48723 -28.4853 206.748 1065.53 -13 28 1 0 1
-38.2696 23.6686 76260 -55.4442 -10.6097 210.508 1065.4 -13 29 1 0 1
-21.7142 12.7625 76260 -37.313 -17.2916 203.826 1065.63 -13 30 1 0 1
-12.4421 10.4191 76260 -37.4895 13.6937 227.006 1065.4 -13 31 1 0 1
-16.8957 30.054 76260 -48.4392 -1.7551 193.619 1065.49 -13 32 1 0 1
-10.5763 31.0136 76260 -38.6021 13.4459 204.156 1065.58 -13 33 1 0 1
6.98432 27.084 76260 -10.0928 19.8845 210.195 1065.58 -13 34 1 0 1
-12.0501 -15.5094 76260 -4.90631 -18.5234 205.184 1065.58 -13 35 1 0 1
11.0594 44.5687 76260 -14.7305 65.7415 222.423 1065.49 -13 36 1 0 1
-3.77968 16.0007 76260 -30.8019 2.67471 202.893 1065.44 -13 37 1 0 1
-6.31014 25.6885 76260 -27.407 33.2621 214.385 1065.63 -13 38 1 0 1
-9.77098 -19.4492 76260 7.37528 -26.2037 208.568 1065.28 -13 39 1 0 1
-0.694806 9.64283 76260 -11.9287 28.4011 228.56 1065.67 -13 41 1 0 1
-2.08114 3.04442 76260 -12.8286 -3.44731 203.58 1065.53 -13 42 1 0 1
-20.3722 25.9112 76260 -33.2404 -0.569405 199.44 1065.43 -13 44 1 0 1
-15.9976 14.5116 76260 -25.9634 -11.472 195.154 1065.6 -13 45 1 0 1
10.4502 34.0412 76260 -27.9972 38.2671 192.022 1065.52 -13 46 1 0 1
-1.80107 25.9782 76260 -23.4757 13.1216 207.183 1065.6 -13 47 1 0 1
-3.44925 -1.69173 76260 -4.24175 2.78377 203.725 1065.58 -13 48 1 0 1
5.20999 2.13657 76260 -4.55549 8.47578 212.647 1065.37 -13 49 1 0 1
-16.1999 6.47647 76260 -25.9102 -17.1597 214.94 1065.47 -13 50 1 0 1
-28.5307 -1.24163 76260 -23.0892 -35.1298 204.718 1065.5 -13 51 1 0 1
1.04177 13.7511 76260 -20.9464 11.2805 214.223 1065.5 -13 52 1 0 1
-19.0558 12.3852 76260 -39.4248 -16.7265 207.695 1065.59 -13 53 1 0 1
-11.9613 38.4874 76260 -61.3729 24.3659 199.637 1065.52 -13 54 1 0 1
-8.99401 -1.3331 76260 -10.068 -14.8574 220.281 1065.35 -13 55 1 0 1
-36.7539 15.6856 76260 -40.3244 -25.6823 193.816 1065.61 -13 56 1 0 1
-28.6046 25.2017 76260 -66.9278 3.80113 220.767 1065.62 -13 57 1 0 1
-0.223885 19.1586 76260 -33.8601 20.9913 212.017 1065.46 -13 59 1 0 1
-39.8569 9.00092 76260 -54.0416 -20.3441 211.242 1065.42 -13 60 1 0 1
17.212 2.84274 76260 5.66317 5.00431 217.444 1065.33 -13 61 1 0 1
-11.1917 15.4653 76260 -36.4199 9.67606 202.284 1065.47 -13 62 1 0 1
2.63855 7.80729 76260 -18.5772 -1.85866 200.106 1065.58 -13 63 1 0 1
-12.089 32.4297 76260 -48.8146 12.3091 207.368 1065.53 -13 64 1 0 1
10.9503 23.0208 76260 -27.686 21.8798 197.088 1065.53 -13 65 1 0 1
-24.3061 14.7499 76260 -34.5026 -16.4777 203.995 1065.6 -13 66 1 0 1
10.0918 20.8694 76260 -16.4594 15.4925 199.626 1065.38 -13 67 1 0 1
2.15966 10.6639 76260 -22.551 6.89866 206.391 1065.61 -13 68 1 0 1
-9.11811 -10.5148 76260 -1.04304 -14.3403 206.035 1065.37 -13 69 1 0 1
-36.9652 -12.7654 76260 -35.1463 -47.1461 211.005 1065.53 -13 70 1 0 1
7.17288 28.042 76260 -25.8495 22.3972 208.385 1065.61 -13 71 1 0 1
-8.69706 22.1507 76260 -38.4061 -4.77173 201.172 1065.53 -13 72 1 0 1
-4.94591 -0.342426 76260 -19.1908 -14.1599 229.636 1065.45 -13 74 1 0 1
-25.1818 9.77747 76260 -45.8453 -12.6017 214.428 1065.58 -13 75 1 0 1
-10.3375 32.0233 76260 -45.6863 24.9249 210.365 1065.57 -13 76 1 0 1
-8.74805 7.5893 76260 -39.1504 -3.49126 228.968 1065.54 -13 78 1 0 1
0.705964 -14.4847 76260 -1.19623 -11.5894 219.207 1065.9 -13 79 1 0 1
-17.4648 18.9001 76260 -48.3516 11.7499 210.674 1065.57 -13 80 1 0 1
-17.3646 17.3947 76260 -35.6372 12.9506 218.196 1065.56 -13 81 1 0 1
-2.57704 -16.4053 76260 4.23269 -15.1805 223.875 1065.39 -13 82 1 0 1
-6.92957 10.1333 76260 -22.5345 -9.12882 187.831 1065.44 -13 83 1 0 1
-5.51499 8.52947 76260 -14.9097 -10.6102 195.157 1065.57 -13 85 1 0 1
2.85143 21.5885 76260 -25.542 35.5743 213.612 1065.44 -13 86 1 0 1
3.10764 19.0253 76260 -15.0997 30.2126 216.676 1065.5 -13 87 1 0 1
-5.92777 1.94996 76260 -2.25842 0.659087 224.864 1065.54 -13 88 1 0 1
18.6045 17.4612 76260 -5.93567 38.4733 223.014 1065.72 -13 89 1 0 1
-14.5151 20.2952 76260 -39.0157 13.6582 218.745 1065.55 -13 90 1 0 1
7.87577 39.4003 76260 -32.0424 36.2593 211.072 1065.52 -13 91 1 0 1
-0.109376 20.4733 76260 -32.7625 26.0506 216.002 1065.65 -13 92 1 0 1
-3.61562 16.2027 76260 -23.4311 25.2221 221.55 1065.54 -13 93 1 0 1
-4.75976 9.50245 76260 -15.7449 -1.74369 215.827 1065.4 -13 94 1 0 1
3.82773 4.76174 76260 -11.7301 -0.696878 217.68 1065.48 -13 95 1 0 1
19.1546 20.6264 76260 -5.62384 59.5259 217.943 1065.5 -13 96 1 0 1
1.71282 4.21829 76260 -5.33843 3.50011 214.995 1065.34 -13 97 1 0 1
-1.84952 29.0966 76260 -24.848 34.2663 209.344 1065.67 -13 98 1 0 1
-1.41536 4.08493 76260 -6.08165 8.1154 211.668 1065.56 -13 99 1 0 1
-11.6597 12.129 76260 -11.303 18.0768 216.481 1065.43 -13 100 1 0 1
7.45123 0.703478 76260 3.3647 15.5828 213.556 1065.58 -13 101 1 0 1
15.0193 26.7603 76260 -22.7226 48.7517 205.347 1065.69 -13 103 1 0 1
11.2915 1.53077 76260 18.1972 21.8259 228.597 1065.43 -13 104 1 0 1
-13.3121 29.1638 76260 -41.4743 1.47738 199.828 1065.39 -13 105 1 0 1
-15.5698 11.3867 76260 -24.6863 -0.281605 209.351 1065.47 -13 106 1 0 1
12.1793 22.7934 76260 -17.5114 28.3918 219.311 1065.41 -13 108 1 0 1
-20.6042 27.4281 76260 -46.5082 -0.803992 199.289 1065.45 -13 109 1 0 1
-1.33952 11.5479 76260 -12.199 22.7512 226.638 1065.41 -13 110 1 0 1
4.10517 11.4108 76260 -19.4443 8.34221 197.178 1065.37 -13 111 1 0 1
3.25889 13.2107 76260 0.0159704 13.8626 210.436 1065.42 -13 112 1 0 1
-6.61045 20.1405 76260 -41.2016 35.5778 219.094 1065.45 -13 113 1 0 1
-20.9673 16.8661 76260 -42.89 -2.28567 209.273 1065.25 -13 114 1 0 1
-5.80614 20.3608 76260 -22.3299 5.87342 197.159 1065.47 -13 115 1 0 1
-8.44768 8.89297 76260 -17.0235 10.314 219.673 1065.42 -13 116 1 0 1
11.5196 8.50275 76260 -15.6575 28.3007 212.067 1065.35 -13 117 1 0 1
8.0185 21.1586 76260 -28.199 30.6207 211.135 1065.4 -13 119 1 0 1
-15.5644 19.5859 76260 -32.775 19.7958 216.309 1065.5 -13 120 1 0 1
4.93429 36.4789 76260 -34.2063 44.3353 215.096 1065.41 -13 121 1 0 1
15.7576 13.0288 76260 1.82973 25.9737 223.419 1065.39 -13 122 1 0 1
-15.3726 7.89407 76260 -30.9934 -3.72779 205.454 1065.6 -13 123 1 0 1
-31.7308 17.346 76260 -43.2488 -21.2624 187.991 1065.64 -13 125 1 0 1
0.0667586 16.5227 76260 -28.981 15.984 210.211 1065.72 -13 126 1 0 1
1.99644 3.68675 76260 -13.0672 -9.77094 196.96 1065.33 -13 127 1 0 1
-23.5844 14.5463 76260 -50.6905 2.08916 215.7 1065.65 -13 128 1 0 1
5.21066 15.6598 76260 -21.5005 19.6903 192.312 1065.48 -13 129 1 0 1
-14.6924 -1.59031 76260 -23.7975 -22.4056 209.12 1065.32 -13 130 1 0 1
-4.86823 12.1878 76260 -15.0012 7.68082 223.816 1065.47 -13 131 1 0 1
-11.2817 16.1076 76260 -31.3061 16.1947 229.642 1065.6 -13 132 1 0 1
-11.0191 41.0206 76260 -48.838 49.555 215.459 1065.37 -13 133 1 0 1
12.1309 38.3971 76260 -20.6432 56.3826 224.53 1065.54 -13 134 1 0 1
-10.9518 24.7972 76260 -38.9006 10.1481 217.461 1065.44 -13 135 1 0 1
-39.4237 22.3432 76260 -76.8607 3.43469 221.123 1065.47 -13 136 1 0 1
-11.8872 16.429 76260 -18.4889 7.49116 215.725 1065.49 -13 137 1 0 1
-24.5575 7.07917 76260 -26.9601 -26.5025 191.442 1065.6 -13 138 1 0 1
-8.60787 24.6195 76260 -38.9474 4.47718 190.875 1065.64 -13 139 1 0 1
-14.9436 2.41753 76260 -26.2406 3.82753 219.094 1065.36 -13 140 1 0 1
-21.8942 8.49894 76260 -33.7364 -19.2884 205.952 1065.61 -13 141 1 0 1
-32.6318 15.2027 76260 -54.4836 -29.7195 205.192 1065.56 -13 142 1 0 1
-7.70772 -8.44346 76260 -9.44718 -9.87984 206 1065.49 -13 144 1 0 1
-10.9708 32.406 76260 -47.3976 14.9213 220.187 1065.6 -13 145 1 0 1
9.99397 36.287 76260 -25.6709 41.2559 205.737 1065.41 -13 146 1 0 1
-1.8915 13.4348 76260 -28.5229 16.863 210.189 1065.42 -13 147 1 0 1
-15.6187 5.76178 76260 -28.1401 -14.5972 212.065 1065.3 -13 148 1 0 1
-9.79702 23.3774 76260 -24.4372 16.3736 201.855 1065.38 -13 149 1 0 1
-11.8916 2.02488 76260 -22.4676 -2.64875 214.37 1065.49 -13 150 1 0 1
4.81279 9.09433 76260 -9.97987 15.5261 214.222 1065.34 -13 151 1 0 1
-2.85933 1.70398 76260 -5.04576 -1.25415 207.275 1065.3 -13 152 1 0 1
-5.39772 9.64646 76260 -25.3372 -1.59728 201.169 1065.42 -13 153 1 0 1
12.5631 15.0708 76260 -11.8457 28.2092 209.966 1065.51 -13 154 1 0 1
-3.34936 23.5084 76260 -20.8681 13.1901 199.44 1065.4 -13 155 1 0 1
-11.3032 6.68811 76260 -11.4885 -9.08332 202.067 1065.48 -13 156 1 0 1
1.22557 2.56799 76260 -10.7138 1.40331 206.599 1065.52 -13 157 1 0 1
-3.78653 5.30454 76260 -14.4296 -0.581814 212.688 1065.55 -13 159 1 0 1
-5.24628 8.84073 76260 -18.299 3.82942 212.095 1065.54 -13 160 1 0 1
-10.188 14.0649 76260 -30.3995 4.88231 204.847 1065.51 -13 161 1 0 1
-7.6939 9.52967 76260 -22.8874 0.533398 211.255 1065.54 -13 162 1 0 1
-5.36103 -1.05871 76260 -12.8026 -14.1904 218.751 1065.32 -13 163 1 0 1
0.486546 30.3967 76260 -38.7394 14.6055 195.928 1065.53 -13 164 1 0 1
-9.74753 -1.12526 76260 -11.8971 5.00354 223.533 1065.58 -13 165 1 0 1
0.386486 15.8975 76260 -17.8645 -3.96618 201.156 1065.49 -13 167 1 0 1
17.4939 -6.84914 76260 3.61486 4.7549 223.516 1065.5 -13 168 1 0 1
-6.1756 29.1124 76260 -31.5245 20.2084 219.786 1065.35 -13 169 1 0 1
-9.09331 31.3967 76260 -40.0792 7.68429 184.368 1065.6 -13 170 1 0 1
1.44314 20.399 76260 -25.934 10.851 205.654 1065.76 -13 171 1 0 1
8.10049 23.6707 76260 -19.5743 26.9868 211.415 1065.4 -13 172 1 0 1
26.1533 14.4105 76260 8.04192 45.6579 219.063 1065.66 -13 173 1 0 1
2.1572 10.7692 76260 -7.98469 9.27701 202.711 1065.42 -13 174 1 0 1
-20.9924 17.6756 76260 -46.0868 -5.71921 211.088 1065.56 -13 175 1 0 1
-11.354 21.0153 76260 -27.9417 10.7606 224.052 1065.7 -13 176 1 0 1
6.00579 15.0652 76260 -17.3035 21.94 220.574 1065.5 -13 177 1 0 1
-27.2103 0.727293 76260 -28.0494 -26.743 197.171 1065.6 -13 178 1 0 1
2.94719 0.941214 76260 -13.3615 -3.49923 210.104 1065.45 -13 179 1 0 1
12.6912 12.716 76260 -3.60336 26.8413 211.076 1065.51 -13 180 1 0 1
-16.7345 18.7203 76260 -28.9446 11.8082 206.501 1065.67 -13 181 1 0 1
-5.73278 14.414 76260 -14.3994 15.2666 221.255 1065.35 -13 182 1 0 1
1.54648 21.8692 76260 -22.4559 9.63156 221.129 1065.69 -13 183 1 0 1
0.387419 -2.65185 76260 -1.20283 3.48551 206.054 1065.48 -13 185 1 0 1
11.4826 7.92167 76260 -13.4632 19.9179 202.415 1065.55 -13 186 1 0 1
-7.84577 50.1901 76260 -63.1053 51.3279 214.346 1065.69 -13 187 1 0 1
-6.2642 23.7629 76260 -32.9038 6.66141 185.338 1065.53 -13 188 1 0 1
-5.92177 9.57301 76260 -21.8102 -6.24071 210.272 1065.61 -13 189 1 0 1
1.383 21.2953 76260 -19.9825 20.0649 205.109 1065.57 -13 190 1 0 1
-27.5022 28.0494 76260 -68.9013 21.1719 228.614 1065.33 -13 192 1 0 1
1.33921 -1.81519 76260 -11.8896 -1.69725 209.074 1065.52 -13 193 1 0 1
-4.2129 21.5756 76260 -32.9188 6.02255 196.93 1065.35 -13 194 1 0 1
-4.6893 -3.85101 76260 2.66132 -6.83096 204.748 1065.27 -13 195 1 0 1
-6.20722 21.4821 76260 -34.499 16.1197 207.764 1065.64 -13 196 1 0 1
-7.95036 21.1351 76260 -41.67 -11.416 209.572 1065.4 -13 197 1 0 1
-18.087 -0.743706 76260 -22.0488 -7.06705 213.748 1065.69 -13 198 1 0 1
4.33273 -0.931881 76260 5.4199 11.1768 214.701 1065.36 -13 199 1 0 1
-7.15434 19.7914 76260 -22.4222 24.3643 196.949 1065.86 -13 200 1 0 1
