#BLTrackFile VirtualDetector/beamDet
#x y z Px Py Pz t PDGid EventID TrackID ParentID Weight
#mm mm mm MeV/c MeV/c MeV/c ns - - - - -
0.993103 26.1103 99010 -13.0092 27.2808 237.16 812.365 -13 2 1 0 1
-2.58497 11.4897 99010 -27.7736 14.9344 233.2 812.519 -13 4 1 0 1
10.3042 9.17189 99010 0.693836 18.4176 199.389 812.311 -13 5 1 0 1
3.58334 -45.5132 99010 37.642 -25.5165 241.279 812.453 -13 6 1 0 1
-24.6203 16.2808 99010 -44.721 -7.80285 222.372 812.322 -13 7 1 0 1
14.3881 52.1847 99010 -49.5945 46.9078 213.543 812.416 -13 8 1 0 1
-8.38686 18.4922 99010 -26.2842 10.6401 227.896 812.73 -13 9 1 0 1
-6.28475 57.0635 99010 -62.1032 13.6372 215.199 812.641 -13 10 1 0 1
13.0688 48.6192 99010 -41.5514 35.2516 202.885 812.56 -13 11 1 0 1
-16.4243 30.3072 99010 -35.3191 -7.59484 202.317 812.522 -13 12 1 0 1
0.74874 14.3405 99010 -20.7499 15.2946 207.576 812.45 -13 14 1 0 1
-15.554 9.29459 99010 -19.3802 -8.34282 203.735 812.312 -13 15 1 0 1
-7.23362 37.7741 99010 -47.2038 25.0538 210.624 812.615 -13 16 1 0 1
-28.4888 14.9931 99010 -46.2872 -18.9185 222.782 812.926 -13 18 1 0 1
-33.073 30.5017 99010 -41.2525 12.4419 229.367 812.81 -13 19 1 0 1
-6.12922 25.5701 99010 -29.9251 2.89591 201.208 812.398 -13 20 1 0 1
9.23875 9.57014 99010 -10.5751 14.4618 200.51 812.339 -13 21 1 0 1
-29.9597 28.9844 99010 -56.2566 -9.92694 202.36 812.339 -13 22 1 0 1
-27.5437 52.255 99010 -69.1797 24.1191 214.937 812.468 -13 23 1 0 1
2.81934 4.0127 99010 -9.99619 -1.92412 216.121 812.58 -13 24 1 0 1
-22.5125 11.5759 99010 -38.2879 -5.73672 218.385 812.382 -13 25 1 0 1
-12.3599 28.597 99010 -43.8427 11.9181 219.168 812.502 -13 26 1 0 1
-12.2511 16.1307 99010 -31.9297 7.3278 220.307 812.501 -13 27 1 0 1
-2.3882 44.7413 99010 -38.5153 15.1208 205.153 812.526 -13 28 1 0 1
-12.3053 21.2258 99010 -40.9138 11.4481 226.19 812.783 -13 29 1 0 1
1.80911 22.0947 99010 -20.6225 11.0012 218.524 812.372 -13 30 1 0 1
-12.2679 52.635 99010 -50.3431 22.6211 211.278 812.56 -13 31 1 0 1
-69.2842 36.6814 99010 -70.2021 -29.0184 206.637 812.518 -13 32 1 0 1
2.31678 18.8102 99010 -19.6078 35.4937 228.441 812.381 -13 33 1 0 1
-26.4774 51.0012 99010 -67.7586 0.655895 202.638 812.383 -13 35 1 0 1
-10.8506 26.7905 99010 -38.3563 4.09923 198.849 812.338 -13 36 1 0 1
-1.00418 11.2712 99010 -15.9959 4.40039 192.442 812.584 -13 37 1 0 1
9.57675 20.9625 99010 -16.8181 18.8614 195.836 812.418 -13 38 1 0 1
-18.6829 -14.5365 99010 -5.01126 -34.7515 224.59 812.366 -13 39 1 0 1
-21.9446 -45.8504 99010 23.3624 -61.9799 215.383 812.387 -13 40 1 0 1
-3.92365 -3.66193 99010 -13.7551 -8.36508 197.078 812.527 -13 41 1 0 1
-16.1504 24.7656 99010 -28.7606 -17.6174 198.752 812.357 -13 42 1 0 1
-15.6528 48.502 99010 -30.598 28.2178 228.394 812.824 -13 44 1 0 1
10.2284 44.6378 99010 -43.3712 37.4148 221.832 812.752 -13 45 1 0 1
-9.15383 27.7014 99010 -34.9241 15.3864 214.908 812.384 -13 46 1 0 1
5.28552 26.324 99010 -24.3793 8.24405 218.864 812.334 -13 48 1 0 1
-40.193 32.2254 99010 -54.6707 -22.116 201.12 812.311 -13 49 1 0 1
-58.0234 -7.96212 99010 -21.7173 -52.1114 215.564 812.426 -13 50 1 0 1
-36.2491 4.00612 99010 -18.9371 -31.1059 196.429 812.426 -13 51 1 0 1
-34.6014 14.9744 99010 -42.6717 -31.4551 199.546 812.342 -13 52 1 0 1
-15.7751 4.56251 99010 -12.682 -16.6406 201.579 812.57 -13 53 1 0 1
-33.8256 17.6689 99010 -33.1022 -29.7807 194.422 812.374 -13 54 1 0 1
-19.2816 -8.85917 99010 -10.0775 -26.5353 194.872 812.588 -13 55 1 0 1
2.88435 12.475 99010 -25.4734 13.4277 207.813 812.366 -13 56 1 0 1
27.5554 48.2153 99010 -24.9275 70.8886 225.391 812.458 -13 57 1 0 1
-26.3039 -5.64889 99010 -12.91 -24.4703 205.808 812.552 -13 59 1 0 1
-33.8029 23.0641 99010 -74.8232 12.638 238.659 812.453 -13 60 1 0 1
-2.60646 40.2566 99010 -37.8979 32.1464 210.714 812.507 -13 61 1 0 1
-17.0085 16.4713 99010 -26.9495 1.08683 219.437 812.328 -13 62 1 0 1
-35.6562 24.9195 99010 -54.8243 -15.1665 210.955 812.51 -13 63 1 0 1
9.29896 29.7141 99010 -20.8399 39.8686 223.628 812.228 -13 64 1 0 1
-12.1428 37.4897 99010 -44.3086 -8.12779 220.468 812.836 -13 65 1 0 1
1.79663 3.08496 99010 -0.654674 7.17578 211.334 812.399 -13 66 1 0 1
-13.2805 39.821 99010 -48.023 37.7694 232.792 812.559 -13 67 1 0 1
7.56178 31.3239 99010 -29.6044 31.3091 218.443 812.256 -13 68 1 0 1
-15.1323 34.7848 99010 -48.2381 24.1756 209.721 812.313 -13 69 1 0 1
-1.26399 27.6977 99010 -47.9081 0.381572 211.88 812.387 -13 71 1 0 1
-35.5325 31.7722 99010 -51.684 -16.5417 204.85 812.404 -13 72 1 0 1
7.85789 8.51088 99010 9.68895 29.0683 252.553 812.462 -13 74 1 0 1
-27.9612 34.0873 99010 -59.0287 2.39446 214.719 812.348 -13 75 1 0 1
-14.2718 43.6714 99010 -53.1103 1.78949 218.337 812.556 -13 76 1 0 1
-31.0327 4.07312 99010 -27.1762 -26.2931 201.963 812.324 -13 77 1 0 1
3.11426 -3.27604 99010 -3.72889 -2.8206 230.957 812.349 -13 78 1 0 1
-69.6965 14.82 99010 -55.7138 -62.0039 203.133 812.482 -13 79 1 0 1
18.9657 -5.61433 99010 6.98911 11.9319 207.409 812.566 -13 80 1 0 1
-9.99649 8.34343 99010 -17.5739 0.782231 215.052 812.182 -13 81 1 0 1
1.03735 9.15915 99010 -6.11149 14.1054 231.249 812.37 -13 82 1 0 1
-72.4541 33.4448 99010 -90.97 -44.3191 213.454 812.794 -13 83 1 0 1
-27.8927 40.8922 99010 -63.8353 19.1886 214.176 812.316 -13 85 1 0 1
-2.32325 38.0656 99010 -50.5015 20.8965 205.518 812.331 -13 86 1 0 1
-23.6184 -4.49056 99010 -27.5202 -0.075447 236.067 812.62 -13 87 1 0 1
-6.81417 12.1645 99010 -17.2828 15.0843 225.501 812.676 -13 88 1 0 1
-11.9893 5.41568 99010 -22.2367 -15.3108 222.812 812.546 -13 89 1 0 1
-47.9903 5.08035 99010 -36.4076 -44.3443 205.158 812.602 -13 90 1 0 1
-19.0264 21.5893 99010 -45.6304 -8.55923 214.102 812.783 -13 91 1 0 1
0.133721 41.4094 99010 -45.6204 11.0133 201.154 812.56 -13 92 1 0 1
0.799431 13.9727 99010 -20.6626 -3.16733 207.228 812.345 -13 93 1 0 1
-6.25644 40.7706 99010 -62.1584 32.1796 225.898 812.504 -13 96 1 0 1
-50.0317 -14.5911 99010 -40.2764 -44.509 227.462 812.565 -13 97 1 0 1
1.54258 7.64673 99010 -28.5816 3.3124 229.077 812.38 -13 99 1 0 1
-42.4679 14.0076 99010 -41.6729 -30.8063 208.926 812.446 -13 100 1 0 1
