#BLTrackFile VirtualDetector/beamDet
#x y z Px Py Pz t PDGid EventID TrackID ParentID Weight
#mm mm mm MeV/c MeV/c MeV/c ns - - - - -
-28.881 17.8096 99010 -37.2651 -12.3115 199.454 812.505 -13 2 1 0 1
-42.9836 -0.124781 99010 -42.8271 -38.4455 225.928 812.796 -13 3 1 0 1
-18.2873 3.89713 99010 -15.1096 -2.68324 214.139 812.385 -13 4 1 0 1
-15.5284 19.738 99010 -30.0343 -25.5663 179.811 812.648 -13 6 1 0 1
-24.8222 21.369 99010 -41.0575 -12.1745 209.211 812.401 -13 7 1 0 1
-12.1031 22.8396 99010 -41.3682 2.20471 213.773 812.524 -13 8 1 0 1
2.09224 10.4934 99010 -6.95973 9.76063 224.25 812.615 -13 9 1 0 1
-32.6944 -3.51343 99010 -30.5153 -37.9599 210.646 812.538 -13 10 1 0 1
8.94852 23.7487 99010 -18.3292 6.62647 212.003 812.743 -13 12 1 0 1
7.6403 47.0412 99010 -48.3482 27.6547 200.758 812.703 -13 14 1 0 1
-14.4966 8.1095 99010 -26.5788 5.16203 213.325 812.6 -13 15 1 0 1
-27.3457 30.8262 99010 -65.5948 5.16825 222.259 812.7 -13 16 1 0 1
3.29572 25.5699 99010 -17.7909 31.2792 229.495 812.552 -13 18 1 0 1
8.58853 12.8341 99010 -13.6367 17.5296 229.33 812.946 -13 19 1 0 1
-14.5362 32.1431 99010 -53.5132 8.126 204.427 812.552 -13 20 1 0 1
-8.84132 24.8272 99010 -36.6412 -7.79922 191.559 812.693 -13 21 1 0 1
-2.39821 13.0006 99010 -19.1789 -6.696 199.127 812.648 -13 22 1 0 1
-45.0245 -19.4478 99010 -35.4606 -56.5454 224.985 812.523 -13 23 1 0 1
-14.1671 0.221083 99010 -16.5515 -13.4928 211.762 812.88 -13 24 1 0 1
-9.35517 14.9835 99010 -23.6949 10.6873 219.818 812.347 -13 25 1 0 1
-16.3754 3.77427 99010 -22.268 -7.07227 223.194 812.482 -13 26 1 0 1
-10.1257 10.85 99010 -24.3638 -6.58823 227.413 812.764 -13 27 1 0 1
12.1156 12.6836 99010 -14.1753 15.2766 210.954 812.745 -13 28 1 0 1
-17.7842 19.0447 99010 -31.1189 4.60515 222.3 812.858 -13 29 1 0 1
3.8566 2.18419 99010 -7.32921 2.39208 227.933 812.467 -13 30 1 0 1
8.41484 -0.0575112 99010 -9.02818 8.19186 219.973 812.72 -13 31 1 0 1
-19.6142 21.2905 99010 -20.1375 -10.259 203.416 812.627 -13 32 1 0 1
-19.1261 10.8785 99010 -38.3903 -20.6891 196.214 812.602 -13 34 1 0 1
-8.96359 26.5103 99010 -26.746 2.25359 218.384 812.38 -13 35 1 0 1
-15.7575 5.58552 99010 -15.8223 -35.4431 198.589 812.71 -13 36 1 0 1
-13.2889 13.6735 99010 -24.299 -3.912 202.319 812.659 -13 37 1 0 1
0.572157 -12.2275 99010 12.7064 14.4091 208.608 812.844 -13 38 1 0 1
7.32665 24.7271 99010 -20.734 19.5448 195.771 812.566 -13 39 1 0 1
-26.5829 3.72318 99010 -31.4517 -11.5795 209.897 812.329 -13 40 1 0 1
13.8589 28.3627 99010 -26.0307 24.5616 201.06 812.711 -13 41 1 0 1
-20.0163 5.33932 99010 -15.7736 -32.3517 191.016 812.456 -13 42 1 0 1
15.193 27.7345 99010 -9.8477 30.4151 227.637 812.821 -13 44 1 0 1
28.4041 31.4215 99010 2.2074 56.6322 232.002 812.751 -13 45 1 0 1
-5.4859 4.3283 99010 -15.7335 -14.159 200.213 812.433 -13 46 1 0 1
-18.141 3.58283 99010 -20.8332 -20.6648 209.553 812.54 -13 48 1 0 1
-9.56831 15.9524 99010 -27.8201 9.82145 204.127 812.383 -13 49 1 0 1
-27.3761 12.8279 99010 -21.2579 -12.6018 196.142 812.34 -13 50 1 0 1
-8.41272 30.0789 99010 -40.4666 -5.27101 194.422 812.665 -13 51 1 0 1
-24.4585 -3.92802 99010 -14.2248 -28.6541 192.901 812.776 -13 52 1 0 1
-1.74055 4.05145 99010 -17.6029 9.65257 203.037 812.646 -13 53 1 0 1
-24.9968 12.9748 99010 -34.3012 -31.118 207.359 812.777 -13 54 1 0 1
-10.3805 28.2751 99010 -33.196 -4.57943 213.405 812.717 -13 55 1 0 1
9.49127 30.4403 99010 -23.0521 28.4408 208.333 812.621 -13 56 1 0 1
0.846907 12.3839 99010 -19.2309 18.5611 213.256 812.68 -13 59 1 0 1
6.96232 26.3326 99010 -8.12048 22.4945 214.975 812.842 -13 61 1 0 1
11.9204 26.3755 99010 -23.4363 30.9644 215.973 812.48 -13 62 1 0 1
-23.0289 23.2964 99010 -34.1645 -10.2329 217.906 812.643 -13 63 1 0 1
-30.1537 12.2772 99010 -16.8556 -24.8418 202.989 812.407 -13 64 1 0 1
-11.4 -14.5661 99010 6.16622 -24.2563 219.463 813.028 -13 65 1 0 1
-43.629 17.347 99010 -47.9475 -30.9498 204.326 812.649 -13 66 1 0 1
37.5027 29.4807 99010 0.967522 61.4571 218.158 812.568 -13 67 1 0 1
14.5386 13.22 99010 -5.34119 31.5312 219.226 812.477 -13 68 1 0 1
-4.65983 -3.23628 99010 -10.3062 -7.37083 226.686 812.714 -13 69 1 0 1
-31.6369 16.7917 99010 -12.3927 -11.3898 202.446 812.719 -13 70 1 0 1
-38.3718 9.19336 99010 -32.9724 -25.5699 211.077 812.627 -13 71 1 0 1
-21.1187 8.73085 99010 -24.0218 -12.0896 206.233 812.492 -13 72 1 0 1
-33.4493 16.5356 99010 -28.89 -22.6169 193.171 812.574 -13 74 1 0 1
-9.19427 28.6209 99010 -37.1034 -0.641385 201.996 812.716 -13 75 1 0 1
4.84757 32.2777 99010 -35.9022 25.3179 205.096 812.463 -13 76 1 0 1
-22.2299 7.71257 99010 -21.2027 -17.8294 191.215 812.634 -13 77 1 0 1
19.9584 15.3133 99010 -5.34362 30.5216 226.521 812.42 -13 78 1 0 1
-18.8131 15.5897 99010 -36.8278 2.27839 208.793 812.523 -13 79 1 0 1
9.27888 33.1314 99010 -23.2412 4.69324 195.987 812.488 -13 80 1 0 1
-27.2477 12.5414 99010 -37.0704 -14.6367 206.06 812.679 -13 81 1 0 1
-19.7818 -6.65529 99010 -27.9169 -23.4272 220.799 812.477 -13 82 1 0 1
55.493 16.3509 99010 35.4164 68.4361 234.877 812.707 -13 83 1 0 1
-6.99285 -7.45635 99010 -4.45408 -17.0752 203.177 812.557 -13 85 1 0 1
-3.4075 17.4073 99010 -32.6119 12.1019 209.049 812.558 -13 86 1 0 1
-38.9963 47.4276 99010 -72.4805 -9.66704 205.892 812.55 -13 87 1 0 1
-22.5248 25.686 99010 -50.1648 3.51348 222.633 812.81 -13 88 1 0 1
-17.2934 29.7521 99010 -41.0432 -4.28209 218.812 812.819 -13 89 1 0 1
-21.785 -19.37 99010 0.909437 -29.4397 187.414 812.494 -13 90 1 0 1
5.43365 32.4164 99010 -35.1244 25.8065 222.377 812.728 -13 91 1 0 1
8.22727 24.4822 99010 -24.6244 26.8906 221.434 812.701 -13 92 1 0 1
-43.8939 20.4816 99010 -44.8021 -29.0668 194.302 812.813 -13 93 1 0 1
-17.2583 17.8764 99010 -32.8008 -16.9648 194.228 812.46 -13 95 1 0 1
-26.6886 5.66947 99010 -21.7916 -32.5084 197.875 812.548 -13 97 1 0 1
-38.5548 4.09954 99010 -57.1502 -24.9554 215.126 812.677 -13 99 1 0 1
-11.506 16.7499 99010 -23.2272 -26.7117 215.379 812.56 -13 100 1 0 1
