 #NTuple/Z0                                                                      
 output from Ecalc9f version   2.09
  settings: 
    particle type:  2
    pzmin/pzmax:   0./  100.
    transverse cuts:   0.  0.
    longitudinal cut:   0.
    RF frequency (MHz):   352.
    sigma cut:   4.
    subtract out amplitude correlation
    wrnew9 =  F

regn #   Z           Bz          eperp       elong       e6D         Ldim        Pzavg       beta        alpha       betaL       alphaL      n0          n1          n2          Lcan(eVs)   sigmaE      sigmaT      corrE       corrT       sigmaE_c    xavg        yavg        Dx          Dy          Dr          Dr2
     1  0.0000E+00  0.0000E+00  0.3672E-03  0.2064E-02  0.2809E-09  0.1228E+00  0.2072E+00  0.4952E-01  0.5946E-01  0.4909E+00  0.1745E-01  0.4999E+04  0.4999E+04  0.4999E+04  0.3074E-03  0.8684E-02  0.8523E-10  0.1402E+01  0.4335E-08  0.8550E-02 -0.1215E-02 -0.1743E-02 -0.9292E-02  0.1600E-02  0.2655E-02  0.3284E-02
     2  0.7800E+00  0.0000E+00  0.3560E-03  0.2074E-02  0.2634E-09  0.1233E+00  0.2065E+00  0.3573E-01  0.1488E+00  0.4896E+00 -0.1529E-01  0.4932E+04  0.4932E+04  0.4932E+04  0.3719E-03  0.8664E-02  0.8565E-10  0.1318E+01  0.6246E-08  0.8560E-02 -0.1570E-02 -0.1723E-02 -0.9904E-02 -0.1701E-03  0.8335E-02  0.4002E-02
     3  0.1560E+01  0.0000E+00  0.3530E-03  0.2066E-02  0.2614E-09  0.1242E+00  0.2056E+00  0.3831E-01 -0.6769E-01  0.4997E+00 -0.3644E-01  0.4864E+04  0.4864E+04  0.4864E+04  0.2417E-03  0.8542E-02  0.8689E-10  0.1343E+01  0.9537E-08  0.8436E-02 -0.1542E-02 -0.1687E-02 -0.4394E-02 -0.4166E-03 -0.6560E-03  0.3843E-02
     4  0.2340E+01  0.0000E+00  0.3473E-03  0.2061E-02  0.2521E-09  0.1325E+00  0.2044E+00  0.4114E-01  0.1191E-01  0.5109E+00 -0.3613E-01  0.4813E+04  0.4813E+04  0.4813E+04  0.3030E-03  0.8432E-02  0.8810E-10  0.1534E+01  0.9447E-08  0.8297E-02 -0.1252E-02 -0.1744E-02 -0.8437E-02 -0.1185E-02  0.6380E-02  0.3514E-02
     5  0.3120E+01  0.0000E+00  0.3407E-03  0.2068E-02  0.2428E-09  0.1380E+00  0.2028E+00  0.3941E-01  0.1060E-02  0.5176E+00 -0.2766E-01  0.4785E+04  0.4785E+04  0.4785E+04  0.3437E-03  0.8352E-02  0.8948E-10  0.1615E+01  0.1138E-07  0.8209E-02 -0.1372E-02 -0.1723E-02 -0.1039E-01  0.1305E-02  0.6932E-02  0.3724E-02
     6  0.3900E+01  0.0000E+00  0.3359E-03  0.2067E-02  0.2378E-09  0.1463E+00  0.2012E+00  0.4050E-01 -0.6837E-02  0.5201E+00 -0.8604E-02  0.4755E+04  0.4755E+04  0.4755E+04  0.3165E-03  0.8306E-02  0.9020E-10  0.1748E+01  0.1172E-07  0.8139E-02 -0.1359E-02 -0.1745E-02 -0.7658E-02 -0.5980E-04  0.6813E-02  0.3750E-02
     7  0.4680E+01  0.0000E+00  0.3336E-03  0.2063E-02  0.2347E-09  0.1533E+00  0.1997E+00  0.3933E-01  0.2199E-02  0.5150E+00  0.8062E-02  0.4743E+04  0.4743E+04  0.4743E+04  0.3421E-03  0.8327E-02  0.8995E-10  0.1939E+01  0.9707E-08  0.8125E-02 -0.1149E-02 -0.1702E-02 -0.8331E-02 -0.4122E-03  0.8795E-02  0.3204E-02
     8  0.5460E+01  0.0000E+00  0.3323E-03  0.2066E-02  0.2333E-09  0.1599E+00  0.1984E+00  0.3956E-01  0.5755E-03  0.5095E+00  0.1046E-01  0.4726E+04  0.4726E+04  0.4726E+04  0.3793E-03  0.8373E-02  0.8986E-10  0.2112E+01  0.8795E-08  0.8139E-02 -0.1194E-02 -0.1690E-02 -0.8802E-02 -0.9927E-03  0.9570E-02  0.3194E-02
     9  0.6240E+01  0.0000E+00  0.3301E-03  0.2065E-02  0.2308E-09  0.1695E+00  0.1975E+00  0.3913E-01  0.6014E-02  0.5063E+00  0.6441E-02  0.4709E+04  0.4709E+04  0.4709E+04  0.3658E-03  0.8406E-02  0.8965E-10  0.2271E+01  0.6472E-08  0.8135E-02 -0.1227E-02 -0.1719E-02 -0.8555E-02  0.8794E-03  0.9963E-02  0.3290E-02
    10  0.7020E+01  0.0000E+00  0.3289E-03  0.2061E-02  0.2290E-09  0.1778E+00  0.1972E+00  0.3963E-01  0.3482E-01  0.5064E+00 -0.2967E-02  0.4692E+04  0.4692E+04  0.4692E+04  0.3807E-03  0.8392E-02  0.8959E-10  0.2296E+01  0.4471E-08  0.8116E-02 -0.1123E-02 -0.1764E-02 -0.7556E-02  0.6688E-03  0.8870E-02  0.3212E-02
    11  0.7800E+01  0.0000E+00  0.3268E-03  0.2056E-02  0.2236E-09  0.1809E+00  0.1973E+00  0.3830E-01  0.2022E-01  0.5115E+00 -0.1791E-01  0.4662E+04  0.4662E+04  0.4662E+04  0.4200E-03  0.8327E-02  0.8981E-10  0.2219E+01  0.1590E-08  0.8071E-02 -0.1107E-02 -0.1711E-02 -0.9995E-02 -0.1658E-02  0.1136E-01  0.3121E-02
    12  0.8580E+01  0.0000E+00  0.3235E-03  0.2059E-02  0.2193E-09  0.1975E+00  0.1980E+00  0.4017E-01  0.3058E-01  0.5231E+00 -0.2963E-01  0.4649E+04  0.4649E+04  0.4649E+04  0.4478E-03  0.8236E-02  0.9065E-10  0.2087E+01 -0.2071E-09  0.8010E-02 -0.1195E-02 -0.1634E-02 -0.8803E-02  0.7160E-03  0.8506E-02  0.3147E-02
    13  0.9360E+01  0.0000E+00  0.3214E-03  0.2048E-02  0.2140E-09  0.1992E+00  0.1990E+00  0.3989E-01  0.2881E-01  0.5378E+00 -0.3660E-01  0.4631E+04  0.4631E+04  0.4631E+04  0.4185E-03  0.8083E-02  0.9132E-10  0.1830E+01 -0.9919E-09  0.7909E-02 -0.1244E-02 -0.1761E-02 -0.9412E-02  0.1394E-02  0.9375E-02  0.3731E-02
    14  0.1014E+02  0.0000E+00  0.3174E-03  0.2040E-02  0.2080E-09  0.2077E+00  0.2004E+00  0.4091E-01  0.6610E-01  0.5571E+00 -0.3109E-01  0.4616E+04  0.4616E+04  0.4616E+04  0.4665E-03  0.7934E-02  0.9231E-10  0.1657E+01 -0.1351E-08  0.7794E-02 -0.1230E-02 -0.1813E-02 -0.7138E-02 -0.8176E-05  0.7008E-02  0.4005E-02
    15  0.1092E+02  0.0000E+00  0.3141E-03  0.2037E-02  0.2017E-09  0.2138E+00  0.2019E+00  0.3934E-01  0.3514E-01  0.5711E+00 -0.6493E-02  0.4601E+04  0.4601E+04  0.4601E+04  0.4945E-03  0.7834E-02  0.9292E-10  0.1460E+01 -0.1653E-08  0.7727E-02 -0.1325E-02 -0.1617E-02 -0.8707E-02 -0.1548E-03  0.6951E-02  0.3784E-02
    16  0.1170E+02  0.0000E+00  0.3127E-03  0.2033E-02  0.1982E-09  0.2181E+00  0.2034E+00  0.4155E-01  0.1905E-01  0.5723E+00  0.2694E-01  0.4588E+04  0.4588E+04  0.4588E+04  0.4389E-03  0.7848E-02  0.9242E-10  0.1364E+01  0.3379E-09  0.7756E-02 -0.1399E-02 -0.1691E-02 -0.1158E-01 -0.9878E-03  0.8521E-02  0.4209E-02
    17  0.1248E+02  0.0000E+00  0.3096E-03  0.2029E-02  0.1949E-09  0.2270E+00  0.2047E+00  0.4186E-01  0.6410E-01  0.5645E+00  0.5770E-01  0.4574E+04  0.4574E+04  0.4574E+04  0.4915E-03  0.7932E-02  0.9130E-10  0.1322E+01  0.1367E-08  0.7848E-02 -0.1329E-02 -0.1839E-02 -0.8243E-02  0.9251E-04  0.5854E-02  0.4421E-02
    18  0.1326E+02  0.0000E+00  0.3054E-03  0.2033E-02  0.1902E-09  0.2294E+00  0.2056E+00  0.3902E-01  0.7565E-01  0.5447E+00  0.8037E-01  0.4549E+04  0.4549E+04  0.4549E+04  0.5374E-03  0.8092E-02  0.8951E-10  0.1117E+01  0.2889E-08  0.8034E-02 -0.1491E-02 -0.1634E-02 -0.5420E-02  0.5498E-03  0.1545E-02  0.4031E-02
    19  0.1404E+02  0.0000E+00  0.3056E-03  0.2028E-02  0.1885E-09  0.2292E+00  0.2062E+00  0.3892E-01 -0.3313E-01  0.5193E+00  0.8217E-01  0.4535E+04  0.4535E+04  0.4535E+04  0.4315E-03  0.8300E-02  0.8722E-10  0.1191E+01  0.5900E-08  0.8236E-02 -0.1544E-02 -0.1698E-02 -0.1040E-01 -0.5395E-03  0.5945E-02  0.4177E-02
    20  0.1482E+02  0.0000E+00  0.3042E-03  0.2017E-02  0.1869E-09  0.2328E+00  0.2064E+00  0.4344E-01  0.4699E-01  0.4999E+00  0.6234E-01  0.4518E+04  0.4518E+04  0.4518E+04  0.4875E-03  0.8434E-02  0.8544E-10  0.1253E+01  0.8543E-08  0.8366E-02 -0.1328E-02 -0.1846E-02 -0.8898E-02  0.1363E-02  0.2070E-02  0.3946E-02
    21  0.1560E+02  0.0000E+00  0.3023E-03  0.2011E-02  0.1839E-09  0.2307E+00  0.2060E+00  0.3796E-01  0.4501E-01  0.4866E+00  0.3457E-01  0.4504E+04  0.4504E+04  0.4504E+04  0.5501E-03  0.8527E-02  0.8448E-10  0.1415E+01  0.1054E-07  0.8443E-02 -0.1484E-02 -0.1647E-02 -0.9945E-02  0.7789E-03  0.5369E-02  0.3692E-02
    22  0.1638E+02  0.0000E+00  0.3027E-03  0.2006E-02  0.1864E-09  0.2342E+00  0.2052E+00  0.4011E-01 -0.2243E-01  0.4834E+00  0.9848E-04  0.4494E+04  0.4494E+04  0.4494E+04  0.4483E-03  0.8560E-02  0.8442E-10  0.1710E+01  0.1166E-07  0.8435E-02 -0.1529E-02 -0.1677E-02 -0.6235E-02 -0.3125E-02  0.2787E-02  0.3790E-02
    23  0.1716E+02  0.0000E+00  0.3010E-03  0.2000E-02  0.1841E-09  0.2404E+00  0.2041E+00  0.4019E-01  0.3370E-02  0.4875E+00 -0.2332E-01  0.4473E+04  0.4473E+04  0.4473E+04  0.4863E-03  0.8508E-02  0.8496E-10  0.1891E+01  0.1150E-07  0.8354E-02 -0.1297E-02 -0.1777E-02 -0.8570E-02 -0.1182E-03  0.5506E-02  0.3600E-02
    24  0.1794E+02  0.0000E+00  0.2992E-03  0.2007E-02  0.1824E-09  0.2384E+00  0.2027E+00  0.4035E-01 -0.1957E-01  0.4969E+00 -0.4067E-01  0.4458E+04  0.4458E+04  0.4458E+04  0.5185E-03  0.8423E-02  0.8639E-10  0.1970E+01  0.1202E-07  0.8254E-02 -0.1329E-02 -0.1711E-02 -0.9147E-02  0.2589E-02  0.5473E-02  0.3525E-02
    25  0.1872E+02  0.0000E+00  0.2965E-03  0.2004E-02  0.1801E-09  0.2454E+00  0.2012E+00  0.4136E-01 -0.5724E-02  0.5102E+00 -0.4385E-01  0.4445E+04  0.4445E+04  0.4445E+04  0.4991E-03  0.8306E-02  0.8778E-10  0.2211E+01  0.1094E-07  0.8097E-02 -0.1381E-02 -0.1720E-02 -0.7712E-02 -0.1161E-02  0.7987E-02  0.3733E-02
    26  0.1950E+02  0.0000E+00  0.2950E-03  0.2006E-02  0.1786E-09  0.2540E+00  0.1997E+00  0.3984E-01  0.1208E-01  0.5192E+00 -0.2537E-01  0.4439E+04  0.4439E+04  0.4439E+04  0.4933E-03  0.8237E-02  0.8880E-10  0.2438E+01  0.7789E-08  0.7984E-02 -0.1199E-02 -0.1705E-02 -0.9145E-02 -0.6931E-03  0.9010E-02  0.3368E-02
    27  0.2028E+02  0.0000E+00  0.2930E-03  0.1997E-02  0.1755E-09  0.2616E+00  0.1986E+00  0.4056E-01 -0.1786E-01  0.5215E+00 -0.4753E-02  0.4428E+04  0.4428E+04  0.4428E+04  0.5431E-03  0.8179E-02  0.8905E-10  0.2511E+01  0.5174E-08  0.7914E-02 -0.1140E-02 -0.1711E-02 -0.9501E-02 -0.1693E-03  0.8614E-02  0.3295E-02
    28  0.2106E+02  0.0000E+00  0.2921E-03  0.1994E-02  0.1742E-09  0.2694E+00  0.1977E+00  0.4029E-01  0.1236E-01  0.5180E+00  0.1567E-01  0.4416E+04  0.4416E+04  0.4416E+04  0.5540E-03  0.8172E-02  0.8888E-10  0.2515E+01  0.2162E-08  0.7912E-02 -0.1233E-02 -0.1717E-02 -0.7919E-02  0.2017E-03  0.9480E-02  0.3470E-02
    29  0.2184E+02  0.0000E+00  0.2920E-03  0.1995E-02  0.1736E-09  0.2754E+00  0.1974E+00  0.3997E-01  0.1486E-01  0.5108E+00  0.2086E-01  0.4409E+04  0.4409E+04  0.4409E+04  0.5378E-03  0.8194E-02  0.8837E-10  0.2367E+01  0.5129E-09  0.7958E-02 -0.1204E-02 -0.1722E-02 -0.7723E-02  0.9534E-03  0.8067E-02  0.3391E-02
    30  0.2262E+02  0.0000E+00  0.2915E-03  0.1989E-02  0.1709E-09  0.2829E+00  0.1975E+00  0.3986E-01  0.2384E-01  0.5065E+00  0.1306E-01  0.4399E+04  0.4399E+04  0.4399E+04  0.5558E-03  0.8184E-02  0.8783E-10  0.2190E+01 -0.1823E-08  0.7983E-02 -0.1105E-02 -0.1725E-02 -0.1026E-01 -0.9738E-03  0.9622E-02  0.3249E-02
    31  0.2340E+02  0.0000E+00  0.2894E-03  0.1989E-02  0.1680E-09  0.2964E+00  0.1981E+00  0.4060E-01  0.8243E-02  0.5074E+00 -0.1007E-01  0.4391E+04  0.4391E+04  0.4391E+04  0.6146E-03  0.8137E-02  0.8775E-10  0.1864E+01 -0.2899E-08  0.7994E-02 -0.1120E-02 -0.1689E-02 -0.8726E-02  0.2990E-03  0.8852E-02  0.3223E-02
    32  0.2418E+02  0.0000E+00  0.2877E-03  0.1986E-02  0.1647E-09  0.3059E+00  0.1991E+00  0.4162E-01  0.3731E-01  0.5175E+00 -0.2999E-01  0.4378E+04  0.4378E+04  0.4378E+04  0.6182E-03  0.8041E-02  0.8822E-10  0.1560E+01 -0.2283E-08  0.7940E-02 -0.1294E-02 -0.1716E-02 -0.9266E-02  0.7390E-03  0.8457E-02  0.3728E-02
    33  0.2496E+02  0.0000E+00  0.2868E-03  0.1980E-02  0.1635E-09  0.3119E+00  0.2003E+00  0.4085E-01  0.4340E-01  0.5368E+00 -0.3918E-01  0.4372E+04  0.4372E+04  0.4372E+04  0.6073E-03  0.7915E-02  0.8931E-10  0.1491E+01 -0.2405E-08  0.7822E-02 -0.1273E-02 -0.1769E-02 -0.7692E-02 -0.3092E-03  0.6779E-02  0.3974E-02
    34  0.2574E+02  0.0000E+00  0.2857E-03  0.1977E-02  0.1615E-09  0.3169E+00  0.2017E+00  0.4138E-01  0.3228E-01  0.5548E+00 -0.3057E-01  0.4361E+04  0.4361E+04  0.4361E+04  0.6488E-03  0.7798E-02  0.9026E-10  0.1334E+01 -0.9259E-09  0.7722E-02 -0.1257E-02 -0.1682E-02 -0.8425E-02  0.2117E-04  0.6512E-02  0.3835E-02
    35  0.2652E+02  0.0000E+00  0.2863E-03  0.1978E-02  0.1611E-09  0.3151E+00  0.2030E+00  0.4154E-01  0.2971E-01  0.5667E+00 -0.5931E-02  0.4351E+04  0.4351E+04  0.4351E+04  0.6268E-03  0.7740E-02  0.9082E-10  0.1216E+01  0.8080E-09  0.7676E-02 -0.1391E-02 -0.1688E-02 -0.1116E-01  0.2142E-03  0.7129E-02  0.4268E-02
    36  0.2730E+02  0.0000E+00  0.2843E-03  0.1982E-02  0.1599E-09  0.3177E+00  0.2042E+00  0.4177E-01  0.3529E-01  0.5692E+00  0.2387E-01  0.4339E+04  0.4339E+04  0.4339E+04  0.6232E-03  0.7770E-02  0.9076E-10  0.1291E+01  0.3233E-08  0.7700E-02 -0.1384E-02 -0.1787E-02 -0.9139E-02 -0.5184E-03  0.6381E-02  0.4553E-02
    37  0.2808E+02  0.0000E+00  0.2822E-03  0.1984E-02  0.1589E-09  0.3204E+00  0.2051E+00  0.4093E-01  0.3511E-01  0.5573E+00  0.5875E-01  0.4329E+04  0.4329E+04  0.4329E+04  0.6613E-03  0.7895E-02  0.8962E-10  0.1338E+01  0.4882E-08  0.7821E-02 -0.1418E-02 -0.1683E-02 -0.5873E-02 -0.3089E-03  0.4406E-02  0.4200E-02
    38  0.2886E+02  0.0000E+00  0.2829E-03  0.1990E-02  0.1593E-09  0.3218E+00  0.2057E+00  0.4113E-01  0.1151E-01  0.5368E+00  0.7644E-01  0.4311E+04  0.4311E+04  0.4311E+04  0.6157E-03  0.8082E-02  0.8803E-10  0.1358E+01  0.7016E-08  0.8007E-02 -0.1519E-02 -0.1685E-02 -0.9195E-02 -0.2200E-03  0.5006E-02  0.4282E-02
    39  0.2964E+02  0.0000E+00  0.2820E-03  0.1992E-02  0.1588E-09  0.3222E+00  0.2058E+00  0.4172E-01  0.3342E-01  0.5120E+00  0.7642E-01  0.4296E+04  0.4296E+04  0.4296E+04  0.6100E-03  0.8304E-02  0.8606E-10  0.1562E+01  0.8434E-08  0.8207E-02 -0.1385E-02 -0.1797E-02 -0.8808E-02  0.5653E-03  0.3934E-02  0.4053E-02
    40  0.3042E+02  0.0000E+00  0.2813E-03  0.1991E-02  0.1584E-09  0.3201E+00  0.2055E+00  0.4025E-01  0.1032E-01  0.4918E+00  0.5594E-01  0.4283E+04  0.4283E+04  0.4283E+04  0.6703E-03  0.8470E-02  0.8447E-10  0.1744E+01  0.9005E-08  0.8352E-02 -0.1418E-02 -0.1699E-02 -0.9195E-02  0.1369E-02  0.4417E-02  0.3703E-02
    41  0.3120E+02  0.0000E+00  0.2804E-03  0.1989E-02  0.1579E-09  0.3175E+00  0.2048E+00  0.4120E-01 -0.2908E-02  0.4797E+00  0.2053E-01  0.4270E+04  0.4270E+04  0.4270E+04  0.6058E-03  0.8558E-02  0.8359E-10  0.1892E+01  0.9100E-08  0.8419E-02 -0.1494E-02 -0.1686E-02 -0.7623E-02 -0.2006E-02  0.5063E-02  0.3743E-02
    42  0.3198E+02  0.0000E+00  0.2793E-03  0.1987E-02  0.1571E-09  0.3226E+00  0.2037E+00  0.4081E-01  0.3261E-02  0.4803E+00 -0.9896E-02  0.4254E+04  0.4254E+04  0.4254E+04  0.6101E-03  0.8533E-02  0.8393E-10  0.2003E+01  0.9344E-08  0.8377E-02 -0.1336E-02 -0.1731E-02 -0.8243E-02 -0.2988E-03  0.5407E-02  0.3524E-02
    43  0.3276E+02  0.0000E+00  0.2771E-03  0.1989E-02  0.1545E-09  0.3232E+00  0.2024E+00  0.4087E-01 -0.2593E-01  0.4866E+00 -0.3975E-01  0.4241E+04  0.4241E+04  0.4241E+04  0.6321E-03  0.8462E-02  0.8485E-10  0.2089E+01  0.8733E-08  0.8296E-02 -0.1316E-02 -0.1731E-02 -0.8877E-02  0.1743E-02  0.5155E-02  0.3510E-02
    44  0.3354E+02  0.0000E+00  0.2763E-03  0.1997E-02  0.1550E-09  0.3297E+00  0.2011E+00  0.4193E-01 -0.5831E-02  0.5006E+00 -0.4859E-01  0.4233E+04  0.4233E+04  0.4233E+04  0.6384E-03  0.8339E-02  0.8660E-10  0.2137E+01  0.8213E-08  0.8162E-02 -0.1349E-02 -0.1719E-02 -0.7422E-02  0.2336E-03  0.6317E-02  0.3621E-02
    45  0.3432E+02  0.0000E+00  0.2757E-03  0.1992E-02  0.1536E-09  0.3344E+00  0.1998E+00  0.4109E-01 -0.1751E-02  0.5144E+00 -0.3973E-01  0.4220E+04  0.4220E+04  0.4220E+04  0.6195E-03  0.8197E-02  0.8794E-10  0.2234E+01  0.5546E-08  0.7999E-02 -0.1244E-02 -0.1700E-02 -0.8709E-02 -0.7836E-03  0.8002E-02  0.3465E-02
    46  0.3510E+02  0.0000E+00  0.2736E-03  0.1991E-02  0.1507E-09  0.3454E+00  0.1987E+00  0.4108E-01 -0.5389E-02  0.5229E+00 -0.1980E-01  0.4205E+04  0.4205E+04  0.4205E+04  0.6562E-03  0.8077E-02  0.8895E-10  0.2163E+01  0.4692E-08  0.7896E-02 -0.1154E-02 -0.1708E-02 -0.9945E-02 -0.7694E-03  0.8687E-02  0.3395E-02
    47  0.3588E+02  0.0000E+00  0.2736E-03  0.1990E-02  0.1509E-09  0.3548E+00  0.1980E+00  0.4186E-01 -0.3706E-02  0.5240E+00  0.4006E-02  0.4200E+04  0.4200E+04  0.4200E+04  0.6870E-03  0.8041E-02  0.8925E-10  0.2101E+01  0.3814E-08  0.7865E-02 -0.1187E-02 -0.1710E-02 -0.9139E-02 -0.2040E-03  0.8720E-02  0.3474E-02
    48  0.3666E+02  0.0000E+00  0.2723E-03  0.1988E-02  0.1495E-09  0.3668E+00  0.1977E+00  0.4060E-01  0.8284E-02  0.5190E+00  0.2033E-01  0.4192E+04  0.4192E+04  0.4192E+04  0.6934E-03  0.8051E-02  0.8886E-10  0.2026E+01  0.3219E-08  0.7888E-02 -0.1210E-02 -0.1695E-02 -0.6944E-02  0.7983E-03  0.7881E-02  0.3453E-02
    49  0.3744E+02  0.0000E+00  0.2716E-03  0.1980E-02  0.1473E-09  0.3681E+00  0.1978E+00  0.4174E-01  0.2308E-01  0.5123E+00  0.2520E-01  0.4180E+04  0.4180E+04  0.4180E+04  0.6783E-03  0.8099E-02  0.8805E-10  0.2083E+01  0.2310E-08  0.7930E-02 -0.1197E-02 -0.1744E-02 -0.9325E-02  0.9036E-04  0.8779E-02  0.3530E-02
    50  0.3822E+02  0.0000E+00  0.2703E-03  0.1983E-02  0.1461E-09  0.3746E+00  0.1984E+00  0.4114E-01  0.1259E-01  0.5066E+00  0.1346E-01  0.4173E+04  0.4173E+04  0.4173E+04  0.7079E-03  0.8142E-02  0.8744E-10  0.1959E+01  0.1196E-08  0.7995E-02 -0.1143E-02 -0.1715E-02 -0.8857E-02 -0.5445E-03  0.9439E-02  0.3336E-02
    51  0.3900E+02  0.0000E+00  0.2706E-03  0.1978E-02  0.1453E-09  0.3759E+00  0.1993E+00  0.4233E-01  0.3441E-01  0.5084E+00 -0.1329E-01  0.4164E+04  0.4164E+04  0.4164E+04  0.7230E-03  0.8125E-02  0.8718E-10  0.1821E+01  0.1287E-08  0.7996E-02 -0.1220E-02 -0.1671E-02 -0.9801E-02  0.1328E-02  0.7779E-02  0.3390E-02
    52  0.3978E+02  0.0000E+00  0.2696E-03  0.1973E-02  0.1439E-09  0.3758E+00  0.2004E+00  0.4129E-01  0.2920E-01  0.5212E+00 -0.3733E-01  0.4152E+04  0.4152E+04  0.4152E+04  0.6994E-03  0.8045E-02  0.8781E-10  0.1755E+01  0.5478E-09  0.7925E-02 -0.1304E-02 -0.1750E-02 -0.8532E-02 -0.5061E-03  0.8164E-02  0.3877E-02
    53  0.4056E+02  0.0000E+00  0.2684E-03  0.1969E-02  0.1430E-09  0.3849E+00  0.2016E+00  0.4235E-01  0.3283E-01  0.5394E+00 -0.4297E-01  0.4144E+04  0.4144E+04  0.4144E+04  0.7270E-03  0.7920E-02  0.8885E-10  0.1604E+01  0.8156E-09  0.7819E-02 -0.1297E-02 -0.1720E-02 -0.6445E-02 -0.6135E-03  0.7161E-02  0.3916E-02
    54  0.4134E+02  0.0000E+00  0.2685E-03  0.1967E-02  0.1414E-09  0.3831E+00  0.2029E+00  0.4233E-01  0.3489E-01  0.5573E+00 -0.2610E-01  0.4129E+04  0.4129E+04  0.4129E+04  0.7145E-03  0.7805E-02  0.8986E-10  0.1502E+01  0.1201E-08  0.7717E-02 -0.1354E-02 -0.1668E-02 -0.1075E-01 -0.2827E-03  0.7273E-02  0.4052E-02
    55  0.4212E+02  0.0000E+00  0.2682E-03  0.1975E-02  0.1418E-09  0.3839E+00  0.2039E+00  0.4166E-01  0.2957E-01  0.5650E+00  0.3667E-02  0.4125E+04  0.4125E+04  0.4125E+04  0.7115E-03  0.7794E-02  0.9035E-10  0.1494E+01  0.2588E-08  0.7706E-02 -0.1380E-02 -0.1767E-02 -0.9437E-02  0.6349E-03  0.5952E-02  0.4442E-02
    56  0.4290E+02  0.0000E+00  0.2675E-03  0.1983E-02  0.1427E-09  0.3829E+00  0.2047E+00  0.4225E-01  0.3660E-02  0.5600E+00  0.3897E-01  0.4118E+04  0.4118E+04  0.4118E+04  0.7415E-03  0.7872E-02  0.8992E-10  0.1490E+01  0.4086E-08  0.7783E-02 -0.1418E-02 -0.1740E-02 -0.7043E-02 -0.2452E-03  0.5754E-02  0.4390E-02
    57  0.4368E+02  0.0000E+00  0.2663E-03  0.1978E-02  0.1408E-09  0.3819E+00  0.2052E+00  0.4273E-01  0.4030E-01  0.5452E+00  0.6584E-01  0.4100E+04  0.4100E+04  0.4100E+04  0.6957E-03  0.7997E-02  0.8850E-10  0.1561E+01  0.5198E-08  0.7903E-02 -0.1475E-02 -0.1654E-02 -0.8396E-02  0.4438E-03  0.5308E-02  0.4159E-02
    58  0.4446E+02  0.0000E+00  0.2661E-03  0.1972E-02  0.1399E-09  0.3808E+00  0.2053E+00  0.4098E-01  0.2086E-01  0.5224E+00  0.7542E-01  0.4084E+04  0.4084E+04  0.4084E+04  0.6929E-03  0.8172E-02  0.8653E-10  0.1672E+01  0.6485E-08  0.8067E-02 -0.1395E-02 -0.1782E-02 -0.9163E-02 -0.9094E-03  0.5832E-02  0.4159E-02
    59  0.4524E+02  0.0000E+00  0.2655E-03  0.1973E-02  0.1398E-09  0.3795E+00  0.2050E+00  0.4175E-01 -0.9285E-02  0.4999E+00  0.6668E-01  0.4070E+04  0.4070E+04  0.4070E+04  0.7328E-03  0.8348E-02  0.8482E-10  0.1767E+01  0.7768E-08  0.8235E-02 -0.1420E-02 -0.1728E-02 -0.8678E-02  0.1590E-02  0.4018E-02  0.3872E-02
    60  0.4602E+02  0.0000E+00  0.2651E-03  0.1974E-02  0.1393E-09  0.3770E+00  0.2043E+00  0.4202E-01  0.5389E-02  0.4841E+00  0.3982E-01  0.4056E+04  0.4056E+04  0.4056E+04  0.6904E-03  0.8470E-02  0.8368E-10  0.1921E+01  0.7551E-08  0.8341E-02 -0.1445E-02 -0.1674E-02 -0.8721E-02 -0.9850E-03  0.5596E-02  0.3673E-02
    61  0.4680E+02  0.0000E+00  0.2638E-03  0.1975E-02  0.1387E-09  0.3835E+00  0.2034E+00  0.4129E-01  0.1119E-02  0.4788E+00  0.3933E-02  0.4049E+04  0.4049E+04  0.4049E+04  0.6903E-03  0.8508E-02  0.8352E-10  0.2100E+01  0.7766E-08  0.8354E-02 -0.1333E-02 -0.1738E-02 -0.8679E-02 -0.1075E-02  0.5966E-02  0.3552E-02
