#BLTrackFile solenoid_cooling_channel
#x y z Px Py Pz t PDGid EvNum TrkId Parent weight
-1.011640 -1.638660 0 0.000000 0.000000 193.000000 1933.190000 -13 1 1 0 1.000000
-0.981775 -3.043040 0 -6.584800 -7.186070 194.014000 1933.200000 -13 2 1 0 1.000000
-2.857970 -1.796610 0 6.555760 -3.782080 192.039000 1933.100000 -13 3 1 0 1.000000
0.447479 -2.977590 0 -0.226968 -2.655460 199.706000 1933.160000 -13 4 1 0 1.000000
-0.672356 0.392602 0 20.462400 3.241310 187.822000 1933.050000 -13 5 1 0 1.000000
0.871459 -1.910520 0 -3.387680 -14.405900 189.121000 1933.090000 -13 6 1 0 1.000000
0.434869 -2.769980 0 -9.151060 4.573300 205.633000 1933.100000 -13 7 1 0 1.000000
0.654192 -1.578440 0 8.540790 -7.850860 185.201000 1933.170000 -13 8 1 0 1.000000
-0.494293 -1.043050 0 4.533840 -16.468700 197.401000 1933.070000 -13 9 1 0 1.000000
0.532381 -1.246510 0 7.548190 -3.286960 179.215000 1933.080000 -13 10 1 0 1.000000
2.597910 -2.430920 0 9.338420 10.458300 189.695000 1933.070000 -13 11 1 0 1.000000
-2.498370 -1.609650 0 -1.855510 -20.558200 197.146000 1933.190000 -13 12 1 0 1.000000
-2.798270 -1.784410 0 9.829950 -11.223700 205.788000 1933.160000 -13 13 1 0 1.000000
0.664045 -2.000520 0 -5.843340 6.553100 197.838000 1933.020000 -13 14 1 0 1.000000
-2.213570 -2.792230 0 -8.467490 0.097709 207.185000 1933.280000 -13 15 1 0 1.000000
-0.534618 -4.979020 0 3.673710 -1.684260 192.045000 1933.250000 -13 16 1 0 1.000000
-2.517780 -1.243830 0 -2.706680 10.678900 195.436000 1933.160000 -13 17 1 0 1.000000
-3.987300 -1.765780 0 8.147930 5.354710 189.455000 1933.200000 -13 18 1 0 1.000000
-2.878550 -0.178987 0 -0.609091 -3.155620 201.257000 1933.230000 -13 19 1 0 1.000000
-1.796280 -2.883420 0 10.913000 11.013300 197.212000 1933.150000 -13 20 1 0 1.000000
-2.739690 0.121249 0 -11.109100 -7.718510 188.941000 1933.120000 -13 21 1 0 1.000000
-2.971600 -1.269210 0 -2.318230 15.777600 189.721000 1933.250000 -13 22 1 0 1.000000
-0.686602 -3.078690 0 10.607200 17.790900 190.045000 1933.080000 -13 23 1 0 1.000000
-2.732010 0.756266 0 -1.570730 7.034590 195.116000 1933.090000 -13 24 1 0 1.000000
-4.032130 -1.095550 0 8.140190 -19.620500 197.164000 1933.220000 -13 25 1 0 1.000000
-0.153624 -2.879150 0 1.046750 1.243830 189.158000 1933.170000 -13 26 1 0 1.000000
-2.133720 -3.689190 0 3.068310 -11.141600 190.609000 1933.240000 -13 27 1 0 1.000000
-4.101750 -0.926493 0 3.502220 -16.032000 183.771000 1933.050000 -13 28 1 0 1.000000
0.409076 -1.003440 0 -11.127500 7.052210 188.289000 1933.270000 -13 29 1 0 1.000000
-0.352267 0.734275 0 -7.355590 4.372290 185.435000 1933.160000 -13 30 1 0 1.000000
-1.016520 -0.661696 0 -6.137830 7.603850 184.541000 1933.120000 -13 31 1 0 1.000000
-0.251502 -1.450120 0 -10.694700 11.130100 179.546000 1933.120000 -13 32 1 0 1.000000
-0.708360 0.040519 0 -6.779070 6.211610 196.045000 1933.110000 -13 33 1 0 1.000000
-3.230240 -2.840390 0 -0.482025 -15.047000 202.440000 1933.110000 -13 34 1 0 1.000000
-1.958750 -0.726431 0 13.369100 -7.975510 174.725000 1933.210000 -13 35 1 0 1.000000
1.148740 -2.985330 0 -7.730660 1.411240 199.799000 1933.120000 -13 36 1 0 1.000000
-0.199026 -1.697140 0 -18.413600 3.301680 183.181000 1933.230000 -13 37 1 0 1.000000
-2.186060 -3.759640 0 14.867300 1.273740 198.098000 1933.270000 -13 38 1 0 1.000000
-2.354710 -0.719195 0 -7.178590 -0.120512 190.141000 1933.240000 -13 39 1 0 1.000000
-1.307620 -2.143040 0 -19.522900 -11.948100 191.990000 1933.280000 -13 40 1 0 1.000000
-1.781750 1.211240 0 -10.263500 -3.146200 191.163000 1933.150000 -13 41 1 0 1.000000
-0.677551 -3.075800 0 10.137900 4.608410 187.428000 1933.060000 -13 42 1 0 1.000000
0.476307 -1.838610 0 3.640780 11.739800 186.297000 1933.220000 -13 43 1 0 1.000000
-2.069880 -0.888604 0 -0.372220 -9.708290 194.210000 1933.160000 -13 44 1 0 1.000000
-1.661530 -0.661818 0 -13.540800 -13.761000 188.830000 1933.300000 -13 45 1 0 1.000000
-3.004250 0.024201 0 -2.501530 -3.825540 194.420000 1933.140000 -13 46 1 0 1.000000
-0.749071 -0.788326 0 -7.402570 9.723640 181.549000 1933.150000 -13 47 1 0 1.000000
-3.146190 -0.334114 0 -7.164220 -25.200700 206.266000 1933.200000 -13 48 1 0 1.000000
-1.327790 -1.144140 0 8.725340 -4.790420 199.639000 1933.200000 -13 49 1 0 1.000000
-1.521210 -1.799210 0 7.679290 -16.491400 191.419000 1933.250000 -13 50 1 0 1.000000
-1.569370 -3.269550 0 1.197310 -13.653900 192.939000 1933.090000 -13 51 1 0 1.000000
-1.755210 -5.337360 0 9.473250 -0.305652 188.934000 1933.180000 -13 52 1 0 1.000000
-2.891980 -0.986401 0 -11.052000 9.377430 207.918000 1933.140000 -13 53 1 0 1.000000
-0.952452 0.663459 0 -6.581280 7.308170 186.529000 1933.270000 -13 54 1 0 1.000000
1.334440 -4.209160 0 21.519600 14.406400 204.053000 1933.110000 -13 55 1 0 1.000000
0.361388 -0.055020 0 0.409638 -5.097500 184.552000 1933.220000 -13 56 1 0 1.000000
0.152244 -1.804610 0 12.649700 -11.465100 185.071000 1933.280000 -13 57 1 0 1.000000
-2.484270 -1.955670 0 10.704200 -2.649910 198.889000 1933.290000 -13 58 1 0 1.000000
0.799213 -2.414640 0 -3.653330 18.004600 200.453000 1933.210000 -13 59 1 0 1.000000
-2.764850 -0.906529 0 5.208250 -9.281290 184.324000 1933.250000 -13 60 1 0 1.000000
-0.544629 -4.310130 0 1.957720 9.892670 196.747000 1933.160000 -13 61 1 0 1.000000
-0.896045 -1.757590 0 3.209330 -21.630600 178.763000 1933.210000 -13 62 1 0 1.000000
-1.685470 -0.261377 0 2.426940 1.960920 189.746000 1933.120000 -13 63 1 0 1.000000
2.188470 -2.790520 0 -0.268770 1.474290 193.943000 1933.320000 -13 64 1 0 1.000000
-2.486580 -1.694040 0 -8.540000 2.706340 203.937000 1933.140000 -13 65 1 0 1.000000
-1.386860 -0.302786 0 -0.324596 -0.825426 192.989000 1933.090000 -13 66 1 0 1.000000
-3.120780 0.743587 0 3.931490 -7.974490 190.734000 1933.250000 -13 67 1 0 1.000000
-1.698390 0.459093 0 -3.169220 6.715290 191.008000 1933.210000 -13 68 1 0 1.000000
-1.723130 -0.950914 0 10.660800 1.236200 205.042000 1933.230000 -13 69 1 0 1.000000
0.362343 -1.410490 0 -14.321200 -7.837250 191.522000 1933.200000 -13 70 1 0 1.000000
-2.214920 -1.415280 0 2.409540 -5.809310 185.552000 1933.170000 -13 71 1 0 1.000000
-2.995780 -2.212360 0 -7.571590 -18.138700 190.476000 1933.240000 -13 72 1 0 1.000000
0.067229 -3.235040 0 -5.906850 13.091200 202.761000 1933.120000 -13 73 1 0 1.000000
-1.845350 -1.057640 0 3.603940 13.390500 186.595000 1933.080000 -13 74 1 0 1.000000
-1.514580 -1.725090 0 1.213600 2.240860 188.370000 1933.290000 -13 75 1 0 1.000000
0.180531 -0.043798 0 11.685200 26.298600 188.090000 1933.260000 -13 76 1 0 1.000000
-0.521307 -1.034220 0 -12.411300 -1.886780 204.876000 1933.260000 -13 77 1 0 1.000000
-1.564440 -2.227500 0 5.568370 -16.952700 184.385000 1933.120000 -13 78 1 0 1.000000
0.024053 -0.382151 0 -8.455080 -8.155360 190.544000 1933.260000 -13 79 1 0 1.000000
-2.231710 -2.593840 0 11.049500 -23.586500 179.347000 1933.120000 -13 80 1 0 1.000000
-2.248390 -1.141270 0 7.722470 -4.882310 195.303000 1933.190000 -13 81 1 0 1.000000
1.043330 -1.508550 0 5.955950 18.157500 201.217000 1933.070000 -13 82 1 0 1.000000
-0.740802 -3.248160 0 2.863280 7.637200 190.222000 1933.210000 -13 83 1 0 1.000000
-1.131750 -2.433000 0 10.963300 -6.729640 185.242000 1933.070000 -13 84 1 0 1.000000
0.832368 -2.610470 0 11.421000 10.426000 201.578000 1933.130000 -13 85 1 0 1.000000
-0.271099 -1.878650 0 17.264400 -7.871520 185.734000 1933.080000 -13 86 1 0 1.000000
-0.951200 0.058288 0 -8.655840 9.468090 190.175000 1933.170000 -13 87 1 0 1.000000
0.493079 -3.286020 0 -8.918860 -20.285100 193.052000 1933.280000 -13 88 1 0 1.000000
-3.015950 -1.014310 0 8.514390 9.346450 207.142000 1933.150000 -13 89 1 0 1.000000
-0.805553 -2.417940 0 3.691720 7.513260 192.560000 1933.300000 -13 90 1 0 1.000000
-1.468170 0.064987 0 10.118800 -9.222260 207.701000 1933.160000 -13 91 1 0 1.000000
-0.919497 -1.570380 0 11.375900 -8.378720 206.078000 1933.120000 -13 92 1 0 1.000000
2.550970 -2.128960 0 12.498900 9.212520 194.053000 1933.190000 -13 93 1 0 1.000000
-2.036570 -0.862517 0 -7.074340 -8.917540 192.416000 1933.030000 -13 94 1 0 1.000000
-3.573010 -0.872721 0 -19.454500 -1.756360 202.150000 1933.200000 -13 95 1 0 1.000000
0.790206 -1.407740 0 -15.112900 11.551900 183.376000 1933.220000 -13 96 1 0 1.000000
-1.883520 -0.223623 0 -6.459690 7.533660 202.860000 1933.170000 -13 97 1 0 1.000000
-0.416751 -3.558320 0 -24.027600 -2.841130 181.903000 1933.210000 -13 98 1 0 1.000000
-1.614960 -0.062708 0 1.372300 16.687400 194.697000 1933.130000 -13 99 1 0 1.000000
-0.925049 0.156821 0 4.806900 8.211630 185.784000 1933.220000 -13 100 1 0 1.000000
-2.818080 -0.683512 0 4.558110 -7.658560 181.640000 1933.180000 -13 101 1 0 1.000000
-2.634490 -0.865158 0 0.896514 4.630940 194.367000 1933.260000 -13 102 1 0 1.000000
-1.456330 -0.125720 0 -8.126430 0.945096 189.176000 1933.070000 -13 103 1 0 1.000000
1.609310 -2.352170 0 23.079200 16.247000 187.360000 1933.190000 -13 104 1 0 1.000000
-0.807984 -2.021600 0 8.085230 0.814507 202.198000 1933.200000 -13 105 1 0 1.000000
-0.799716 -2.448240 0 2.741610 -11.295200 187.798000 1933.410000 -13 106 1 0 1.000000
-0.497856 -1.002540 0 -6.436850 4.087320 189.548000 1933.230000 -13 107 1 0 1.000000
-0.897232 -2.722540 0 -4.572260 24.462500 195.340000 1933.030000 -13 108 1 0 1.000000
-2.482970 0.892235 0 -10.104200 -6.884450 209.443000 1933.080000 -13 109 1 0 1.000000
-0.079839 -2.678270 0 -5.483910 14.032400 199.282000 1933.070000 -13 110 1 0 1.000000
-2.260940 -0.711686 0 0.120396 -5.709020 201.320000 1933.320000 -13 111 1 0 1.000000
-2.928370 -0.940143 0 12.230100 0.972122 198.920000 1933.220000 -13 112 1 0 1.000000
-1.358260 0.956814 0 -12.814600 -14.880300 187.363000 1933.200000 -13 113 1 0 1.000000
0.625960 -3.801930 0 10.774900 7.205320 193.879000 1933.090000 -13 114 1 0 1.000000
-0.487218 -0.787245 0 -4.522140 5.229450 192.871000 1933.100000 -13 115 1 0 1.000000
-2.139270 -2.199960 0 5.826830 -10.119600 197.255000 1933.080000 -13 116 1 0 1.000000
-1.198450 -1.359620 0 -7.061600 24.704300 192.657000 1933.180000 -13 117 1 0 1.000000
-0.198841 -5.583250 0 15.389100 -4.808980 194.574000 1933.250000 -13 118 1 0 1.000000
-0.898234 -3.561340 0 5.413510 -2.783100 189.672000 1933.190000 -13 119 1 0 1.000000
2.183910 -1.009520 0 6.237630 2.745350 188.591000 1933.130000 -13 120 1 0 1.000000
-0.207823 -3.156760 0 2.479550 15.760900 187.461000 1933.230000 -13 121 1 0 1.000000
-0.909465 -2.942840 0 -11.891600 -10.966300 192.867000 1933.240000 -13 122 1 0 1.000000
0.769390 -3.098720 0 1.385870 -0.206496 190.576000 1933.200000 -13 123 1 0 1.000000
-1.931240 -1.377240 0 -7.622690 -21.740100 208.951000 1933.250000 -13 124 1 0 1.000000
-2.804390 -1.942330 0 7.416130 -2.022690 188.390000 1933.280000 -13 125 1 0 1.000000
0.006899 -3.691760 0 15.637900 1.825020 181.916000 1933.160000 -13 126 1 0 1.000000
-0.457302 -1.707980 0 -8.420080 6.913840 208.189000 1933.130000 -13 127 1 0 1.000000
0.890282 -3.594240 0 -5.082770 -4.632970 185.724000 1933.220000 -13 128 1 0 1.000000
-0.801912 -2.220800 0 6.356190 -15.583900 193.219000 1933.170000 -13 129 1 0 1.000000
-0.204447 -4.221080 0 12.265500 -0.193396 201.468000 1933.170000 -13 130 1 0 1.000000
-1.770060 -3.345440 0 1.387710 -20.570300 199.317000 1933.110000 -13 131 1 0 1.000000
-2.255020 -0.771374 0 -10.637300 8.351850 184.736000 1933.200000 -13 132 1 0 1.000000
-0.954969 -1.161170 0 2.974500 -1.135540 189.019000 1933.250000 -13 133 1 0 1.000000
-2.835380 -1.638140 0 -9.156090 -21.162000 207.081000 1933.190000 -13 134 1 0 1.000000
-2.361220 -3.758890 0 13.880800 8.350380 209.656000 1933.110000 -13 135 1 0 1.000000
-1.079590 -2.761760 0 -11.195100 4.813570 189.387000 1933.190000 -13 136 1 0 1.000000
-1.269290 -1.902120 0 -3.772640 -13.301400 183.865000 1933.190000 -13 137 1 0 1.000000
-2.680390 -1.001730 0 11.539700 -9.015240 189.529000 1933.120000 -13 138 1 0 1.000000
-1.670130 0.072718 0 -9.512230 0.125673 194.093000 1933.170000 -13 139 1 0 1.000000
-0.991781 -0.322296 0 -18.376200 -4.959560 176.559000 1933.240000 -13 140 1 0 1.000000
-0.128577 0.953994 0 -4.215710 -9.616560 187.283000 1933.070000 -13 141 1 0 1.000000
-0.942761 -3.704080 0 -2.650880 17.145800 203.105000 1933.280000 -13 142 1 0 1.000000
-2.025810 1.230410 0 -17.131600 -16.347100 200.528000 1933.260000 -13 143 1 0 1.000000
-0.358153 -1.911860 0 -7.016310 5.150520 187.419000 1933.250000 -13 144 1 0 1.000000
-3.292600 -3.321190 0 -3.753550 23.133500 191.846000 1933.240000 -13 145 1 0 1.000000
-1.024900 -0.846307 0 -2.084800 11.922000 180.328000 1933.170000 -13 146 1 0 1.000000
-0.079668 -1.671620 0 -7.468930 31.710800 184.537000 1933.110000 -13 147 1 0 1.000000
0.168304 -2.468590 0 -3.924570 -10.224800 186.253000 1933.150000 -13 148 1 0 1.000000
-0.123203 -1.356740 0 -6.906300 12.816600 190.586000 1933.080000 -13 149 1 0 1.000000
-1.067870 -0.994576 0 -21.874100 -2.259230 185.314000 1933.070000 -13 150 1 0 1.000000
-1.798760 -2.164160 0 8.104300 -11.730900 195.007000 1933.160000 -13 151 1 0 1.000000
-4.044790 -2.968610 0 11.202400 3.661350 198.504000 1933.180000 -13 152 1 0 1.000000
-0.691884 -2.210830 0 -17.789000 11.195800 186.462000 1933.260000 -13 153 1 0 1.000000
0.806730 -3.568560 0 4.377960 3.548900 192.506000 1933.120000 -13 154 1 0 1.000000
1.146550 -0.403220 0 0.581337 -7.825160 204.745000 1933.110000 -13 155 1 0 1.000000
-0.475188 -2.210000 0 -4.907870 -2.026170 187.706000 1933.120000 -13 156 1 0 1.000000
1.931490 -1.832070 0 13.374300 3.481930 183.337000 1933.090000 -13 157 1 0 1.000000
-3.526590 -0.525087 0 -9.906260 -10.789500 185.777000 1933.120000 -13 158 1 0 1.000000
-1.478760 0.630291 0 -7.770580 -16.621000 199.835000 1933.320000 -13 159 1 0 1.000000
-1.179350 0.973450 0 7.337220 8.173060 196.351000 1933.120000 -13 160 1 0 1.000000
-1.660230 -0.370977 0 -13.666800 0.751412 212.209000 1933.210000 -13 161 1 0 1.000000
-1.532600 -1.820680 0 12.186000 -3.958020 199.888000 1933.280000 -13 162 1 0 1.000000
-3.674950 -2.967500 0 4.651850 -25.114200 192.256000 1933.230000 -13 163 1 0 1.000000
-1.338600 -1.652010 0 2.851120 -10.117000 195.713000 1933.040000 -13 164 1 0 1.000000
0.630839 -2.824260 0 3.173330 -1.861730 198.002000 1933.170000 -13 165 1 0 1.000000
-2.139530 -2.002280 0 -5.562250 -21.553300 211.022000 1933.210000 -13 166 1 0 1.000000
-1.420600 -0.533660 0 15.155200 -0.770247 196.491000 1933.100000 -13 167 1 0 1.000000
-2.368540 -1.085490 0 -2.773220 -3.674950 202.597000 1933.090000 -13 168 1 0 1.000000
-0.851319 -3.494770 0 13.302200 -12.276600 187.452000 1933.180000 -13 169 1 0 1.000000
-1.866720 -0.076498 0 1.269590 -12.595000 185.949000 1933.140000 -13 170 1 0 1.000000
0.064497 -1.807000 0 -11.797300 15.938000 194.291000 1933.160000 -13 171 1 0 1.000000
-1.906880 1.434840 0 6.419220 -13.797100 200.085000 1933.090000 -13 172 1 0 1.000000
-0.666788 0.055083 0 -7.693480 -7.657120 195.687000 1933.070000 -13 173 1 0 1.000000
-0.416282 -2.092190 0 -1.905890 8.480920 194.102000 1933.070000 -13 174 1 0 1.000000
0.392185 -1.564620 0 -2.927280 -7.785530 201.774000 1933.370000 -13 175 1 0 1.000000
-2.736120 -1.670100 0 -6.649050 -12.979000 174.366000 1933.140000 -13 176 1 0 1.000000
-0.834810 -2.928180 0 5.061430 -0.634134 190.266000 1933.190000 -13 177 1 0 1.000000
-0.135164 -2.509520 0 -3.283910 0.538090 191.453000 1933.180000 -13 178 1 0 1.000000
-2.664340 -4.127400 0 -4.112000 13.880900 195.367000 1933.150000 -13 179 1 0 1.000000
-0.004261 -2.484730 0 -8.483620 -6.425240 207.079000 1933.250000 -13 180 1 0 1.000000
0.225740 -2.416770 0 1.311270 7.506230 190.475000 1932.980000 -13 181 1 0 1.000000
-1.288580 -2.184250 0 -9.863970 -13.775800 199.124000 1933.200000 -13 182 1 0 1.000000
-3.181430 -0.196535 0 -0.538637 0.389773 194.681000 1933.120000 -13 183 1 0 1.000000
-1.729240 -1.155720 0 4.926420 8.305140 202.895000 1933.070000 -13 184 1 0 1.000000
-0.701823 1.186310 0 -10.988100 -3.223650 195.456000 1933.080000 -13 185 1 0 1.000000
-1.225960 -2.948180 0 -3.422420 -13.809600 197.875000 1933.110000 -13 186 1 0 1.000000
-0.635090 -0.336134 0 -1.133470 -6.882360 192.859000 1933.060000 -13 187 1 0 1.000000
-1.495940 -3.974360 0 0.978639 8.632650 183.219000 1933.140000 -13 188 1 0 1.000000
-0.699714 -0.914895 0 -18.231800 -22.189400 186.789000 1933.210000 -13 189 1 0 1.000000
-1.523500 -2.285840 0 -2.242130 -1.406110 202.973000 1933.170000 -13 190 1 0 1.000000
-1.487540 -0.276907 0 1.252730 -7.471840 184.787000 1933.190000 -13 191 1 0 1.000000
-0.648815 -3.492550 0 8.939560 -3.053490 203.263000 1933.250000 -13 192 1 0 1.000000
-2.464940 -0.944937 0 22.086400 13.799300 213.445000 1933.190000 -13 193 1 0 1.000000
-0.792349 -1.612880 0 22.223600 0.416509 189.949000 1933.180000 -13 194 1 0 1.000000
-2.312250 -3.350790 0 16.000100 -2.286520 195.575000 1933.140000 -13 195 1 0 1.000000
-0.224792 -4.640400 0 3.553390 3.219650 191.028000 1933.170000 -13 196 1 0 1.000000
-2.496630 -1.120530 0 15.029100 -26.222100 190.006000 1933.390000 -13 197 1 0 1.000000
-0.951641 -2.351930 0 2.444730 -4.913180 194.996000 1933.320000 -13 198 1 0 1.000000
-2.740100 -0.707458 0 -3.574790 6.338840 187.366000 1933.030000 -13 199 1 0 1.000000
0.049047 -1.880380 0 -2.000130 4.310940 206.918000 1933.250000 -13 200 1 0 1.000000
0.316287 -2.608190 0 10.405200 18.464700 184.171000 1933.130000 -13 201 1 0 1.000000
-1.233860 -2.750080 0 5.608560 9.622700 193.791000 1933.040000 -13 202 1 0 1.000000
-0.516024 -3.766480 0 -13.888800 6.893480 188.909000 1933.100000 -13 203 1 0 1.000000
0.420746 -1.164870 0 7.987050 18.134800 185.221000 1933.200000 -13 204 1 0 1.000000
-2.784750 0.109602 0 -6.634880 -4.558670 204.581000 1933.250000 -13 205 1 0 1.000000
0.159646 -2.438950 0 -3.555200 -14.117400 190.026000 1933.100000 -13 206 1 0 1.000000
-3.321190 -0.999362 0 -3.252130 -15.752000 190.077000 1933.020000 -13 207 1 0 1.000000
-0.124348 -2.001860 0 2.896910 17.143300 187.549000 1933.230000 -13 208 1 0 1.000000
-4.957840 -1.477320 0 4.187280 -22.244900 210.461000 1933.240000 -13 209 1 0 1.000000
-0.196522 -2.005350 0 -9.276800 -10.285000 200.105000 1933.040000 -13 210 1 0 1.000000
-0.490564 0.950156 0 4.536920 15.551200 191.070000 1933.280000 -13 211 1 0 1.000000
-2.569850 -2.590210 0 -9.664610 5.762050 203.635000 1933.290000 -13 212 1 0 1.000000
-1.989140 -3.931560 0 -11.098200 2.259810 187.830000 1933.190000 -13 213 1 0 1.000000
-1.450930 -0.349433 0 1.390860 11.344400 210.895000 1933.210000 -13 214 1 0 1.000000
-1.315170 -0.916586 0 -6.932270 20.211900 206.415000 1933.190000 -13 215 1 0 1.000000
0.058687 1.676420 0 20.174200 5.435460 185.615000 1933.060000 -13 216 1 0 1.000000
-0.150954 0.711095 0 3.324420 -6.695930 183.074000 1933.150000 -13 217 1 0 1.000000
-1.380880 -1.173110 0 -0.714073 9.365620 187.109000 1933.350000 -13 218 1 0 1.000000
-3.752880 -2.682730 0 -1.692840 -7.530640 194.169000 1933.220000 -13 219 1 0 1.000000
1.279350 -2.693440 0 15.141400 -9.309520 183.926000 1933.190000 -13 220 1 0 1.000000
-0.424857 -3.525270 0 4.758990 -3.031650 190.823000 1933.050000 -13 221 1 0 1.000000
-2.647300 -0.070799 0 -5.548190 8.300160 194.388000 1933.200000 -13 222 1 0 1.000000
-2.802830 -3.023180 0 12.582400 -16.826400 206.879000 1933.230000 -13 223 1 0 1.000000
-1.777710 0.346338 0 4.872250 8.438460 179.087000 1933.090000 -13 224 1 0 1.000000
-3.248190 -3.010370 0 19.125500 -7.467530 210.973000 1933.160000 -13 225 1 0 1.000000
-0.514523 -0.663088 0 3.501330 -14.536700 190.522000 1933.110000 -13 226 1 0 1.000000
-0.765035 -0.458183 0 4.456020 -11.377500 179.444000 1933.200000 -13 227 1 0 1.000000
0.085240 -3.090090 0 -11.067200 2.008630 206.464000 1933.210000 -13 228 1 0 1.000000
-1.863860 -1.042840 0 16.051400 2.513060 192.955000 1933.230000 -13 229 1 0 1.000000
-1.134740 -4.862230 0 -14.901200 -18.551800 187.262000 1933.230000 -13 230 1 0 1.000000
-0.048279 -2.606030 0 -2.696210 17.328600 194.462000 1933.310000 -13 231 1 0 1.000000
-2.272740 0.024257 0 3.354430 -8.415990 189.620000 1933.160000 -13 232 1 0 1.000000
-0.694504 -4.467310 0 8.729090 8.213790 195.423000 1933.150000 -13 233 1 0 1.000000
-0.179332 -0.760302 0 -5.701690 1.210230 188.657000 1933.410000 -13 234 1 0 1.000000
-2.913170 -0.186967 0 2.564210 -9.914260 187.046000 1933.080000 -13 235 1 0 1.000000
-0.386494 -1.359990 0 0.312771 7.845420 192.527000 1933.220000 -13 236 1 0 1.000000
-0.667491 -0.435325 0 -4.679200 1.566200 183.641000 1933.180000 -13 237 1 0 1.000000
0.706483 -2.833020 0 -0.137023 -0.586721 184.742000 1933.230000 -13 238 1 0 1.000000
-2.729840 -2.009160 0 -3.678480 2.178390 209.077000 1933.190000 -13 239 1 0 1.000000
-0.269877 -1.318020 0 -1.949800 -17.085700 199.267000 1933.190000 -13 240 1 0 1.000000
-0.397588 -3.562690 0 16.138400 -1.215030 181.529000 1933.340000 -13 241 1 0 1.000000
-0.451875 -1.319200 0 12.329500 -9.451210 190.363000 1933.070000 -13 242 1 0 1.000000
-2.778240 -0.233242 0 3.487930 -0.595641 192.445000 1933.250000 -13 243 1 0 1.000000
0.630267 2.735970 0 -13.961300 3.125250 188.360000 1933.160000 -13 244 1 0 1.000000
-3.585110 -2.302680 0 -4.885120 8.822810 208.785000 1933.160000 -13 245 1 0 1.000000
2.958230 -3.322720 0 1.862970 8.503040 195.500000 1933.190000 -13 246 1 0 1.000000
-1.667540 -1.634500 0 11.712500 -7.017670 185.875000 1933.180000 -13 247 1 0 1.000000
-2.014820 -0.988199 0 -0.078071 -4.763270 185.089000 1933.260000 -13 248 1 0 1.000000
-0.449437 -4.286850 0 -0.402754 -1.643900 199.007000 1933.190000 -13 249 1 0 1.000000
-2.871370 -4.056700 0 -8.287570 -11.942000 202.493000 1933.180000 -13 250 1 0 1.000000
-2.152080 -4.748570 0 -13.176200 15.279200 196.083000 1933.110000 -13 251 1 0 1.000000
0.174829 -3.978650 0 5.626170 -13.226200 203.280000 1933.150000 -13 252 1 0 1.000000
2.314080 -1.648930 0 13.361600 13.184200 199.738000 1933.180000 -13 253 1 0 1.000000
-2.119320 -0.317120 0 -14.261700 -9.982270 190.054000 1933.240000 -13 254 1 0 1.000000
1.550780 -1.518860 0 -2.759740 -16.492700 195.347000 1933.040000 -13 255 1 0 1.000000
-2.336340 -0.132161 0 -2.608600 -12.493900 216.143000 1933.160000 -13 256 1 0 1.000000
-1.065710 -2.528520 0 -10.478100 -9.396800 181.433000 1933.150000 -13 257 1 0 1.000000
-2.615980 0.985559 0 4.916690 3.796380 182.440000 1933.160000 -13 258 1 0 1.000000
1.792920 -3.399170 0 -7.828790 -7.931560 186.204000 1933.270000 -13 259 1 0 1.000000
-1.465560 -0.373805 0 -8.376270 -6.227290 191.989000 1933.250000 -13 260 1 0 1.000000
-2.728790 -1.831700 0 -3.175990 1.697060 193.346000 1933.080000 -13 261 1 0 1.000000
-0.461448 -2.931840 0 15.825800 -9.094050 187.941000 1933.090000 -13 262 1 0 1.000000
-2.668240 -1.433230 0 3.972810 -23.132400 205.974000 1933.120000 -13 263 1 0 1.000000
-0.941656 -3.216550 0 -6.909610 4.912170 208.078000 1933.310000 -13 264 1 0 1.000000
-2.326140 -1.565500 0 15.286300 -4.397960 209.013000 1933.170000 -13 265 1 0 1.000000
0.522758 -0.769648 0 11.329900 -5.897750 186.903000 1933.220000 -13 266 1 0 1.000000
-1.500080 -1.404800 0 -4.094490 -0.837786 196.832000 1933.170000 -13 267 1 0 1.000000
0.680671 -0.372916 0 -10.192400 0.159390 181.838000 1933.160000 -13 268 1 0 1.000000
-0.018291 -3.514000 0 6.773700 -1.261960 213.270000 1933.210000 -13 269 1 0 1.000000
-2.090970 -0.761694 0 -9.902530 5.444180 190.225000 1933.140000 -13 270 1 0 1.000000
-1.598810 2.005850 0 9.393630 4.727730 201.582000 1933.080000 -13 271 1 0 1.000000
-1.970610 -0.963453 0 -13.899600 -6.523800 190.999000 1933.110000 -13 272 1 0 1.000000
0.011476 -3.666410 0 1.040700 4.682910 187.484000 1933.230000 -13 273 1 0 1.000000
-1.678180 -1.402050 0 -12.332100 4.862190 187.676000 1933.200000 -13 274 1 0 1.000000
-0.144317 -2.067250 0 3.392050 -10.203900 179.594000 1933.240000 -13 275 1 0 1.000000
-1.169420 1.003800 0 13.974800 6.416210 194.686000 1933.210000 -13 276 1 0 1.000000
-1.041420 -1.568310 0 6.056460 2.729510 210.162000 1933.190000 -13 277 1 0 1.000000
-1.777820 -0.033942 0 -1.016670 -11.294100 196.046000 1933.080000 -13 278 1 0 1.000000
-0.129735 -0.235258 0 -12.117800 26.897200 191.074000 1933.250000 -13 279 1 0 1.000000
-2.656040 -1.808800 0 6.393210 15.787400 185.184000 1933.080000 -13 280 1 0 1.000000
-3.673510 -1.202930 0 -11.357100 -10.748700 195.811000 1933.050000 -13 281 1 0 1.000000
-2.258920 -1.100670 0 -12.736200 10.374000 200.408000 1933.190000 -13 282 1 0 1.000000
-2.010440 -0.329461 0 -0.466612 8.187340 205.480000 1933.160000 -13 283 1 0 1.000000
-1.171320 -3.769970 0 0.349990 -0.641695 185.293000 1933.260000 -13 284 1 0 1.000000
-0.990094 0.778929 0 3.570360 -7.064470 192.891000 1933.280000 -13 285 1 0 1.000000
-3.785750 -2.216240 0 -16.292600 -10.136700 194.997000 1933.050000 -13 286 1 0 1.000000
0.248720 -1.041080 0 -1.379360 12.646900 186.605000 1933.120000 -13 287 1 0 1.000000
1.186510 -2.369710 0 7.263810 1.124900 194.636000 1933.150000 -13 288 1 0 1.000000
-2.075540 -3.820800 0 13.265500 -20.671800 183.065000 1933.230000 -13 289 1 0 1.000000
-1.471300 -2.495760 0 -2.685960 -1.414850 199.606000 1933.130000 -13 290 1 0 1.000000
-4.081950 -3.110870 0 12.722800 21.219200 207.435000 1933.250000 -13 291 1 0 1.000000
-1.604990 -0.750409 0 7.633350 -8.402030 191.542000 1933.180000 -13 292 1 0 1.000000
-2.382850 1.978710 0 -2.556520 -2.496180 195.616000 1933.420000 -13 293 1 0 1.000000
-1.674350 -0.373478 0 -11.581200 -1.501110 189.387000 1933.150000 -13 294 1 0 1.000000
-1.793430 -1.671790 0 -5.191110 0.745519 199.060000 1933.200000 -13 295 1 0 1.000000
-1.477650 -2.083490 0 -9.127440 -1.202200 180.285000 1933.150000 -13 296 1 0 1.000000
-0.199759 2.200120 0 -18.147200 13.483900 198.827000 1933.290000 -13 297 1 0 1.000000
-3.165710 -1.716110 0 10.614100 -23.920100 199.197000 1933.090000 -13 298 1 0 1.000000
-3.305080 -0.899322 0 2.040310 -13.042400 185.182000 1933.130000 -13 299 1 0 1.000000
-0.759821 -1.504110 0 6.772590 -6.924600 190.869000 1933.280000 -13 300 1 0 1.000000
-0.351559 -3.909100 0 3.685390 5.983290 197.938000 1933.250000 -13 301 1 0 1.000000
0.425631 -2.557590 0 -8.824290 8.489870 193.380000 1933.330000 -13 302 1 0 1.000000
-0.260294 -1.441020 0 -1.568640 -3.645770 189.443000 1933.080000 -13 303 1 0 1.000000
-0.848378 -4.269740 0 10.437300 -0.667575 202.079000 1933.210000 -13 304 1 0 1.000000
-3.573830 -1.092740 0 -8.391020 2.902420 209.309000 1933.190000 -13 305 1 0 1.000000
-3.719110 -2.651920 0 14.205700 0.821645 181.720000 1933.190000 -13 306 1 0 1.000000
-2.607660 -0.125491 0 6.937550 -16.827200 206.415000 1933.180000 -13 307 1 0 1.000000
-0.681351 -2.841490 0 8.300150 18.335000 208.825000 1933.240000 -13 308 1 0 1.000000
-2.340020 1.021580 0 -4.419290 7.793550 202.633000 1933.050000 -13 309 1 0 1.000000
-1.590220 -0.169546 0 -13.587400 -5.479870 188.452000 1933.080000 -13 310 1 0 1.000000
-0.283389 -2.647930 0 -2.808600 3.280200 191.697000 1933.150000 -13 311 1 0 1.000000
-2.834100 0.304724 0 11.346600 -11.207300 195.258000 1933.160000 -13 312 1 0 1.000000
0.356665 -3.460240 0 -3.078980 8.801490 186.105000 1933.120000 -13 313 1 0 1.000000
-0.739268 -1.468660 0 14.970200 -22.598000 185.810000 1933.100000 -13 314 1 0 1.000000
-3.129690 -3.133940 0 -2.751090 5.337590 191.365000 1933.190000 -13 315 1 0 1.000000
-0.710180 -1.093280 0 -11.821100 12.130500 194.876000 1933.190000 -13 316 1 0 1.000000
-0.293062 -4.279760 0 9.975750 1.049490 191.285000 1933.300000 -13 317 1 0 1.000000
-1.650450 -1.595600 0 4.994890 -18.797200 205.696000 1933.200000 -13 318 1 0 1.000000
-2.358620 -0.269434 0 7.119610 -11.983700 197.431000 1933.150000 -13 319 1 0 1.000000
0.490910 -4.089790 0 -4.116160 16.878100 189.048000 1933.300000 -13 320 1 0 1.000000
-0.385075 0.537163 0 13.560900 8.889060 200.237000 1933.290000 -13 321 1 0 1.000000
-0.116359 -3.934630 0 8.997730 -5.587870 197.896000 1933.190000 -13 322 1 0 1.000000
-1.579400 0.405839 0 -9.488270 -26.888900 187.562000 1933.060000 -13 323 1 0 1.000000
-1.028730 -2.662290 0 8.712670 -3.877490 210.761000 1933.180000 -13 324 1 0 1.000000
-1.489140 1.412240 0 -13.394900 -0.004782 199.632000 1933.150000 -13 325 1 0 1.000000
-2.104650 -1.498240 0 -13.802200 1.015930 208.331000 1933.180000 -13 326 1 0 1.000000
-1.776590 -1.072050 0 -0.468938 -15.959500 198.922000 1933.320000 -13 327 1 0 1.000000
-2.381780 -2.630700 0 -7.546910 -5.066240 201.641000 1933.230000 -13 328 1 0 1.000000
0.106914 -4.178880 0 -14.937500 2.736360 197.177000 1933.310000 -13 329 1 0 1.000000
-3.085460 -0.033388 0 -6.763870 -9.409720 206.521000 1933.190000 -13 330 1 0 1.000000
-1.548360 -0.009154 0 2.439010 -8.045090 198.930000 1933.120000 -13 331 1 0 1.000000
0.211179 -4.127060 0 2.776360 5.103480 202.821000 1933.220000 -13 332 1 0 1.000000
-0.061090 -3.423180 0 -13.642700 -7.814160 182.792000 1933.070000 -13 333 1 0 1.000000
-1.176390 -2.866240 0 6.451070 -17.680900 182.495000 1933.120000 -13 334 1 0 1.000000
-1.418520 -5.417550 0 3.824530 -8.584900 201.962000 1933.100000 -13 335 1 0 1.000000
-0.663117 -3.538730 0 4.527920 11.817700 198.440000 1933.100000 -13 336 1 0 1.000000
-1.572540 1.178790 0 9.491790 21.085900 200.358000 1933.220000 -13 337 1 0 1.000000
-0.354203 -2.627050 0 6.263350 4.582820 187.879000 1933.090000 -13 338 1 0 1.000000
-2.001550 -1.345070 0 19.924000 -2.689010 202.236000 1933.300000 -13 339 1 0 1.000000
0.562403 -3.428730 0 6.237710 14.201000 192.019000 1933.110000 -13 340 1 0 1.000000
-2.159680 -1.300690 0 -10.128900 -20.362500 182.385000 1933.250000 -13 341 1 0 1.000000
-1.397470 0.233340 0 6.391160 -15.969100 194.686000 1933.090000 -13 342 1 0 1.000000
-0.006230 0.181042 0 -12.181400 0.437590 190.235000 1933.130000 -13 343 1 0 1.000000
-1.919850 -1.300120 0 -1.424780 0.774337 192.746000 1933.150000 -13 344 1 0 1.000000
0.645079 2.966350 0 7.958990 -9.965350 195.950000 1933.220000 -13 345 1 0 1.000000
-5.084500 -0.863559 0 -0.756038 2.668630 193.569000 1933.270000 -13 346 1 0 1.000000
0.808505 -2.137020 0 -12.681600 31.911900 199.682000 1933.110000 -13 347 1 0 1.000000
-0.755571 -3.182700 0 16.914700 5.556110 188.450000 1933.150000 -13 348 1 0 1.000000
-3.682640 -4.236130 0 -0.740545 3.364170 197.441000 1933.280000 -13 349 1 0 1.000000
-1.318950 -0.834094 0 13.286500 3.282020 190.078000 1933.280000 -13 350 1 0 1.000000
-1.776160 1.176880 0 -19.298600 4.122820 196.913000 1933.100000 -13 351 1 0 1.000000
-2.337560 -3.992520 0 -3.520240 -15.209700 188.625000 1933.160000 -13 352 1 0 1.000000
-1.383790 -2.187320 0 0.867382 13.551400 205.384000 1933.230000 -13 353 1 0 1.000000
-1.531680 -4.736180 0 4.478060 0.801570 199.416000 1933.290000 -13 354 1 0 1.000000
1.474640 -3.893850 0 -0.285757 0.240828 191.364000 1933.290000 -13 355 1 0 1.000000
-2.358760 0.876651 0 -13.698500 27.053100 199.265000 1933.140000 -13 356 1 0 1.000000
-2.920730 -1.350200 0 6.692270 -8.022070 184.929000 1933.120000 -13 357 1 0 1.000000
-0.939376 -1.588310 0 9.750200 4.253940 190.944000 1933.080000 -13 358 1 0 1.000000
-0.345004 -1.307380 0 2.371830 4.762800 201.372000 1933.070000 -13 359 1 0 1.000000
-1.432430 -0.160855 0 -6.785960 -15.179900 199.219000 1933.200000 -13 360 1 0 1.000000
-0.419495 -1.677110 0 5.761490 21.022300 183.732000 1933.120000 -13 361 1 0 1.000000
-1.330940 -3.696180 0 0.246082 9.475850 194.716000 1933.070000 -13 362 1 0 1.000000
-2.493050 0.021200 0 -1.491420 6.474810 195.202000 1933.050000 -13 363 1 0 1.000000
0.308181 -3.645720 0 5.595710 3.432430 194.413000 1933.020000 -13 364 1 0 1.000000
-0.231821 -3.525980 0 -9.191120 9.068380 207.796000 1933.160000 -13 365 1 0 1.000000
-1.194710 -2.406030 0 -2.351450 -5.131320 189.253000 1933.240000 -13 366 1 0 1.000000
-0.969844 -4.427850 0 3.106170 28.630500 181.130000 1933.530000 -13 367 1 0 1.000000
1.796710 -0.227641 0 -0.374028 0.477629 194.471000 1933.330000 -13 368 1 0 1.000000
-0.537039 -2.605960 0 -7.892790 3.374590 201.653000 1933.320000 -13 369 1 0 1.000000
-0.135406 -3.768830 0 13.117900 6.381910 187.788000 1933.220000 -13 370 1 0 1.000000
-1.565590 1.626990 0 -6.660220 -14.587800 202.081000 1933.130000 -13 371 1 0 1.000000
-3.291270 -2.565240 0 -10.373000 -3.868440 187.877000 1933.130000 -13 372 1 0 1.000000
-3.212420 -2.315300 0 1.859190 5.780760 201.840000 1933.260000 -13 373 1 0 1.000000
0.359205 -2.609260 0 -4.406680 4.303800 186.664000 1933.130000 -13 374 1 0 1.000000
-1.125950 -1.081310 0 6.605360 -6.375900 202.092000 1933.230000 -13 375 1 0 1.000000
-1.598890 -0.509351 0 3.390790 -4.634360 195.677000 1933.100000 -13 376 1 0 1.000000
-0.243458 -2.027030 0 30.354400 4.396140 199.340000 1933.410000 -13 377 1 0 1.000000
-3.794590 0.553129 0 -8.915130 -0.306347 184.934000 1933.090000 -13 378 1 0 1.000000
-2.042290 1.284620 0 -12.681200 -5.850030 206.562000 1933.230000 -13 379 1 0 1.000000
-0.791043 -0.754049 0 -9.264770 5.517270 184.874000 1933.150000 -13 380 1 0 1.000000
-1.741490 -2.674310 0 -15.373300 3.134670 188.810000 1933.200000 -13 381 1 0 1.000000
-1.887040 0.634654 0 20.874700 -11.546300 183.006000 1933.310000 -13 382 1 0 1.000000
0.517582 -1.071320 0 -14.917600 -8.628280 190.041000 1933.070000 -13 383 1 0 1.000000
-1.208800 -3.223190 0 12.629200 9.602930 212.177000 1933.230000 -13 384 1 0 1.000000
-1.080730 -1.520490 0 13.501200 -16.034600 183.375000 1933.160000 -13 385 1 0 1.000000
2.043360 -1.157910 0 -6.332080 -5.660330 192.771000 1933.170000 -13 386 1 0 1.000000
-1.584550 1.548130 0 -14.544500 9.995100 191.081000 1933.070000 -13 387 1 0 1.000000
-1.368010 -0.417778 0 -5.400490 -10.624200 187.686000 1933.180000 -13 388 1 0 1.000000
-1.173680 -0.323712 0 1.396820 -7.526190 182.490000 1933.180000 -13 389 1 0 1.000000
-2.872330 0.385496 0 3.392870 5.230480 209.322000 1933.150000 -13 390 1 0 1.000000
-2.917970 -1.563060 0 -3.366940 3.574730 191.433000 1933.310000 -13 391 1 0 1.000000
0.160064 -2.561370 0 4.622910 -6.606070 189.292000 1933.200000 -13 392 1 0 1.000000
-0.285254 0.398753 0 -4.561750 -0.115171 191.168000 1933.260000 -13 393 1 0 1.000000
0.918329 -0.275822 0 -0.483398 -10.595500 187.437000 1933.100000 -13 394 1 0 1.000000
-0.250532 -0.618049 0 8.152320 7.643630 201.858000 1933.120000 -13 395 1 0 1.000000
-2.698420 1.395350 0 2.623260 -8.210870 207.419000 1933.430000 -13 396 1 0 1.000000
-2.974880 -1.549750 0 8.450170 -9.987470 191.917000 1933.280000 -13 397 1 0 1.000000
1.195640 -0.451631 0 3.852000 0.628744 198.685000 1933.290000 -13 398 1 0 1.000000
-5.135520 -1.091960 0 -4.602990 -2.350700 200.914000 1933.460000 -13 399 1 0 1.000000
-0.860032 -1.585230 0 10.862800 -19.850600 189.085000 1933.150000 -13 400 1 0 1.000000
-0.135647 -1.582360 0 0.401090 -6.079780 196.983000 1933.200000 -13 401 1 0 1.000000
-1.638650 -3.282640 0 15.896600 -3.586890 195.818000 1933.120000 -13 402 1 0 1.000000
-0.976893 -0.136724 0 -2.697690 1.430660 190.831000 1933.190000 -13 403 1 0 1.000000
-1.458740 -2.401620 0 5.190240 2.389050 189.209000 1933.080000 -13 404 1 0 1.000000
-2.103140 -0.575233 0 3.844910 -5.655710 187.224000 1933.160000 -13 405 1 0 1.000000
-1.151770 1.251290 0 -27.817100 0.468576 206.364000 1933.140000 -13 406 1 0 1.000000
-1.285150 -0.102182 0 14.898100 -2.257020 197.923000 1933.130000 -13 407 1 0 1.000000
-2.246630 -3.767960 0 1.614540 -7.451670 203.861000 1933.310000 -13 408 1 0 1.000000
-3.213690 -2.584860 0 13.616600 -19.460800 190.535000 1933.090000 -13 409 1 0 1.000000
2.019250 -4.392060 0 18.033600 6.169550 199.660000 1933.230000 -13 410 1 0 1.000000
-2.450560 -0.201305 0 1.861220 -14.645800 186.246000 1933.260000 -13 411 1 0 1.000000
-3.214080 -0.756033 0 8.206550 -4.694870 196.292000 1933.360000 -13 412 1 0 1.000000
-0.356580 -3.054200 0 -8.568820 -9.677420 191.613000 1933.190000 -13 413 1 0 1.000000
-1.171760 -1.900940 0 -1.980020 -2.158700 207.606000 1933.270000 -13 414 1 0 1.000000
-1.610310 -0.097737 0 8.040290 -3.585430 183.077000 1933.200000 -13 415 1 0 1.000000
1.080440 -1.871390 0 1.485490 -8.376800 191.293000 1933.270000 -13 416 1 0 1.000000
-0.885450 -2.686450 0 -5.679660 -6.896460 197.881000 1933.260000 -13 417 1 0 1.000000
-2.753470 -2.569170 0 6.396170 -7.475130 200.170000 1933.130000 -13 418 1 0 1.000000
-0.638519 -1.197510 0 -0.407463 12.703100 182.638000 1933.180000 -13 419 1 0 1.000000
-1.872190 -1.526870 0 -3.914200 11.343000 188.579000 1933.130000 -13 420 1 0 1.000000
-1.732580 -0.035662 0 24.117300 14.834700 199.892000 1933.120000 -13 421 1 0 1.000000
0.655645 -2.780960 0 9.739660 12.846500 180.971000 1933.150000 -13 422 1 0 1.000000
1.848570 -1.090450 0 6.780100 12.667600 192.254000 1933.260000 -13 423 1 0 1.000000
-0.452205 -0.994398 0 -5.494030 -2.583180 189.748000 1933.290000 -13 424 1 0 1.000000
-2.591550 0.907216 0 -6.822510 -5.562080 196.546000 1933.310000 -13 425 1 0 1.000000
-0.981937 1.382360 0 -16.282800 -11.861600 187.176000 1933.260000 -13 426 1 0 1.000000
-2.156060 -0.085502 0 -11.873800 -14.296700 191.022000 1933.150000 -13 427 1 0 1.000000
0.107030 -2.942780 0 -1.899790 4.863770 182.301000 1933.140000 -13 428 1 0 1.000000
-0.839054 -1.784180 0 0.590689 -1.755010 196.006000 1933.120000 -13 429 1 0 1.000000
-1.178720 -0.337393 0 9.994990 5.869520 192.948000 1933.120000 -13 430 1 0 1.000000
-2.431020 -0.797993 0 10.317500 3.718510 197.337000 1933.040000 -13 431 1 0 1.000000
-2.800260 -1.460770 0 -7.023980 1.777270 184.909000 1933.210000 -13 432 1 0 1.000000
-0.985733 -3.814030 0 7.711790 9.033810 203.398000 1933.230000 -13 433 1 0 1.000000
0.065624 0.191825 0 -6.252300 12.604300 203.675000 1933.220000 -13 434 1 0 1.000000
-3.514340 -3.937570 0 -1.811040 -6.626200 187.935000 1933.240000 -13 435 1 0 1.000000
-0.712525 -2.615380 0 3.406140 -5.470990 199.368000 1933.100000 -13 436 1 0 1.000000
-0.369975 -3.041050 0 -6.307100 0.835496 191.838000 1933.210000 -13 437 1 0 1.000000
0.647224 -2.187870 0 -4.655480 10.944100 185.420000 1933.320000 -13 438 1 0 1.000000
0.293987 -5.385750 0 19.309000 6.539110 200.570000 1933.370000 -13 439 1 0 1.000000
-4.303500 1.188520 0 -13.176500 -6.220840 201.064000 1933.170000 -13 440 1 0 1.000000
-3.694660 0.066845 0 -1.024860 12.471300 188.605000 1933.260000 -13 441 1 0 1.000000
-2.007620 -3.278900 0 5.456700 3.968660 195.877000 1933.140000 -13 442 1 0 1.000000
-1.881650 -0.182232 0 8.016650 13.595900 185.955000 1933.180000 -13 443 1 0 1.000000
-0.860302 0.197609 0 7.550950 19.132500 198.946000 1933.140000 -13 444 1 0 1.000000
-2.266460 -0.773798 0 -10.510300 -9.041090 194.805000 1933.310000 -13 445 1 0 1.000000
-1.956960 -1.517360 0 -1.132900 7.486890 205.835000 1933.300000 -13 446 1 0 1.000000
-0.223413 -0.670461 0 -7.789100 0.916834 189.771000 1933.220000 -13 447 1 0 1.000000
-1.843870 -2.061760 0 -0.083310 -3.585100 194.113000 1933.050000 -13 448 1 0 1.000000
-0.819934 -2.544840 0 3.234560 9.110880 197.036000 1933.250000 -13 449 1 0 1.000000
-0.197802 -1.988980 0 -11.540500 -18.636000 201.374000 1933.220000 -13 450 1 0 1.000000
-2.339150 -4.522250 0 -10.509500 -12.747400 190.778000 1933.080000 -13 451 1 0 1.000000
-1.933880 -1.887610 0 -15.608900 -4.258860 185.584000 1933.070000 -13 452 1 0 1.000000
-1.755640 -1.961630 0 0.444090 5.578000 192.857000 1933.240000 -13 453 1 0 1.000000
1.045790 -1.833510 0 0.792542 23.435800 190.069000 1933.200000 -13 454 1 0 1.000000
0.259019 -1.568120 0 -1.269790 3.188020 187.098000 1933.150000 -13 455 1 0 1.000000
-0.493777 0.066479 0 9.829830 -3.387100 200.345000 1933.100000 -13 456 1 0 1.000000
0.263205 -2.707410 0 -11.917100 5.561910 182.871000 1933.180000 -13 457 1 0 1.000000
-2.403210 -2.763310 0 4.476720 0.304714 190.938000 1933.290000 -13 458 1 0 1.000000
-2.670140 2.047930 0 -3.575190 0.607074 194.510000 1933.160000 -13 459 1 0 1.000000
0.061711 -3.651770 0 -1.141780 -4.786790 181.044000 1933.230000 -13 460 1 0 1.000000
-1.880860 -0.683433 0 1.670370 -3.006510 199.732000 1933.140000 -13 461 1 0 1.000000
-2.788460 -4.108450 0 -8.111520 13.627700 194.819000 1933.120000 -13 462 1 0 1.000000
-0.409178 -2.983110 0 11.721200 -2.145270 195.480000 1933.290000 -13 463 1 0 1.000000
-4.895780 -2.016190 0 14.119700 -13.738700 195.807000 1933.280000 -13 464 1 0 1.000000
-0.258336 -1.838300 0 1.344260 22.820100 213.495000 1933.170000 -13 465 1 0 1.000000
0.394456 -0.838802 0 10.697100 0.008077 183.612000 1933.190000 -13 466 1 0 1.000000
0.687284 -2.234430 0 22.672800 14.640000 177.772000 1933.220000 -13 467 1 0 1.000000
-1.814830 -1.115020 0 -11.442800 -16.806900 205.578000 1933.210000 -13 468 1 0 1.000000
-0.349270 -1.503300 0 -0.134795 0.390291 186.218000 1933.080000 -13 469 1 0 1.000000
1.188590 -2.368370 0 3.777840 -3.238110 195.011000 1933.150000 -13 470 1 0 1.000000
-0.425495 -0.863410 0 -14.010000 -15.652200 187.245000 1933.210000 -13 471 1 0 1.000000
-4.156710 -2.524540 0 3.852470 -6.813620 187.567000 1933.260000 -13 472 1 0 1.000000
-1.335330 -0.832865 0 3.453840 16.736100 207.239000 1933.150000 -13 473 1 0 1.000000
-2.313350 0.448781 0 -2.594240 -7.336390 193.884000 1933.240000 -13 474 1 0 1.000000
0.408758 -2.765120 0 -14.959100 8.577320 193.742000 1933.120000 -13 475 1 0 1.000000
0.325047 -3.312560 0 -10.983400 8.425680 201.479000 1933.150000 -13 476 1 0 1.000000
-0.782019 1.601760 0 -11.006700 2.966350 196.658000 1933.030000 -13 477 1 0 1.000000
-1.104890 1.965970 0 5.279740 10.593900 209.966000 1933.210000 -13 478 1 0 1.000000
-0.978526 1.436500 0 -9.167480 -22.535200 197.801000 1933.150000 -13 479 1 0 1.000000
-0.712303 -1.208730 0 17.046600 4.379540 182.322000 1933.140000 -13 480 1 0 1.000000
-4.563940 -2.487450 0 0.498171 -15.227100 207.355000 1933.250000 -13 481 1 0 1.000000
-1.562720 -2.852840 0 0.482467 -2.593390 194.827000 1933.220000 -13 482 1 0 1.000000
-3.836380 -0.539649 0 -5.241140 -17.996700 203.044000 1933.270000 -13 483 1 0 1.000000
-3.458800 0.013514 0 2.498630 -1.637650 199.121000 1933.260000 -13 484 1 0 1.000000
-0.943535 -1.177830 0 3.253640 3.600630 188.235000 1933.060000 -13 485 1 0 1.000000
0.091350 0.783144 0 9.700870 1.565380 187.178000 1933.110000 -13 486 1 0 1.000000
-3.094590 -1.838700 0 -6.191410 10.085700 201.885000 1933.210000 -13 487 1 0 1.000000
-1.173500 -3.708660 0 -13.851700 19.267500 196.309000 1933.160000 -13 488 1 0 1.000000
-3.151920 -5.546340 0 1.484950 12.346500 194.017000 1933.120000 -13 489 1 0 1.000000
-1.202520 -2.829270 0 18.604200 -9.116550 198.454000 1933.180000 -13 490 1 0 1.000000
-2.134180 -3.866850 0 6.818510 -6.945840 185.922000 1933.160000 -13 491 1 0 1.000000
-1.276190 3.317390 0 -9.318300 -8.456080 190.395000 1933.210000 -13 492 1 0 1.000000
0.628547 -1.211880 0 5.138160 -11.450700 180.679000 1933.190000 -13 493 1 0 1.000000
-0.700456 0.186937 0 -9.727410 -7.805110 204.533000 1933.100000 -13 494 1 0 1.000000
-1.195690 -2.684580 0 -2.999420 -13.593800 191.480000 1933.240000 -13 495 1 0 1.000000
0.681507 -1.113910 0 -6.629840 17.463000 189.487000 1933.310000 -13 496 1 0 1.000000
-0.236322 -2.039290 0 -16.297200 -0.844265 198.758000 1933.240000 -13 497 1 0 1.000000
-2.078550 -0.662530 0 -4.182260 3.107880 199.948000 1933.310000 -13 498 1 0 1.000000
-2.779840 -0.895816 0 4.026800 1.131680 178.314000 1933.240000 -13 499 1 0 1.000000
-2.237700 -2.162770 0 16.120200 3.253130 208.827000 1933.160000 -13 500 1 0 1.000000
-0.121507 -3.338920 0 18.928500 6.661360 194.035000 1933.290000 -13 501 1 0 1.000000
-2.839520 -0.740194 0 -0.585819 1.992210 199.834000 1933.270000 -13 502 1 0 1.000000
-1.377040 -3.288390 0 2.658910 0.952748 191.705000 1933.280000 -13 503 1 0 1.000000
1.730790 -2.591230 0 -3.871180 6.382800 211.580000 1933.090000 -13 504 1 0 1.000000
-2.108730 1.930660 0 6.811810 -8.952610 194.250000 1933.140000 -13 505 1 0 1.000000
-2.770750 -0.349924 0 -7.295260 -7.494630 206.154000 1933.100000 -13 506 1 0 1.000000
1.291420 0.616247 0 18.469100 -9.852200 190.894000 1933.230000 -13 507 1 0 1.000000
-1.607540 -0.669526 0 8.762720 -6.214950 199.353000 1933.170000 -13 508 1 0 1.000000
0.687884 -1.328880 0 -12.338200 -1.855440 181.873000 1933.120000 -13 509 1 0 1.000000
-2.422630 0.583890 0 -11.751800 5.165860 195.730000 1933.200000 -13 510 1 0 1.000000
0.071849 -0.594544 0 0.813197 -1.411160 200.156000 1933.210000 -13 511 1 0 1.000000
-1.552920 -0.793733 0 -19.125300 -0.417571 197.269000 1933.320000 -13 512 1 0 1.000000
-2.364420 -0.365253 0 -7.515520 4.033180 214.474000 1933.210000 -13 513 1 0 1.000000
-0.577070 -0.354223 0 13.053100 12.469500 197.923000 1933.120000 -13 514 1 0 1.000000
-2.614870 1.407340 0 -12.423300 -18.030300 193.660000 1933.240000 -13 515 1 0 1.000000
-0.047872 1.063890 0 -4.299410 8.562920 198.147000 1933.100000 -13 516 1 0 1.000000
0.258821 -1.818960 0 -5.598460 2.599130 184.493000 1933.280000 -13 517 1 0 1.000000
-3.720510 -2.568750 0 3.273670 -28.726500 192.271000 1933.240000 -13 518 1 0 1.000000
-0.533333 -0.745632 0 -7.263110 12.189200 194.689000 1933.180000 -13 519 1 0 1.000000
-1.291530 2.146350 0 -0.642892 -7.351860 195.248000 1933.250000 -13 520 1 0 1.000000
-2.531880 -0.147170 0 -7.148720 9.952380 188.669000 1933.170000 -13 521 1 0 1.000000
-3.825090 -1.622040 0 13.563500 -3.632940 188.965000 1933.290000 -13 522 1 0 1.000000
0.252191 -1.336540 0 6.914160 -1.440660 187.066000 1933.230000 -13 523 1 0 1.000000
1.590940 -1.940740 0 -13.155000 16.358400 202.412000 1933.080000 -13 524 1 0 1.000000
0.349506 -2.984050 0 -8.086370 -0.748847 182.100000 1933.080000 -13 525 1 0 1.000000
-1.248720 -1.993670 0 -0.287458 -3.979150 196.857000 1933.090000 -13 526 1 0 1.000000
-3.454870 -2.629960 0 14.922000 -18.804800 193.918000 1933.320000 -13 527 1 0 1.000000
0.817801 -3.311530 0 -6.985680 16.793900 202.086000 1933.160000 -13 528 1 0 1.000000
1.817110 0.192425 0 0.675198 -10.584300 187.795000 1933.290000 -13 529 1 0 1.000000
-2.765160 -2.069790 0 -4.742250 -17.211600 186.748000 1933.050000 -13 530 1 0 1.000000
0.123436 2.452730 0 -5.642220 -3.152080 206.368000 1933.230000 -13 531 1 0 1.000000
-2.204840 -2.043240 0 -1.160480 -0.873880 204.886000 1933.280000 -13 532 1 0 1.000000
1.240170 -0.734138 0 -22.532600 -2.524370 180.266000 1933.170000 -13 533 1 0 1.000000
-0.727455 -0.722587 0 -4.458880 6.548140 178.082000 1933.130000 -13 534 1 0 1.000000
-2.200930 0.581966 0 0.966994 7.373040 188.400000 1933.020000 -13 535 1 0 1.000000
-0.571715 -2.779370 0 13.004500 -8.889160 184.751000 1933.140000 -13 536 1 0 1.000000
-1.961750 -0.736268 0 -5.208500 -19.832700 205.544000 1933.150000 -13 537 1 0 1.000000
-2.106420 -6.184950 0 13.823200 -5.824030 192.338000 1933.270000 -13 538 1 0 1.000000
0.010489 -2.660700 0 8.054000 0.814829 201.933000 1933.150000 -13 539 1 0 1.000000
-1.117020 -4.913830 0 9.719820 -11.819400 204.478000 1933.210000 -13 540 1 0 1.000000
-1.358800 -2.005160 0 -6.115990 -5.632020 211.682000 1933.250000 -13 541 1 0 1.000000
-4.312660 -2.994820 0 0.364242 -2.520670 193.485000 1933.180000 -13 542 1 0 1.000000
-1.297020 -3.463530 0 -6.812180 -1.685800 199.834000 1933.080000 -13 543 1 0 1.000000
1.147680 -1.993580 0 16.114800 3.604390 196.147000 1933.250000 -13 544 1 0 1.000000
-3.481660 -2.141530 0 -5.428110 9.822990 195.922000 1933.060000 -13 545 1 0 1.000000
0.237223 -5.596730 0 4.436580 10.852000 185.061000 1933.280000 -13 546 1 0 1.000000
-2.914980 1.578200 0 -20.750000 1.398170 193.858000 1933.220000 -13 547 1 0 1.000000
-2.169300 -2.378790 0 0.605836 -2.973050 208.210000 1933.300000 -13 548 1 0 1.000000
-0.974927 -1.921830 0 -5.986710 9.795560 205.425000 1933.170000 -13 549 1 0 1.000000
-1.962780 -3.037630 0 -3.082380 -5.402480 203.356000 1933.240000 -13 550 1 0 1.000000
-1.937770 -1.440800 0 -2.124670 15.684400 190.480000 1933.150000 -13 551 1 0 1.000000
-1.184020 -0.754173 0 -7.759820 13.209200 197.115000 1933.230000 -13 552 1 0 1.000000
-2.150970 1.347850 0 -15.702700 -5.785970 206.741000 1933.250000 -13 553 1 0 1.000000
-2.597870 -0.804898 0 5.945890 -3.170580 189.337000 1933.260000 -13 554 1 0 1.000000
-3.616440 -0.693750 0 1.536320 -20.092200 190.672000 1933.270000 -13 555 1 0 1.000000
-1.800030 -0.989311 0 3.440130 -15.346000 214.834000 1933.250000 -13 556 1 0 1.000000
-0.913912 -2.802220 0 -1.787580 6.524990 190.990000 1933.260000 -13 557 1 0 1.000000
-1.466770 -2.006380 0 2.116920 -7.597100 197.321000 1933.160000 -13 558 1 0 1.000000
-2.920760 -1.709420 0 4.903310 -6.278910 189.261000 1933.180000 -13 559 1 0 1.000000
-1.150650 0.296235 0 -1.762190 2.804260 204.482000 1933.100000 -13 560 1 0 1.000000
-2.298910 -2.266710 0 12.557800 -6.909430 211.043000 1933.180000 -13 561 1 0 1.000000
0.961066 -1.630330 0 8.116990 21.050400 191.164000 1932.990000 -13 562 1 0 1.000000
0.834494 -2.533070 0 6.149730 -2.263550 193.371000 1933.140000 -13 563 1 0 1.000000
-0.404991 -4.544440 0 17.704600 -3.583020 189.330000 1933.190000 -13 564 1 0 1.000000
-2.274910 -1.243020 0 8.110230 -10.427000 195.281000 1933.140000 -13 565 1 0 1.000000
-0.326915 -0.801170 0 4.305310 -9.761870 201.569000 1933.090000 -13 566 1 0 1.000000
1.163280 -1.453700 0 -5.192730 -9.097360 196.348000 1933.210000 -13 567 1 0 1.000000
-0.037025 -1.975340 0 5.588680 19.068400 197.603000 1933.210000 -13 568 1 0 1.000000
0.723938 -0.956874 0 6.031200 -6.409540 195.273000 1933.270000 -13 569 1 0 1.000000
-2.299490 -2.815510 0 -12.843800 11.396900 209.571000 1933.150000 -13 570 1 0 1.000000
-0.617879 -2.016170 0 -9.402210 8.678080 205.581000 1933.120000 -13 571 1 0 1.000000
-1.448830 -1.239880 0 8.405030 4.829990 195.946000 1933.420000 -13 572 1 0 1.000000
-0.602566 -3.837550 0 3.669330 -8.180230 190.981000 1933.080000 -13 573 1 0 1.000000
-1.552660 -1.383950 0 11.173300 12.584100 204.813000 1933.080000 -13 574 1 0 1.000000
-1.442420 1.451010 0 -14.878800 0.074528 183.726000 1933.100000 -13 575 1 0 1.000000
-2.263380 -1.393100 0 7.166040 10.740600 191.522000 1933.210000 -13 576 1 0 1.000000
-2.867300 0.700737 0 14.968800 20.048600 203.071000 1933.200000 -13 577 1 0 1.000000
-0.068964 -1.400570 0 -10.755300 13.879300 183.628000 1933.140000 -13 578 1 0 1.000000
-3.220300 -1.534900 0 -5.440100 -3.631320 185.068000 1933.130000 -13 579 1 0 1.000000
-1.298140 -1.841490 0 7.447440 0.797352 182.939000 1933.260000 -13 580 1 0 1.000000
-1.963700 -0.755779 0 -0.778214 -19.249200 190.205000 1933.050000 -13 581 1 0 1.000000
-1.625560 1.948450 0 -10.064900 -16.067400 198.456000 1933.210000 -13 582 1 0 1.000000
0.411831 -2.060460 0 1.673560 0.862897 181.051000 1933.310000 -13 583 1 0 1.000000
-0.127764 -3.159990 0 -0.926074 1.154170 193.011000 1933.150000 -13 584 1 0 1.000000
-2.948660 -2.576020 0 -12.838800 11.489300 205.065000 1933.160000 -13 585 1 0 1.000000
-1.133680 -1.820020 0 -13.084500 -0.216685 186.397000 1933.210000 -13 586 1 0 1.000000
-3.474370 0.700140 0 -4.470020 15.030600 210.964000 1933.160000 -13 587 1 0 1.000000
-1.973320 0.390593 0 21.011400 9.196450 197.342000 1933.180000 -13 588 1 0 1.000000
-2.124060 -3.472750 0 -7.318320 0.078893 186.182000 1933.220000 -13 589 1 0 1.000000
-3.089640 0.082519 0 2.649460 -6.267930 190.793000 1933.180000 -13 590 1 0 1.000000
-2.962660 -4.131390 0 8.208220 -9.133610 200.268000 1933.030000 -13 591 1 0 1.000000
1.890550 -1.070540 0 14.067500 -24.304200 191.133000 1933.170000 -13 592 1 0 1.000000
1.363030 -3.103140 0 3.059210 -0.577273 185.233000 1933.170000 -13 593 1 0 1.000000
-4.471410 -1.439110 0 6.909480 8.959370 205.516000 1933.140000 -13 594 1 0 1.000000
-0.305424 0.429583 0 5.328500 6.459860 196.414000 1933.140000 -13 595 1 0 1.000000
-3.130400 -2.880720 0 -8.583030 1.221050 214.742000 1933.140000 -13 596 1 0 1.000000
0.659234 -1.561150 0 -0.138814 16.416400 200.810000 1933.250000 -13 597 1 0 1.000000
-0.622910 -1.512090 0 -4.624380 -4.562130 181.575000 1933.050000 -13 598 1 0 1.000000
-2.134730 -1.060370 0 3.768560 -13.888200 187.581000 1933.190000 -13 599 1 0 1.000000
-1.160820 0.963224 0 -15.000100 -7.440190 183.778000 1933.220000 -13 600 1 0 1.000000
-2.116360 0.220886 0 -2.471990 2.032340 192.676000 1933.020000 -13 601 1 0 1.000000
-1.959850 -0.269031 0 -10.059300 -10.315200 198.855000 1933.180000 -13 602 1 0 1.000000
1.408930 -2.318350 0 2.252960 1.248710 183.591000 1933.130000 -13 603 1 0 1.000000
-1.180970 -2.506340 0 14.024300 10.077700 180.534000 1933.240000 -13 604 1 0 1.000000
-0.920134 -3.063330 0 3.576450 13.926600 192.913000 1933.190000 -13 605 1 0 1.000000
-2.284730 2.010790 0 -7.629400 -10.433300 191.015000 1933.300000 -13 606 1 0 1.000000
-0.565503 -2.973170 0 -9.425430 -5.916590 199.725000 1933.260000 -13 607 1 0 1.000000
-0.764497 -3.909510 0 -0.832161 0.901063 192.386000 1933.160000 -13 608 1 0 1.000000
-1.455820 -1.477500 0 7.790420 -4.053030 192.620000 1933.100000 -13 609 1 0 1.000000
0.033272 -0.960077 0 -12.175200 0.793534 191.203000 1933.210000 -13 610 1 0 1.000000
-2.947590 2.085520 0 -3.280740 0.577544 206.273000 1933.140000 -13 611 1 0 1.000000
-0.549578 -0.111274 0 -3.387820 -12.366400 183.880000 1933.200000 -13 612 1 0 1.000000
-1.195410 -3.466570 0 24.099900 -16.432200 181.652000 1933.190000 -13 613 1 0 1.000000
0.432092 -2.784860 0 -1.246570 -0.564107 182.704000 1933.190000 -13 614 1 0 1.000000
-2.034870 0.348161 0 0.306941 0.089751 192.593000 1933.140000 -13 615 1 0 1.000000
-2.335090 -2.705380 0 -11.703900 -0.846596 191.049000 1933.090000 -13 616 1 0 1.000000
-3.454010 -1.046650 0 -4.279100 -20.307000 212.890000 1933.200000 -13 617 1 0 1.000000
-1.544700 -1.322330 0 -23.008900 -4.030170 205.179000 1933.130000 -13 618 1 0 1.000000
-2.134940 0.161175 0 -12.716400 8.726740 212.530000 1933.200000 -13 619 1 0 1.000000
-2.213750 -3.068470 0 0.561137 -1.728200 182.439000 1933.220000 -13 620 1 0 1.000000
-2.142160 -1.580570 0 13.805300 -4.916950 190.845000 1933.260000 -13 621 1 0 1.000000
-2.795290 -1.652360 0 -13.480300 7.256610 198.646000 1933.080000 -13 622 1 0 1.000000
-0.948856 -2.394040 0 5.310220 -1.903040 185.917000 1933.260000 -13 623 1 0 1.000000
-1.091510 -0.602870 0 11.524400 -11.986300 184.665000 1933.130000 -13 624 1 0 1.000000
0.417814 -3.780950 0 8.265040 1.312090 199.220000 1933.210000 -13 625 1 0 1.000000
-0.881997 -2.407980 0 4.649580 -12.297000 205.942000 1933.200000 -13 626 1 0 1.000000
-3.603650 -2.077010 0 12.829500 -16.941000 182.777000 1933.250000 -13 627 1 0 1.000000
-1.378360 -0.272948 0 1.309780 9.138690 193.304000 1933.060000 -13 628 1 0 1.000000
0.201032 -4.883910 0 -2.553180 8.731150 198.883000 1933.080000 -13 629 1 0 1.000000
-0.356970 -0.336602 0 -1.986050 14.712800 196.865000 1933.070000 -13 630 1 0 1.000000
2.481990 -3.369040 0 0.906387 13.605100 189.216000 1933.170000 -13 631 1 0 1.000000
0.844499 -4.875940 0 10.102100 12.641400 197.636000 1933.300000 -13 632 1 0 1.000000
-2.550370 -2.712150 0 -7.825120 0.845403 199.067000 1933.210000 -13 633 1 0 1.000000
-0.667251 -1.611810 0 3.397310 15.313100 182.291000 1933.160000 -13 634 1 0 1.000000
-1.499940 0.088736 0 14.110000 0.089461 190.360000 1933.140000 -13 635 1 0 1.000000
1.326020 -1.420730 0 -19.117000 -20.877600 176.462000 1933.320000 -13 636 1 0 1.000000
-0.817823 -2.349010 0 -13.611700 2.516820 187.800000 1933.200000 -13 637 1 0 1.000000
0.603401 -0.039510 0 9.853310 6.597670 192.026000 1933.190000 -13 638 1 0 1.000000
-1.053230 -1.561030 0 3.368010 -12.838100 193.355000 1933.220000 -13 639 1 0 1.000000
-1.403530 -4.071390 0 -11.276900 -10.808800 193.764000 1933.220000 -13 640 1 0 1.000000
-2.562760 -4.152690 0 -7.749780 -11.805900 191.823000 1933.220000 -13 641 1 0 1.000000
-0.735522 0.185314 0 -9.558780 2.169490 197.604000 1933.230000 -13 642 1 0 1.000000
-2.099530 -3.607510 0 -15.608400 -4.751060 189.045000 1933.120000 -13 643 1 0 1.000000
-2.541520 -1.849530 0 -1.237910 -10.640500 195.120000 1933.180000 -13 644 1 0 1.000000
-2.542640 -3.449150 0 -6.101910 -5.140980 209.528000 1933.270000 -13 645 1 0 1.000000
-3.747580 0.356706 0 -0.500998 8.113320 202.047000 1933.150000 -13 646 1 0 1.000000
-2.343240 0.178748 0 -0.850367 -1.894960 207.068000 1933.260000 -13 647 1 0 1.000000
0.601637 -1.213770 0 -6.032310 11.637900 204.307000 1933.280000 -13 648 1 0 1.000000
-0.831171 -3.320200 0 -6.416490 -0.952088 202.621000 1933.140000 -13 649 1 0 1.000000
-0.313744 -0.632007 0 -9.869660 1.621210 180.973000 1933.200000 -13 650 1 0 1.000000
-1.186180 -0.554342 0 14.812400 14.780100 202.506000 1933.120000 -13 651 1 0 1.000000
-1.626240 -0.670813 0 1.593770 2.536310 200.129000 1933.200000 -13 652 1 0 1.000000
2.903220 -3.358310 0 -15.027100 3.168260 187.310000 1933.160000 -13 653 1 0 1.000000
-2.313620 -0.458637 0 7.095030 -20.890500 198.809000 1933.190000 -13 654 1 0 1.000000
-3.117870 -0.012986 0 -10.664400 -10.305400 198.028000 1933.260000 -13 655 1 0 1.000000
1.397950 -0.583137 0 3.351320 -2.472600 192.106000 1933.230000 -13 656 1 0 1.000000
0.592819 -2.049070 0 0.515180 16.257900 187.297000 1933.120000 -13 657 1 0 1.000000
-0.162197 0.550206 0 -11.091800 -6.676430 197.847000 1933.140000 -13 658 1 0 1.000000
-1.238040 -0.351498 0 -6.813320 -11.219600 185.508000 1933.240000 -13 659 1 0 1.000000
-1.183760 -1.362160 0 2.568940 -17.413100 202.782000 1933.310000 -13 660 1 0 1.000000
-1.928220 -1.710510 0 11.362600 -19.247400 180.208000 1933.090000 -13 661 1 0 1.000000
1.163900 -4.056110 0 22.823400 13.103600 180.672000 1933.140000 -13 662 1 0 1.000000
-2.895320 -0.424444 0 -8.126260 5.529290 201.998000 1933.140000 -13 663 1 0 1.000000
-2.832830 -4.825410 0 -4.967490 -10.316100 199.411000 1933.250000 -13 664 1 0 1.000000
-1.971020 -0.741996 0 -13.794000 -13.018600 207.951000 1933.080000 -13 665 1 0 1.000000
-2.482370 -3.985150 0 4.898850 -9.700270 204.478000 1933.100000 -13 666 1 0 1.000000
-1.285440 -5.054390 0 12.128400 -3.710550 198.065000 1933.240000 -13 667 1 0 1.000000
-2.664640 0.105895 0 -9.506990 7.072680 205.909000 1933.160000 -13 668 1 0 1.000000
-2.395870 -1.854680 0 -11.643800 -1.720280 196.037000 1933.260000 -13 669 1 0 1.000000
-0.904400 -1.929640 0 15.275000 -16.217200 186.948000 1933.150000 -13 670 1 0 1.000000
-0.774096 -2.734800 0 1.094600 -10.750100 198.022000 1933.080000 -13 671 1 0 1.000000
-1.402200 -3.949600 0 -6.586480 -15.136400 201.543000 1933.090000 -13 672 1 0 1.000000
-0.312214 -2.222640 0 -8.843760 12.024100 195.042000 1933.210000 -13 673 1 0 1.000000
-2.839680 0.266261 0 -0.880621 -5.058560 196.435000 1933.180000 -13 674 1 0 1.000000
-2.511780 -0.577021 0 -9.640200 -0.925122 183.067000 1933.180000 -13 675 1 0 1.000000
0.276225 -2.475530 0 7.874420 0.509769 180.377000 1933.200000 -13 676 1 0 1.000000
-0.968978 -2.139130 0 -10.338200 8.724280 177.517000 1933.340000 -13 677 1 0 1.000000
-0.348629 0.392222 0 -12.019800 0.024584 206.284000 1933.180000 -13 678 1 0 1.000000
-1.533510 -1.360750 0 -0.069895 -21.037200 205.276000 1933.140000 -13 679 1 0 1.000000
-0.470797 -3.497450 0 14.776700 17.744800 204.800000 1933.160000 -13 680 1 0 1.000000
-1.770050 -0.549031 0 0.808749 0.986313 187.811000 1933.070000 -13 681 1 0 1.000000
-0.502185 -0.030923 0 5.613370 -15.815400 205.019000 1933.300000 -13 682 1 0 1.000000
-2.234290 -1.900000 0 -3.879340 -20.769600 183.338000 1933.310000 -13 683 1 0 1.000000
-3.033030 0.059145 0 3.601120 -15.315300 193.737000 1933.280000 -13 684 1 0 1.000000
-2.725560 0.573483 0 5.455030 -5.189410 191.298000 1933.150000 -13 685 1 0 1.000000
1.263570 -3.326840 0 9.772480 -4.891800 187.516000 1933.190000 -13 686 1 0 1.000000
-0.179549 -1.458750 0 1.273970 2.525220 185.715000 1933.120000 -13 687 1 0 1.000000
0.272327 0.618406 0 0.480212 -5.681830 184.137000 1933.270000 -13 688 1 0 1.000000
-3.092790 -0.942521 0 -5.923770 0.701932 195.479000 1933.150000 -13 689 1 0 1.000000
-2.799990 -3.568650 0 11.397400 -7.012650 194.549000 1933.290000 -13 690 1 0 1.000000
-3.338300 -0.471531 0 -9.758200 3.282790 189.631000 1933.310000 -13 691 1 0 1.000000
-2.538190 0.661508 0 -2.774450 -15.732200 197.463000 1933.210000 -13 692 1 0 1.000000
-2.928920 -0.340031 0 13.550700 -13.799500 183.361000 1933.120000 -13 693 1 0 1.000000
0.335699 -2.337540 0 6.914170 -10.012200 181.650000 1933.150000 -13 694 1 0 1.000000
-0.512228 -1.878240 0 -8.218420 -10.917700 186.447000 1933.050000 -13 695 1 0 1.000000
-1.257090 -0.728776 0 9.934660 -5.496790 205.547000 1933.170000 -13 696 1 0 1.000000
-2.595620 -1.659730 0 -1.114360 -9.336380 187.831000 1933.130000 -13 697 1 0 1.000000
-1.764960 -1.017900 0 6.649120 2.857210 199.611000 1933.000000 -13 698 1 0 1.000000
2.741320 -1.361120 0 -6.933440 22.925700 191.633000 1933.240000 -13 699 1 0 1.000000
-0.809681 -1.706220 0 4.514340 -9.110160 190.390000 1933.280000 -13 700 1 0 1.000000
-1.732920 -2.340850 0 -6.715580 19.109100 202.689000 1933.250000 -13 701 1 0 1.000000
-3.474110 -1.485960 0 -8.525280 7.810920 200.162000 1933.190000 -13 702 1 0 1.000000
0.123141 -4.578740 0 4.315120 -3.346340 192.863000 1933.160000 -13 703 1 0 1.000000
-0.072534 -1.305720 0 -5.646290 27.031700 193.854000 1933.140000 -13 704 1 0 1.000000
0.400427 -1.581060 0 8.845330 -6.439350 188.205000 1933.210000 -13 705 1 0 1.000000
-0.428325 -2.755200 0 0.343463 2.084240 200.276000 1933.220000 -13 706 1 0 1.000000
-0.793189 -1.676330 0 -11.868400 4.140860 197.424000 1933.050000 -13 707 1 0 1.000000
-2.498040 -0.248693 0 9.900640 19.938800 194.422000 1933.240000 -13 708 1 0 1.000000
0.644637 -2.758670 0 -4.123100 -2.006860 194.778000 1933.260000 -13 709 1 0 1.000000
-0.340942 1.561390 0 -14.176100 0.960509 189.535000 1933.130000 -13 710 1 0 1.000000
-3.691680 -0.174069 0 -0.339286 1.717540 193.445000 1933.160000 -13 711 1 0 1.000000
-2.953480 -2.855520 0 -5.108650 -4.016600 185.782000 1933.160000 -13 712 1 0 1.000000
-0.362214 1.248560 0 -5.008290 21.664100 189.373000 1933.200000 -13 713 1 0 1.000000
-0.874730 -4.363490 0 1.460400 1.750620 202.490000 1933.130000 -13 714 1 0 1.000000
-0.415874 -3.107980 0 -4.477670 -23.113400 187.233000 1933.110000 -13 715 1 0 1.000000
0.314329 -3.327340 0 -11.979100 1.924190 183.090000 1933.260000 -13 716 1 0 1.000000
0.003995 -1.784950 0 11.351900 -9.593020 187.885000 1933.150000 -13 717 1 0 1.000000
0.977675 -1.634240 0 -8.351090 2.299650 196.411000 1933.310000 -13 718 1 0 1.000000
-1.103770 -2.323830 0 -9.007990 2.663170 187.921000 1933.150000 -13 719 1 0 1.000000
-3.281610 0.106700 0 9.791570 9.147990 204.972000 1933.070000 -13 720 1 0 1.000000
-0.961551 -1.107070 0 3.919780 -8.329440 190.678000 1933.240000 -13 721 1 0 1.000000
-0.837072 0.643238 0 -12.240600 3.611840 191.306000 1933.250000 -13 722 1 0 1.000000
-2.046160 -2.489550 0 11.701200 -16.189400 183.804000 1933.100000 -13 723 1 0 1.000000
-2.668670 -2.154890 0 1.249630 -9.295940 190.013000 1933.110000 -13 724 1 0 1.000000
-0.022888 -3.354190 0 1.078470 -0.088789 190.206000 1933.230000 -13 725 1 0 1.000000
-0.845105 0.274363 0 6.532430 -3.266140 206.561000 1933.240000 -13 726 1 0 1.000000
-0.959157 -2.066830 0 -14.576600 7.385930 186.860000 1933.270000 -13 727 1 0 1.000000
0.668551 -3.071680 0 -0.819782 19.857200 185.323000 1933.260000 -13 728 1 0 1.000000
-1.681410 -0.639855 0 -2.272110 8.770940 189.648000 1933.040000 -13 729 1 0 1.000000
-0.752450 1.272110 0 -18.789700 2.862780 194.527000 1933.100000 -13 730 1 0 1.000000
-2.479100 -4.570120 0 9.318760 2.114920 194.967000 1933.260000 -13 731 1 0 1.000000
0.394973 -2.010550 0 -9.759370 -5.299520 187.977000 1933.240000 -13 732 1 0 1.000000
0.124299 0.046009 0 -6.569580 4.995110 205.259000 1933.160000 -13 733 1 0 1.000000
-0.514653 0.825619 0 -11.844600 -0.024341 207.155000 1933.090000 -13 734 1 0 1.000000
-2.668200 -1.060690 0 -7.708110 8.958410 200.280000 1933.200000 -13 735 1 0 1.000000
-3.475170 -0.839609 0 17.638900 -6.405600 187.315000 1933.180000 -13 736 1 0 1.000000
-1.873570 -1.546020 0 11.859100 4.088190 205.156000 1933.200000 -13 737 1 0 1.000000
-0.357258 0.201813 0 -7.267160 -18.347900 192.594000 1933.170000 -13 738 1 0 1.000000
-4.571520 -0.914997 0 11.421600 12.453200 191.823000 1933.130000 -13 739 1 0 1.000000
-1.278210 0.742957 0 13.421200 -13.320800 185.366000 1933.040000 -13 740 1 0 1.000000
-1.332260 -4.459400 0 7.145530 4.988320 188.179000 1933.120000 -13 741 1 0 1.000000
-1.447700 -1.533100 0 7.723060 -11.308200 189.664000 1933.180000 -13 742 1 0 1.000000
0.713793 -0.299363 0 -2.840270 -9.324130 197.019000 1933.110000 -13 743 1 0 1.000000
-2.366860 -2.069010 0 7.439180 2.698190 200.369000 1933.250000 -13 744 1 0 1.000000
2.274940 0.672831 0 0.548762 23.553200 194.159000 1933.320000 -13 745 1 0 1.000000
-2.459050 -1.900180 0 -1.296790 -17.544500 205.427000 1933.190000 -13 746 1 0 1.000000
-0.344899 -2.966140 0 4.234300 -5.715300 191.004000 1933.120000 -13 747 1 0 1.000000
-2.859850 -2.761570 0 10.863700 -9.369080 190.628000 1933.320000 -13 748 1 0 1.000000
-1.740670 -0.364718 0 4.958470 11.721400 203.944000 1933.260000 -13 749 1 0 1.000000
-1.822080 -1.581230 0 -4.575210 -10.230400 195.390000 1933.210000 -13 750 1 0 1.000000
-1.204810 0.074684 0 -2.332880 -3.610620 184.134000 1933.130000 -13 751 1 0 1.000000
-2.133690 -1.268230 0 16.596100 22.190100 188.316000 1933.180000 -13 752 1 0 1.000000
-0.825251 -2.820570 0 -13.937800 -6.237890 186.557000 1933.030000 -13 753 1 0 1.000000
-0.715873 -2.025390 0 -6.992380 0.773672 202.771000 1933.390000 -13 754 1 0 1.000000
0.119589 -1.926960 0 -1.701860 5.018110 181.900000 1933.320000 -13 755 1 0 1.000000
-1.059640 -1.975120 0 11.508100 8.901960 192.257000 1933.250000 -13 756 1 0 1.000000
-1.213520 -2.879550 0 -4.561670 -1.325000 200.688000 1933.270000 -13 757 1 0 1.000000
-1.621890 -2.375240 0 3.186010 -20.650300 192.022000 1933.050000 -13 758 1 0 1.000000
-0.246524 -1.174330 0 4.123630 -2.129140 188.964000 1933.200000 -13 759 1 0 1.000000
-5.591180 0.313771 0 -2.040750 5.276010 196.912000 1933.260000 -13 760 1 0 1.000000
-2.264320 -0.674578 0 -4.625390 -1.217660 213.468000 1933.200000 -13 761 1 0 1.000000
-3.673570 -1.103400 0 1.808230 2.535920 191.571000 1933.120000 -13 762 1 0 1.000000
-0.708095 -0.016646 0 -12.371900 6.891570 188.999000 1933.160000 -13 763 1 0 1.000000
-1.560630 -3.012740 0 -0.190319 21.719600 179.854000 1933.180000 -13 764 1 0 1.000000
-2.409250 -1.182460 0 12.800500 -3.440280 193.329000 1933.150000 -13 765 1 0 1.000000
-0.585040 0.218179 0 4.940060 8.890000 187.972000 1933.210000 -13 766 1 0 1.000000
0.967249 -3.225950 0 6.745910 18.218600 193.787000 1933.250000 -13 767 1 0 1.000000
0.119677 -1.847230 0 -2.831360 16.398300 188.170000 1933.320000 -13 768 1 0 1.000000
-0.252168 -3.048320 0 13.520200 8.781530 187.023000 1933.100000 -13 769 1 0 1.000000
-2.690490 -3.264820 0 -7.100420 5.511140 197.525000 1933.290000 -13 770 1 0 1.000000
-3.292450 1.606020 0 -0.036571 -4.039730 195.117000 1933.060000 -13 771 1 0 1.000000
-0.562122 1.160400 0 -1.835640 -1.979610 198.878000 1933.240000 -13 772 1 0 1.000000
-1.906320 -3.812060 0 6.438420 -7.216400 189.618000 1933.080000 -13 773 1 0 1.000000
-0.655794 -4.139510 0 -18.663500 -10.406200 189.958000 1933.200000 -13 774 1 0 1.000000
-3.274580 1.636380 0 -5.999130 -0.464626 200.698000 1933.100000 -13 775 1 0 1.000000
0.441531 -2.938790 0 -10.583900 5.230840 187.210000 1933.150000 -13 776 1 0 1.000000
-0.389350 1.982740 0 15.452700 1.502230 196.691000 1933.230000 -13 777 1 0 1.000000
-1.095680 -3.022680 0 14.519600 -10.151300 186.245000 1933.150000 -13 778 1 0 1.000000
-0.141279 -2.487440 0 -5.829420 12.597800 195.518000 1933.260000 -13 779 1 0 1.000000
0.463314 -1.291840 0 -1.236910 -9.806020 197.882000 1933.160000 -13 780 1 0 1.000000
-3.049940 -3.833840 0 16.435000 -9.979460 195.957000 1933.130000 -13 781 1 0 1.000000
-1.582080 2.356530 0 -9.558170 -6.401750 198.128000 1933.180000 -13 782 1 0 1.000000
-2.291300 -3.129530 0 2.865450 12.144600 213.520000 1933.150000 -13 783 1 0 1.000000
-1.720700 -0.561113 0 2.506000 3.452780 210.647000 1933.340000 -13 784 1 0 1.000000
1.547370 -0.255900 0 -0.606333 -11.356900 183.585000 1933.160000 -13 785 1 0 1.000000
-1.453800 -1.424750 0 0.984571 -15.323400 186.042000 1933.170000 -13 786 1 0 1.000000
-0.396294 -2.340700 0 17.586500 11.224600 198.797000 1933.040000 -13 787 1 0 1.000000
-2.262720 0.104092 0 2.502840 -8.364190 183.972000 1933.170000 -13 788 1 0 1.000000
-1.684590 -1.142010 0 -17.880800 -10.491000 191.954000 1933.210000 -13 789 1 0 1.000000
-1.186730 -0.993418 0 18.735200 -16.679500 192.110000 1933.120000 -13 790 1 0 1.000000
-0.842992 0.255060 0 4.889370 -0.648426 189.593000 1933.160000 -13 791 1 0 1.000000
-3.573510 0.550315 0 9.554310 -1.221160 188.510000 1933.260000 -13 792 1 0 1.000000
-1.570180 -3.636540 0 -9.972680 3.478110 205.141000 1933.220000 -13 793 1 0 1.000000
0.069749 0.459488 0 -0.465543 -6.181490 205.125000 1933.290000 -13 794 1 0 1.000000
-0.636380 -1.584870 0 11.726000 -3.104500 185.423000 1933.220000 -13 795 1 0 1.000000
-3.001290 -1.422790 0 -19.573800 13.654700 185.452000 1933.190000 -13 796 1 0 1.000000
-1.047300 -0.678923 0 14.566700 0.724495 192.762000 1933.220000 -13 797 1 0 1.000000
-4.038060 -2.574220 0 -8.152020 6.399420 198.467000 1933.080000 -13 798 1 0 1.000000
-1.965760 0.127011 0 -13.035300 -7.810150 195.635000 1933.180000 -13 799 1 0 1.000000
-2.732200 -0.556319 0 1.828780 -6.439890 211.424000 1933.170000 -13 800 1 0 1.000000
0.405660 0.937157 0 -3.936750 1.041440 193.356000 1933.050000 -13 801 1 0 1.000000
0.254383 -1.797060 0 -23.121100 -9.227010 192.416000 1933.120000 -13 802 1 0 1.000000
0.232049 -3.378200 0 9.707750 -9.328060 196.955000 1933.250000 -13 803 1 0 1.000000
-2.106810 -1.884310 0 -11.113100 2.505020 189.945000 1933.180000 -13 804 1 0 1.000000
-3.586520 -2.368150 0 8.793570 8.582850 184.105000 1933.200000 -13 805 1 0 1.000000
-2.953400 -4.460070 0 6.239180 -13.781800 185.604000 1933.160000 -13 806 1 0 1.000000
0.312452 -1.677530 0 2.512280 5.957990 187.019000 1933.220000 -13 807 1 0 1.000000
-1.635470 -3.418710 0 -5.364920 14.482200 209.361000 1933.220000 -13 808 1 0 1.000000
-2.299510 -3.731250 0 -12.249000 0.303256 192.588000 1933.160000 -13 809 1 0 1.000000
-0.795491 -3.714880 0 1.672320 13.937300 189.082000 1933.140000 -13 810 1 0 1.000000
-2.654310 -1.180290 0 -2.122000 -2.554730 192.671000 1933.090000 -13 811 1 0 1.000000
-1.026900 0.287724 0 -9.177370 -6.832100 181.264000 1933.110000 -13 812 1 0 1.000000
-3.375700 -2.316290 0 -3.139390 13.649200 193.871000 1933.110000 -13 813 1 0 1.000000
-0.712958 -1.068640 0 3.816960 -2.812170 183.040000 1933.100000 -13 814 1 0 1.000000
-0.634835 -2.669850 0 3.455850 14.233000 175.494000 1933.140000 -13 815 1 0 1.000000
-3.220980 -3.079190 0 8.111170 -1.879980 188.483000 1933.110000 -13 816 1 0 1.000000
-2.079770 -3.226600 0 3.643850 2.284220 206.794000 1933.170000 -13 817 1 0 1.000000
-1.357520 -1.045910 0 -10.225900 -19.679200 198.530000 1933.170000 -13 818 1 0 1.000000
-1.832780 0.154097 0 4.494530 -6.199870 194.656000 1933.110000 -13 819 1 0 1.000000
-0.782508 -2.434460 0 8.208750 -8.086200 189.208000 1933.230000 -13 820 1 0 1.000000
-2.232570 -1.174150 0 8.421560 11.057600 188.023000 1933.040000 -13 821 1 0 1.000000
-1.207690 -0.055604 0 -9.575320 16.565300 200.017000 1933.060000 -13 822 1 0 1.000000
0.076103 -0.981815 0 -6.769730 17.862000 193.628000 1933.080000 -13 823 1 0 1.000000
-2.313940 -1.312920 0 -1.106460 2.116270 189.538000 1933.210000 -13 824 1 0 1.000000
-3.810620 -2.486540 0 9.487860 -21.688900 195.125000 1933.270000 -13 825 1 0 1.000000
-1.084660 -1.385610 0 4.519780 8.637380 203.911000 1933.220000 -13 826 1 0 1.000000
-0.943047 -0.727022 0 -0.831358 -28.647600 199.300000 1933.310000 -13 827 1 0 1.000000
-0.853287 -0.200382 0 -6.439620 19.826800 206.620000 1933.120000 -13 828 1 0 1.000000
-2.492010 -3.654030 0 -14.197900 -6.865120 197.278000 1933.210000 -13 829 1 0 1.000000
-1.617000 -0.989681 0 5.558250 -9.291080 190.113000 1933.370000 -13 830 1 0 1.000000
-0.900338 -4.699910 0 6.385580 -14.949500 193.242000 1933.070000 -13 831 1 0 1.000000
-1.478260 -2.261560 0 1.169150 12.017900 197.832000 1933.130000 -13 832 1 0 1.000000
-2.005300 -0.502167 0 -3.988030 23.058600 192.499000 1930.380000 -13 833 1 0 1.000000
-2.830960 -2.579200 0 10.798900 4.980330 203.349000 1933.270000 -13 834 1 0 1.000000
-2.880510 -1.301530 0 -8.617970 -7.132850 191.948000 1933.220000 -13 835 1 0 1.000000
-0.678163 -1.024850 0 -1.209830 -9.022080 190.231000 1933.060000 -13 836 1 0 1.000000
-1.149200 -1.490120 0 -7.715110 7.398350 199.186000 1933.240000 -13 837 1 0 1.000000
-0.103431 0.898092 0 -13.069300 -0.333045 187.699000 1933.190000 -13 838 1 0 1.000000
-1.595060 1.159020 0 -2.783440 1.881690 203.103000 1933.260000 -13 839 1 0 1.000000
-1.922390 -1.614740 0 8.898690 -12.024400 188.248000 1933.220000 -13 840 1 0 1.000000
-1.474650 0.065892 0 -7.311670 -3.385960 186.594000 1933.080000 -13 841 1 0 1.000000
-1.876700 -0.569959 0 -7.683600 2.985570 186.035000 1933.120000 -13 842 1 0 1.000000
-0.098706 -1.871330 0 14.147000 4.335350 190.912000 1933.130000 -13 843 1 0 1.000000
0.292415 -2.858510 0 -8.071970 19.871700 188.321000 1933.080000 -13 844 1 0 1.000000
-2.835450 -1.174190 0 -1.422830 2.547700 203.251000 1933.300000 -13 845 1 0 1.000000
-3.044230 1.669020 0 -1.981060 -20.270700 202.174000 1933.270000 -13 846 1 0 1.000000
-0.550698 -4.025930 0 0.203814 6.053110 192.985000 1933.220000 -13 847 1 0 1.000000
-1.951710 -2.349200 0 2.446830 -16.819700 186.821000 1933.220000 -13 848 1 0 1.000000
0.228363 -1.620020 0 -5.148880 7.146490 189.476000 1933.160000 -13 849 1 0 1.000000
-1.596560 -1.382110 0 -7.275300 4.040710 190.957000 1933.290000 -13 850 1 0 1.000000
-2.424850 0.565460 0 -8.594860 3.710930 204.485000 1933.250000 -13 851 1 0 1.000000
-1.932620 -0.881838 0 -3.702930 17.150000 183.595000 1933.070000 -13 852 1 0 1.000000
0.480096 -4.792700 0 11.412600 -0.083455 184.938000 1933.170000 -13 853 1 0 1.000000
-2.364030 -1.830910 0 1.747250 -18.008300 204.082000 1933.260000 -13 854 1 0 1.000000
-3.104960 -1.455150 0 5.100290 -18.854000 200.483000 1933.220000 -13 855 1 0 1.000000
-1.812280 -2.211490 0 -11.816200 1.620290 186.595000 1933.110000 -13 856 1 0 1.000000
-2.182230 -3.450210 0 17.477500 -7.928310 204.058000 1933.110000 -13 857 1 0 1.000000
-1.439270 -0.234819 0 15.921300 8.045870 193.120000 1933.220000 -13 858 1 0 1.000000
-3.910130 -1.888390 0 -1.852640 0.772961 200.697000 1933.260000 -13 859 1 0 1.000000
-4.776490 -0.207090 0 -1.948350 -19.721800 190.257000 1933.260000 -13 860 1 0 1.000000
1.902620 1.349580 0 5.101190 -16.729100 192.989000 1933.180000 -13 861 1 0 1.000000
-1.343020 -3.067380 0 3.546340 -14.568400 187.076000 1933.240000 -13 862 1 0 1.000000
-1.425460 -1.325490 0 2.720580 -6.600440 177.535000 1933.220000 -13 863 1 0 1.000000
-0.461005 -1.289850 0 18.053100 3.553880 185.056000 1933.110000 -13 864 1 0 1.000000
0.607233 0.091408 0 -12.064600 3.617370 197.279000 1933.290000 -13 865 1 0 1.000000
-1.936560 -1.535800 0 8.979490 -4.584500 190.074000 1933.230000 -13 866 1 0 1.000000
-2.657160 0.437506 0 19.605300 5.880560 190.781000 1933.140000 -13 867 1 0 1.000000
-1.916410 1.534790 0 0.308303 6.874830 200.706000 1933.120000 -13 868 1 0 1.000000
1.100580 -0.596334 0 10.933200 31.769400 185.157000 1933.150000 -13 869 1 0 1.000000
0.559156 -1.155680 0 -12.591500 -8.890690 187.145000 1933.130000 -13 870 1 0 1.000000
-2.950480 0.877897 0 0.224338 10.248600 194.261000 1933.150000 -13 871 1 0 1.000000
-1.700750 -0.547332 0 9.695500 5.049950 180.055000 1933.030000 -13 872 1 0 1.000000
0.727815 1.633750 0 2.546810 1.619210 183.621000 1933.120000 -13 873 1 0 1.000000
-3.412890 -1.699870 0 -12.176500 -15.184700 183.799000 1933.180000 -13 874 1 0 1.000000
-0.993724 -5.975920 0 9.863740 7.410390 192.889000 1933.190000 -13 875 1 0 1.000000
1.534760 -1.669160 0 14.785900 -19.878500 185.563000 1933.130000 -13 876 1 0 1.000000
-1.342990 -4.956520 0 20.867400 -6.807520 189.828000 1933.160000 -13 877 1 0 1.000000
-0.995676 -0.112385 0 6.203030 -3.776080 199.176000 1933.210000 -13 878 1 0 1.000000
-2.914300 -2.042710 0 4.064720 -9.674150 190.343000 1933.190000 -13 879 1 0 1.000000
1.401900 0.252900 0 7.539410 -20.930500 207.377000 1933.130000 -13 880 1 0 1.000000
-1.261660 0.980306 0 1.036610 12.093300 179.081000 1933.120000 -13 881 1 0 1.000000
0.089284 0.392615 0 3.870280 -1.415630 194.349000 1933.070000 -13 882 1 0 1.000000
0.202208 -0.404783 0 -3.981060 7.038960 184.459000 1933.210000 -13 883 1 0 1.000000
-1.336830 -1.881250 0 -1.702950 5.497880 194.745000 1933.140000 -13 884 1 0 1.000000
-1.398540 -0.837306 0 19.171800 9.214490 188.500000 1933.140000 -13 885 1 0 1.000000
-1.683470 -3.797440 0 15.385400 -13.633700 188.603000 1933.230000 -13 886 1 0 1.000000
-0.667369 -1.922470 0 3.811270 -2.763670 192.146000 1933.030000 -13 887 1 0 1.000000
-2.348590 -0.992595 0 -3.830060 -3.510730 196.173000 1933.160000 -13 888 1 0 1.000000
-0.435360 -2.045680 0 0.828291 -19.142500 196.826000 1933.070000 -13 889 1 0 1.000000
-1.890730 -3.949860 0 -8.434520 0.537033 187.323000 1933.190000 -13 890 1 0 1.000000
1.339870 -1.292130 0 -21.573100 -20.557300 188.421000 1933.190000 -13 891 1 0 1.000000
0.707401 -4.736850 0 4.471550 12.310100 192.768000 1933.310000 -13 892 1 0 1.000000
-1.025780 -3.696590 0 11.523300 18.051400 197.503000 1933.060000 -13 893 1 0 1.000000
0.857556 0.044772 0 -1.828440 -4.248750 210.550000 1933.070000 -13 894 1 0 1.000000
-1.235080 -2.235690 0 16.163800 -16.090800 189.216000 1933.210000 -13 895 1 0 1.000000
0.370717 -1.235830 0 -14.728400 10.578600 199.280000 1933.180000 -13 896 1 0 1.000000
-2.147800 0.665829 0 -14.596500 9.851200 203.419000 1933.190000 -13 897 1 0 1.000000
-1.130700 -2.453810 0 2.272620 7.669040 190.091000 1933.090000 -13 898 1 0 1.000000
-2.546630 -1.472400 0 -3.358110 1.915040 198.391000 1933.150000 -13 899 1 0 1.000000
0.147690 -1.062780 0 -4.088170 3.281800 208.829000 1933.410000 -13 900 1 0 1.000000
-0.142475 0.081072 0 2.528450 21.459700 189.762000 1933.260000 -13 901 1 0 1.000000
0.659154 -3.708330 0 16.009300 4.535830 180.870000 1933.290000 -13 902 1 0 1.000000
-1.006580 0.537317 0 -6.583560 2.526520 194.109000 1933.100000 -13 903 1 0 1.000000
-1.408120 -1.004380 0 4.566000 -18.836600 195.255000 1933.170000 -13 904 1 0 1.000000
-1.580540 2.012220 0 -15.429200 5.285320 197.893000 1933.300000 -13 905 1 0 1.000000
-1.569490 -0.858067 0 7.524690 2.914330 193.386000 1933.120000 -13 906 1 0 1.000000
-0.232367 -1.318110 0 -10.432700 -4.734410 200.379000 1933.120000 -13 907 1 0 1.000000
-0.465544 -0.167609 0 -24.645100 -11.886100 216.412000 1933.280000 -13 908 1 0 1.000000
-0.954650 -1.746620 0 7.874510 -6.878250 193.633000 1933.060000 -13 909 1 0 1.000000
-3.591830 -5.009320 0 23.228400 -9.644540 199.307000 1933.330000 -13 910 1 0 1.000000
-3.415460 -1.276030 0 8.050310 0.505314 195.009000 1933.250000 -13 911 1 0 1.000000
-1.152570 -2.280190 0 -11.811500 5.153340 205.921000 1933.110000 -13 912 1 0 1.000000
-1.721920 -3.633720 0 6.193750 9.337570 202.138000 1933.120000 -13 913 1 0 1.000000
-2.309550 0.614115 0 -5.298370 -1.599370 195.712000 1933.170000 -13 914 1 0 1.000000
-1.640060 -2.375890 0 5.338580 9.393910 191.248000 1933.140000 -13 915 1 0 1.000000
-0.755900 -0.616713 0 -2.888100 -2.535820 192.681000 1933.110000 -13 916 1 0 1.000000
-0.778740 -1.382810 0 -5.905240 7.584000 185.840000 1933.240000 -13 917 1 0 1.000000
-1.336660 -0.379859 0 -12.213200 8.488780 182.517000 1933.180000 -13 918 1 0 1.000000
-2.614800 -1.709770 0 3.100020 -23.965800 186.407000 1933.180000 -13 919 1 0 1.000000
-0.943568 -0.226997 0 14.932300 1.021110 184.147000 1933.160000 -13 920 1 0 1.000000
-1.303880 -3.610030 0 -0.715944 -2.090890 189.079000 1933.180000 -13 921 1 0 1.000000
-1.874960 -3.845050 0 -10.634100 -16.882000 206.279000 1933.210000 -13 922 1 0 1.000000
-2.751360 -3.033630 0 11.856500 -2.559880 188.884000 1933.140000 -13 923 1 0 1.000000
-0.321343 -2.007760 0 -3.261170 9.230900 199.966000 1933.140000 -13 924 1 0 1.000000
0.395546 0.501799 0 -21.821000 22.742500 200.075000 1933.120000 -13 925 1 0 1.000000
-1.648660 -1.007790 0 -38.043400 -10.070600 172.223000 1933.300000 -13 926 1 0 1.000000
-0.252623 -0.739244 0 6.587740 -6.924650 192.942000 1933.200000 -13 927 1 0 1.000000
-1.255660 -3.827350 0 -15.557300 2.026250 195.604000 1933.190000 -13 928 1 0 1.000000
-2.579360 -0.654541 0 3.185010 -4.692870 181.482000 1933.160000 -13 929 1 0 1.000000
-3.181680 3.609570 0 3.887490 -5.978300 198.123000 1933.290000 -13 930 1 0 1.000000
0.658465 -2.094350 0 -2.414160 0.350781 197.138000 1933.240000 -13 931 1 0 1.000000
-3.429240 -1.059000 0 4.684500 12.074900 200.074000 1933.150000 -13 932 1 0 1.000000
0.211196 -2.243990 0 10.184500 14.586600 191.547000 1933.040000 -13 933 1 0 1.000000
-0.159439 -1.274450 0 -5.377900 14.826400 181.082000 1933.200000 -13 934 1 0 1.000000
-2.611600 -0.373773 0 -2.711190 -4.554920 195.994000 1933.280000 -13 935 1 0 1.000000
-3.667870 -2.075460 0 3.844080 -3.015200 209.807000 1933.250000 -13 936 1 0 1.000000
-2.445830 -0.662130 0 5.260590 14.261400 198.813000 1933.150000 -13 937 1 0 1.000000
-2.826830 -1.370750 0 4.917830 -8.480280 185.047000 1933.060000 -13 938 1 0 1.000000
-0.951072 -0.425037 0 0.994536 -10.812900 185.254000 1933.050000 -13 939 1 0 1.000000
-2.607190 -1.723450 0 3.206620 -16.540900 190.036000 1933.260000 -13 940 1 0 1.000000
-0.354297 -2.328740 0 2.061630 3.144220 188.484000 1933.230000 -13 941 1 0 1.000000
-1.415430 -2.966060 0 -5.058710 17.367900 183.795000 1933.110000 -13 942 1 0 1.000000
-1.628360 -3.437120 0 9.025550 -1.970970 191.315000 1933.210000 -13 943 1 0 1.000000
0.218935 -4.044040 0 6.066580 12.232500 198.819000 1933.350000 -13 944 1 0 1.000000
-0.483510 -3.297190 0 11.700600 1.880110 193.736000 1933.150000 -13 945 1 0 1.000000
0.319174 -1.758100 0 -15.884400 10.536100 181.199000 1933.290000 -13 946 1 0 1.000000
0.376652 -4.149480 0 0.842317 -16.139700 197.111000 1933.080000 -13 947 1 0 1.000000
-0.029679 -0.779203 0 -2.101070 26.106700 172.909000 1933.100000 -13 948 1 0 1.000000
-2.207480 -2.248030 0 -5.623510 2.441270 203.825000 1933.140000 -13 949 1 0 1.000000
-2.816120 -1.100020 0 -8.636820 -7.604680 194.603000 1933.330000 -13 950 1 0 1.000000
0.367354 0.389338 0 -10.994700 6.666130 200.206000 1933.280000 -13 951 1 0 1.000000
0.647191 -0.907625 0 -7.744510 15.075700 193.861000 1933.170000 -13 952 1 0 1.000000
-1.637520 -0.081223 0 -10.082100 7.615510 189.527000 1933.180000 -13 953 1 0 1.000000
0.781662 0.186446 0 -2.413020 -13.388600 191.324000 1933.050000 -13 954 1 0 1.000000
-3.204920 -3.552260 0 2.003280 -13.681900 204.458000 1933.170000 -13 955 1 0 1.000000
0.254894 -1.126150 0 6.361300 16.984000 196.011000 1933.160000 -13 956 1 0 1.000000
-0.900568 -1.937780 0 -10.043500 3.585200 196.640000 1933.100000 -13 957 1 0 1.000000
-2.660610 -3.727770 0 8.557950 -14.903000 193.248000 1933.100000 -13 958 1 0 1.000000
-3.213040 -2.835200 0 3.267690 -16.729500 200.121000 1933.140000 -13 959 1 0 1.000000
-1.854010 -1.063400 0 -1.333130 0.124302 193.577000 1933.130000 -13 960 1 0 1.000000
1.599120 -2.214000 0 -5.553950 -13.273000 187.509000 1933.230000 -13 961 1 0 1.000000
-3.117980 -1.178470 0 14.438300 7.526930 198.227000 1933.290000 -13 962 1 0 1.000000
-0.428205 -1.488690 0 6.443490 -6.758200 188.156000 1933.130000 -13 963 1 0 1.000000
-3.597840 -1.798350 0 -0.903996 -0.226985 194.507000 1933.160000 -13 964 1 0 1.000000
-1.251230 -0.032068 0 -7.981010 6.870500 190.275000 1933.170000 -13 965 1 0 1.000000
-0.492804 -2.860920 0 5.705630 -5.623840 191.820000 1933.080000 -13 966 1 0 1.000000
-0.314905 -3.521700 0 8.295260 6.830290 210.854000 1933.180000 -13 967 1 0 1.000000
-2.513080 -0.765920 0 4.889060 0.220024 204.288000 1933.170000 -13 968 1 0 1.000000
-2.490990 -0.390297 0 -10.328100 -2.278790 186.181000 1933.260000 -13 969 1 0 1.000000
-0.604569 -0.744364 0 -4.926690 10.309300 207.352000 1933.220000 -13 970 1 0 1.000000
-1.092600 -0.473186 0 -4.397100 -11.171600 186.721000 1933.140000 -13 971 1 0 1.000000
0.039801 -5.022980 0 -1.846720 0.813398 206.365000 1933.190000 -13 972 1 0 1.000000
-0.503754 -5.634080 0 22.229800 -3.486640 205.775000 1933.170000 -13 973 1 0 1.000000
-0.915643 -1.850320 0 -2.661790 7.358550 202.700000 1933.130000 -13 974 1 0 1.000000
-1.751150 -0.199212 0 -0.311468 8.728030 197.541000 1933.350000 -13 975 1 0 1.000000
-2.566080 -0.448485 0 9.385440 -21.281000 196.077000 1933.110000 -13 976 1 0 1.000000
-0.720462 -4.233570 0 -8.291400 4.617140 197.416000 1933.120000 -13 977 1 0 1.000000
-1.738170 1.484120 0 -12.431000 17.020200 206.369000 1933.210000 -13 978 1 0 1.000000
-2.691710 -0.892402 0 1.569650 -2.824570 203.324000 1933.250000 -13 979 1 0 1.000000
0.049062 -1.795700 0 4.330720 -17.679700 190.977000 1933.120000 -13 980 1 0 1.000000
-0.256918 -2.578330 0 17.542700 -3.167320 191.293000 1933.220000 -13 981 1 0 1.000000
-0.056397 0.985278 0 -8.167870 2.358900 181.118000 1933.030000 -13 982 1 0 1.000000
-0.908065 -2.415490 0 -5.498080 -1.016470 189.057000 1933.140000 -13 983 1 0 1.000000
-2.800710 -1.417590 0 9.308220 -20.128200 181.394000 1933.180000 -13 984 1 0 1.000000
-0.954957 1.144020 0 -8.068930 -2.840250 185.433000 1933.210000 -13 985 1 0 1.000000
-3.569000 -0.363777 0 -5.670140 -23.678300 200.268000 1933.220000 -13 986 1 0 1.000000
-2.862750 -1.456060 0 0.683057 11.079700 186.775000 1933.150000 -13 987 1 0 1.000000
-1.360070 -2.964110 0 26.962100 0.836093 183.841000 1933.220000 -13 988 1 0 1.000000
0.762484 -0.735976 0 -5.500320 15.606500 184.780000 1933.110000 -13 989 1 0 1.000000
-2.993370 -2.354550 0 14.332500 3.837710 195.594000 1933.080000 -13 990 1 0 1.000000
-0.915982 -2.130710 0 1.469140 -1.998390 181.375000 1933.170000 -13 991 1 0 1.000000
-2.634390 0.017738 0 11.406800 -15.738500 192.048000 1933.230000 -13 992 1 0 1.000000
-4.140520 -1.589640 0 -7.268860 -22.591900 203.915000 1933.080000 -13 993 1 0 1.000000
-2.826420 0.321455 0 -11.940600 -3.995890 201.195000 1933.020000 -13 994 1 0 1.000000
-0.649319 -5.189060 0 -7.950190 4.846650 194.216000 1933.070000 -13 995 1 0 1.000000
1.070470 -1.167530 0 1.601780 3.219430 199.245000 1933.100000 -13 996 1 0 1.000000
-2.306260 -1.509070 0 -15.730900 3.807910 186.176000 1933.220000 -13 997 1 0 1.000000
0.456583 -4.763150 0 3.635160 -5.678820 188.506000 1933.250000 -13 998 1 0 1.000000
-1.201110 -3.214750 0 -0.811835 -5.049920 175.365000 1933.140000 -13 999 1 0 1.000000
-0.597115 -1.405700 0 -2.335830 21.917100 193.627000 1933.200000 -13 1000 1 0 1.000000
-1.410650 -2.226330 0 -10.229100 -4.193480 185.949000 1933.270000 -13 1001 1 0 1.000000
-2.186780 -0.348540 0 -7.383310 3.387650 200.154000 1933.130000 -13 1002 1 0 1.000000
-0.497162 -2.862400 0 -4.702540 -0.324315 195.814000 1933.090000 -13 1003 1 0 1.000000
-1.264870 0.169291 0 1.341630 -6.811060 202.415000 1933.050000 -13 1004 1 0 1.000000
-0.667075 -1.118440 0 -13.973900 -21.749100 190.175000 1933.280000 -13 1005 1 0 1.000000
-2.322240 -3.348360 0 -17.118500 5.449700 202.023000 1933.070000 -13 1006 1 0 1.000000
-4.802480 -3.017290 0 8.161800 -2.384480 192.090000 1933.200000 -13 1007 1 0 1.000000
-0.629641 -1.379900 0 -6.733090 17.010900 204.425000 1933.120000 -13 1008 1 0 1.000000
-0.468188 -1.770560 0 -2.241790 10.837800 210.682000 1933.200000 -13 1009 1 0 1.000000
0.463054 -3.513990 0 -3.177520 -1.089760 186.981000 1933.330000 -13 1010 1 0 1.000000
-0.044009 -0.899932 0 -17.492100 -22.691900 180.522000 1933.220000 -13 1011 1 0 1.000000
-1.350990 -1.426830 0 -7.279720 11.705900 199.231000 1933.190000 -13 1012 1 0 1.000000
-0.034642 -0.794808 0 -1.800050 9.796510 184.436000 1933.210000 -13 1013 1 0 1.000000
-2.326250 -4.097540 0 23.978600 7.852100 212.362000 1933.290000 -13 1014 1 0 1.000000
-0.431427 -1.495430 0 -20.845100 -4.652990 204.420000 1933.170000 -13 1015 1 0 1.000000
1.274020 -2.078680 0 -3.125410 3.902010 204.042000 1933.140000 -13 1016 1 0 1.000000
-1.234670 -0.525362 0 1.339810 14.114000 193.936000 1933.030000 -13 1017 1 0 1.000000
1.353070 -1.970550 0 -4.453370 5.279290 208.443000 1933.160000 -13 1018 1 0 1.000000
1.447970 0.357638 0 -14.683800 20.299200 195.981000 1933.210000 -13 1019 1 0 1.000000
-0.115418 -3.120960 0 -9.650670 0.164144 187.322000 1933.160000 -13 1020 1 0 1.000000
-0.395364 -1.041810 0 15.695900 -5.801990 180.141000 1933.220000 -13 1021 1 0 1.000000
-0.474619 -2.613150 0 2.507030 -21.856800 191.332000 1933.200000 -13 1022 1 0 1.000000
-4.305740 -3.425260 0 7.953190 -13.508700 193.632000 1933.050000 -13 1023 1 0 1.000000
0.074361 -2.121380 0 1.510450 2.698100 194.064000 1933.120000 -13 1024 1 0 1.000000
-0.236054 -2.131260 0 2.119620 -2.704870 197.567000 1933.210000 -13 1025 1 0 1.000000
-2.533710 0.699439 0 0.862058 6.174830 200.974000 1933.100000 -13 1026 1 0 1.000000
-1.798810 -3.542370 0 -8.616720 -15.110900 208.350000 1933.080000 -13 1027 1 0 1.000000
1.423140 -2.000880 0 -9.962500 -12.123000 180.958000 1933.230000 -13 1028 1 0 1.000000
-2.173760 0.499598 0 -11.397100 -6.407660 199.360000 1933.150000 -13 1029 1 0 1.000000
-1.606690 2.085200 0 -10.830100 -1.850290 194.124000 1933.180000 -13 1030 1 0 1.000000
-2.361930 -1.372040 0 -4.789430 -10.337400 200.758000 1933.210000 -13 1031 1 0 1.000000
-1.479020 -1.344760 0 -11.918200 0.141316 198.980000 1933.230000 -13 1032 1 0 1.000000
0.833822 -2.150020 0 -8.987900 -9.862830 185.489000 1933.130000 -13 1033 1 0 1.000000
-0.069584 -0.732384 0 -12.498800 13.306300 205.468000 1933.120000 -13 1034 1 0 1.000000
-0.509876 -2.597600 0 1.518390 -8.733770 193.365000 1933.150000 -13 1035 1 0 1.000000
-2.649670 -2.821370 0 -13.113600 -3.851680 185.287000 1933.230000 -13 1036 1 0 1.000000
-2.202510 -3.138130 0 0.905080 -8.445550 191.719000 1933.160000 -13 1037 1 0 1.000000
1.192620 -1.064790 0 -15.506300 -9.660150 189.162000 1933.250000 -13 1038 1 0 1.000000
-3.250070 -4.804990 0 13.479300 3.951580 205.279000 1933.250000 -13 1039 1 0 1.000000
-0.123998 -2.739100 0 14.654600 -6.093590 197.900000 1933.220000 -13 1040 1 0 1.000000
-0.974780 0.252650 0 -1.435270 9.702910 188.359000 1933.080000 -13 1041 1 0 1.000000
-0.826633 -3.190150 0 4.044390 9.102610 189.239000 1933.230000 -13 1042 1 0 1.000000
-0.905435 -2.295160 0 12.931400 -2.325410 183.443000 1933.210000 -13 1043 1 0 1.000000
-2.179770 -3.560050 0 -11.223100 6.802130 205.031000 1933.150000 -13 1044 1 0 1.000000
-2.889250 -1.516300 0 6.415770 -14.249800 200.414000 1933.210000 -13 1045 1 0 1.000000
-0.404305 -2.090900 0 -1.520460 0.250559 200.226000 1933.200000 -13 1046 1 0 1.000000
-0.764744 1.358040 0 -4.231680 2.372940 192.242000 1933.200000 -13 1047 1 0 1.000000
-0.279810 -2.010180 0 -18.698700 -16.655900 191.896000 1933.080000 -13 1048 1 0 1.000000
-1.056630 1.414220 0 -9.528810 14.298100 208.299000 1933.160000 -13 1049 1 0 1.000000
-1.049500 -1.494970 0 -6.455580 4.983640 192.498000 1933.150000 -13 1050 1 0 1.000000
-4.074840 -2.623660 0 -14.272600 -0.835526 189.183000 1933.160000 -13 1051 1 0 1.000000
-0.842650 -0.821495 0 -11.533600 5.797660 188.244000 1933.060000 -13 1052 1 0 1.000000
-4.529550 -1.925520 0 1.723040 1.256850 194.259000 1933.120000 -13 1053 1 0 1.000000
-0.648188 -1.113370 0 6.583870 -13.769700 188.184000 1933.300000 -13 1054 1 0 1.000000
0.362251 -2.308000 0 -0.704836 14.479900 201.353000 1933.190000 -13 1055 1 0 1.000000
0.936239 -2.739320 0 3.039550 9.574880 195.893000 1933.200000 -13 1056 1 0 1.000000
0.728011 -2.328480 0 -4.121190 1.893510 185.708000 1933.260000 -13 1057 1 0 1.000000
-2.105110 -0.111113 0 5.610620 -3.054210 183.657000 1933.270000 -13 1058 1 0 1.000000
-1.665570 -0.972661 0 8.629190 1.193010 206.195000 1933.150000 -13 1059 1 0 1.000000
0.325422 0.181983 0 -7.906870 -2.561130 193.365000 1933.110000 -13 1060 1 0 1.000000
0.635749 -0.714055 0 -4.393060 11.373200 190.135000 1933.180000 -13 1061 1 0 1.000000
0.107792 -2.196610 0 -6.899520 1.059570 188.531000 1933.250000 -13 1062 1 0 1.000000
0.109148 0.220043 0 -12.439400 0.481385 190.275000 1933.230000 -13 1063 1 0 1.000000
-1.636420 0.647817 0 2.703890 -4.372050 191.116000 1933.120000 -13 1064 1 0 1.000000
-1.848590 -0.863044 0 1.612050 1.261790 202.170000 1933.110000 -13 1065 1 0 1.000000
-0.918424 -0.283620 0 -15.587300 -3.512590 186.042000 1933.250000 -13 1066 1 0 1.000000
-0.716760 -5.006310 0 -8.671130 -20.555300 196.066000 1933.090000 -13 1067 1 0 1.000000
0.282830 -1.623610 0 -9.397290 7.013900 188.724000 1933.300000 -13 1068 1 0 1.000000
0.906843 -2.056450 0 13.058800 5.565130 188.194000 1933.080000 -13 1069 1 0 1.000000
-2.337760 -2.034020 0 9.398720 3.749600 197.044000 1933.150000 -13 1070 1 0 1.000000
-3.188160 -1.440830 0 -20.504500 -22.370100 188.164000 1933.110000 -13 1071 1 0 1.000000
-0.770427 0.908017 0 -9.954690 24.660200 192.198000 1933.270000 -13 1072 1 0 1.000000
-0.177380 -2.119800 0 1.128590 -6.566900 194.743000 1933.240000 -13 1073 1 0 1.000000
-1.926030 -1.249290 0 -7.087160 8.952030 194.584000 1933.290000 -13 1074 1 0 1.000000
-4.479980 -2.077740 0 -5.585480 4.950530 195.452000 1933.210000 -13 1075 1 0 1.000000
1.075630 -2.961030 0 2.808550 -2.559200 186.031000 1933.230000 -13 1076 1 0 1.000000
-0.276783 1.936970 0 -9.435010 11.228200 193.384000 1933.170000 -13 1077 1 0 1.000000
