#BLTrackFile solenoid_cooling_channel
#x y z Px Py Pz t PDGid EvNum TrkId Parent weight
-6.321090 -11.071200 0 0.000000 0.000000 204.000000 190.079000 -13 1 1 0 1.000000
-33.176400 -36.075900 0 -7.980860 -20.367000 220.593000 189.907000 -13 2 1 0 1.000000
-61.501800 -19.990800 0 -9.235180 -24.247100 228.973000 189.970000 -13 3 1 0 1.000000
-27.257200 -16.266300 0 4.949640 -9.544860 219.875000 189.798000 -13 4 1 0 1.000000
-10.226200 -30.657700 0 -23.146800 1.702170 229.703000 189.789000 -13 5 1 0 1.000000
-22.204100 -25.832400 0 -20.890800 -11.079600 236.002000 189.828000 -13 6 1 0 1.000000
-13.927500 -23.566300 0 -5.417040 -18.210200 246.413000 190.042000 -13 7 1 0 1.000000
9.638650 34.384500 0 -13.980000 -25.819000 209.118000 190.553000 -13 8 1 0 1.000000
-22.389600 -24.717600 0 0.832077 -4.004950 211.677000 189.793000 -13 9 1 0 1.000000
2.414150 -31.798100 0 7.233290 8.480380 213.721000 189.916000 -13 10 1 0 1.000000
0.162826 -43.821400 0 -15.329500 17.468200 220.029000 190.166000 -13 11 1 0 1.000000
23.076100 -48.604500 0 -10.914500 16.135700 219.984000 190.149000 -13 12 1 0 1.000000
43.522100 -46.080900 0 -8.477130 -5.416130 226.171000 190.284000 -13 13 1 0 1.000000
26.037100 -72.725200 0 2.130050 -11.873500 222.438000 190.196000 -13 14 1 0 1.000000
4.465670 -15.948600 0 -13.802100 26.711400 213.661000 190.160000 -13 15 1 0 1.000000
28.090300 -62.439400 0 -4.055130 25.978000 219.854000 190.170000 -13 16 1 0 1.000000
21.194500 -61.072200 0 -11.299400 13.181300 222.513000 189.940000 -13 17 1 0 1.000000
-8.567830 -11.827700 0 -4.838240 19.685800 213.025000 190.088000 -13 18 1 0 1.000000
17.161100 9.339530 0 -20.905700 15.492400 224.341000 190.100000 -13 19 1 0 1.000000
3.584220 22.244300 0 4.736950 -5.803150 198.111000 189.889000 -13 20 1 0 1.000000
-19.526700 0.889364 0 -0.458047 24.758700 220.661000 189.715000 -13 21 1 0 1.000000
-16.108000 5.995090 0 7.549300 2.920620 229.479000 189.703000 -13 22 1 0 1.000000
-55.689200 -44.170900 0 -28.375900 5.594270 205.486000 189.860000 -13 23 1 0 1.000000
-2.934350 -9.239840 0 1.610360 -11.853600 198.833000 189.812000 -13 24 1 0 1.000000
-16.998400 39.056800 0 3.964650 -14.196100 221.003000 189.833000 -13 25 1 0 1.000000
9.072130 26.257600 0 -6.639650 16.689300 218.229000 189.838000 -13 26 1 0 1.000000
6.349870 12.555600 0 6.434840 -4.820130 216.501000 189.724000 -13 27 1 0 1.000000
-12.614700 -11.477600 0 1.207950 -7.702270 220.116000 190.391000 -13 28 1 0 1.000000
-24.933600 9.487020 0 8.216250 2.511430 235.368000 190.175000 -13 29 1 0 1.000000
-22.439400 -26.782600 0 -13.487900 -7.209920 225.810000 190.283000 -13 30 1 0 1.000000
-27.021600 -6.132540 0 5.815980 -10.777200 229.451000 190.292000 -13 31 1 0 1.000000
15.103700 26.014300 0 -13.172800 0.799415 221.368000 190.289000 -13 32 1 0 1.000000
-18.016300 -16.233500 0 9.691430 -25.358500 224.606000 190.407000 -13 33 1 0 1.000000
-28.520000 -2.737150 0 5.681230 -12.109700 228.666000 190.253000 -13 34 1 0 1.000000
-38.397300 -44.918100 0 2.045260 19.479100 219.769000 190.211000 -13 35 1 0 1.000000
-37.541500 11.400200 0 9.248790 -18.868400 233.652000 190.176000 -13 36 1 0 1.000000
-28.684500 -53.821900 0 13.726200 -8.799350 204.453000 190.472000 -13 37 1 0 1.000000
-6.204390 48.778200 0 -1.658290 -12.237500 244.439000 189.686000 -13 38 1 0 1.000000
-24.781500 -5.339220 0 5.990790 7.710220 219.130000 189.566000 -13 39 1 0 1.000000
29.721100 -22.252700 0 -11.492700 -2.222190 181.461000 190.323000 -13 40 1 0 1.000000
-13.924900 -13.871200 0 -31.114700 17.039300 197.315000 190.055000 -13 41 1 0 1.000000
-12.383100 -14.217900 0 -14.061700 12.472900 184.763000 190.068000 -13 42 1 0 1.000000
-47.145400 34.272500 0 -21.156500 17.115800 211.876000 190.282000 -13 43 1 0 1.000000
-30.634100 -8.643480 0 14.982000 -17.342700 186.762000 190.217000 -13 44 1 0 1.000000
-118.362000 22.329600 0 41.035900 -9.815290 260.370000 189.689000 -13 45 1 0 1.000000
-5.635500 6.067320 0 8.556010 -9.649580 194.296000 190.351000 -13 46 1 0 1.000000
-62.489200 26.405100 0 -1.322630 12.623500 208.990000 190.334000 -13 47 1 0 1.000000
-17.682000 27.989100 0 13.347500 10.370800 198.905000 190.279000 -13 48 1 0 1.000000
-37.681700 5.863870 0 7.594770 -13.257300 187.919000 190.306000 -13 49 1 0 1.000000
-90.912300 -13.687900 0 28.822000 -4.439810 226.227000 189.983000 -13 50 1 0 1.000000
17.600200 13.298800 0 18.021300 32.025800 222.210000 189.726000 -13 51 1 0 1.000000
37.317700 8.328500 0 -3.308000 -5.194550 187.862000 189.720000 -13 52 1 0 1.000000
-18.277400 5.782110 0 32.732000 13.098800 237.014000 190.013000 -13 53 1 0 1.000000
13.634300 -18.729500 0 -4.078490 -17.497700 178.365000 189.748000 -13 54 1 0 1.000000
12.035700 -13.137100 0 -36.405900 -4.718620 172.362000 190.191000 -13 55 1 0 1.000000
-4.849990 5.338180 0 25.059400 -8.157570 231.492000 190.684000 -13 56 1 0 1.000000
15.893400 -18.179900 0 0.178927 -1.385380 206.165000 189.852000 -13 57 1 0 1.000000
7.614440 -26.726400 0 21.587100 -10.041300 208.628000 189.834000 -13 58 1 0 1.000000
26.099400 -20.796400 0 2.250260 -5.682520 201.736000 189.874000 -13 59 1 0 1.000000
-6.676860 -26.812200 0 5.612170 -8.873470 198.183000 189.841000 -13 60 1 0 1.000000
-5.552220 -9.280680 0 14.102300 2.474370 201.106000 189.847000 -13 61 1 0 1.000000
25.159900 -0.720277 0 6.977700 -2.411570 194.114000 189.912000 -13 62 1 0 1.000000
6.148920 -8.736620 0 20.458800 -5.397320 198.099000 189.939000 -13 63 1 0 1.000000
8.719440 -15.608500 0 6.843280 -1.250180 196.056000 189.908000 -13 64 1 0 1.000000
-14.517000 -19.062700 0 14.057500 2.550560 187.336000 189.973000 -13 65 1 0 1.000000
-11.432600 33.665800 0 -1.492950 12.253300 221.171000 190.111000 -13 66 1 0 1.000000
30.558000 -69.729300 0 -11.077600 12.771900 201.197000 189.947000 -13 67 1 0 1.000000
-12.599300 7.380330 0 6.631040 11.306700 190.833000 190.249000 -13 68 1 0 1.000000
15.766400 28.130600 0 0.785010 4.462880 200.834000 190.253000 -13 69 1 0 1.000000
10.721600 21.401900 0 -0.037390 9.322160 192.209000 190.053000 -13 70 1 0 1.000000
-18.173600 45.331400 0 -2.679150 12.943900 203.726000 190.138000 -13 71 1 0 1.000000
0.133899 25.148800 0 6.141500 -1.444360 201.383000 190.262000 -13 72 1 0 1.000000
17.367800 -29.502200 0 -14.447800 29.921200 187.031000 190.074000 -13 73 1 0 1.000000
0.936565 6.053120 0 20.736900 29.144400 199.359000 190.240000 -13 74 1 0 1.000000
-9.483620 12.852200 0 -3.060780 -18.321500 210.376000 190.221000 -13 75 1 0 1.000000
-31.241700 19.314300 0 -3.819540 -9.906780 204.203000 189.866000 -13 76 1 0 1.000000
3.003440 -18.023700 0 16.188600 3.174590 213.551000 189.800000 -13 77 1 0 1.000000
-28.080900 -13.698500 0 3.062460 2.572650 213.352000 189.890000 -13 78 1 0 1.000000
-40.945500 10.011700 0 -6.784040 -1.497120 224.755000 189.843000 -13 79 1 0 1.000000
8.972410 -2.158180 0 7.268210 2.583700 219.489000 189.844000 -13 80 1 0 1.000000
-41.813200 -8.142360 0 -2.517320 -10.019000 209.893000 189.938000 -13 81 1 0 1.000000
-22.692900 -8.413470 0 -1.222020 -4.375820 206.488000 189.875000 -13 82 1 0 1.000000
-28.291300 -8.391040 0 1.434070 7.495940 212.100000 189.843000 -13 83 1 0 1.000000
-16.074400 -21.405600 0 9.008920 -0.302858 211.906000 189.861000 -13 84 1 0 1.000000
-6.483370 7.797770 0 10.720000 1.106380 227.076000 189.951000 -13 85 1 0 1.000000
-33.941300 10.540100 0 -3.628510 -0.584408 204.359000 189.823000 -13 86 1 0 1.000000
-32.957900 -25.779900 0 -6.013970 -2.763990 196.584000 189.788000 -13 87 1 0 1.000000
-31.949300 28.008700 0 0.400684 -12.876700 199.712000 189.874000 -13 88 1 0 1.000000
-13.883500 -17.052400 0 -3.722930 2.868950 210.136000 189.682000 -13 89 1 0 1.000000
-15.608100 -27.441400 0 -2.284060 12.224400 199.126000 189.755000 -13 90 1 0 1.000000
-23.090100 -19.000600 0 -3.006330 13.091500 191.663000 189.811000 -13 91 1 0 1.000000
-2.390640 -20.206300 0 -9.481990 -0.921625 199.318000 189.810000 -13 92 1 0 1.000000
-13.491500 -8.816270 0 -7.290730 -0.316632 203.585000 189.685000 -13 93 1 0 1.000000
4.340450 -5.901610 0 0.013326 -12.135900 185.453000 189.879000 -13 94 1 0 1.000000
-26.650200 -12.164200 0 -15.631500 5.656280 204.634000 189.810000 -13 95 1 0 1.000000
-23.986800 -17.753700 0 10.408200 3.339950 220.050000 189.788000 -13 96 1 0 1.000000
-14.062700 10.748700 0 7.372030 22.937500 221.176000 189.912000 -13 97 1 0 1.000000
-19.958700 -8.335130 0 7.836930 9.965470 221.421000 189.859000 -13 98 1 0 1.000000
-19.518900 -22.678600 0 4.550040 19.790100 209.524000 189.803000 -13 99 1 0 1.000000
-40.878400 0.579782 0 11.555700 4.944510 216.711000 189.871000 -13 100 1 0 1.000000
-21.671500 -2.728270 0 8.550880 -14.789600 212.916000 189.947000 -13 101 1 0 1.000000
-45.180400 -6.647130 0 10.140500 -1.467990 228.587000 189.749000 -13 102 1 0 1.000000
-69.788800 -12.572500 0 -4.104090 7.285330 230.243000 189.926000 -13 103 1 0 1.000000
-36.825100 -25.010000 0 24.150900 -5.514920 228.322000 190.058000 -13 104 1 0 1.000000
-13.507600 -18.530400 0 9.404080 -5.374820 187.167000 190.480000 -13 105 1 0 1.000000
-1.196150 -32.351200 0 11.763300 -1.395880 212.967000 190.352000 -13 106 1 0 1.000000
-25.581200 -27.536600 0 13.672800 -0.473657 197.586000 190.440000 -13 107 1 0 1.000000
-1.580290 -4.129560 0 15.397700 0.109852 204.127000 190.555000 -13 108 1 0 1.000000
11.596900 -26.418500 0 5.139640 4.381980 202.086000 190.576000 -13 109 1 0 1.000000
-58.798600 -8.719690 0 -2.400390 -6.525300 186.749000 190.308000 -13 110 1 0 1.000000
-4.173130 -23.027800 0 -23.510600 -21.755600 185.895000 190.065000 -13 111 1 0 1.000000
15.245600 -47.153100 0 17.708100 -1.151330 186.429000 190.515000 -13 112 1 0 1.000000
-50.137100 -2.353270 0 21.560200 2.498490 206.662000 190.535000 -13 113 1 0 1.000000
-15.649300 -44.640900 0 18.990400 -6.765050 187.701000 190.382000 -13 114 1 0 1.000000
-25.271200 9.203170 0 9.792110 -9.620060 201.236000 190.355000 -13 115 1 0 1.000000
-18.429600 31.917100 0 -0.842972 -8.026740 199.406000 190.127000 -13 116 1 0 1.000000
36.477800 -65.620000 0 1.567220 7.162190 204.375000 189.817000 -13 117 1 0 1.000000
-28.849200 -0.739978 0 -1.505080 -4.852570 195.830000 190.180000 -13 118 1 0 1.000000
-14.489400 22.339400 0 -10.389600 -8.724970 191.536000 190.181000 -13 119 1 0 1.000000
-46.144300 3.780970 0 -22.690600 13.011200 204.944000 190.192000 -13 120 1 0 1.000000
-6.265600 8.296980 0 -0.596487 -4.486840 185.562000 190.230000 -13 121 1 0 1.000000
-32.263400 22.337700 0 -3.008820 -1.059310 203.877000 190.263000 -13 122 1 0 1.000000
-33.249900 21.740400 0 3.306820 -5.848430 204.697000 190.141000 -13 123 1 0 1.000000
14.933300 10.378200 0 -25.363600 -1.165870 191.551000 190.074000 -13 124 1 0 1.000000
12.073100 -18.994900 0 22.763300 12.427000 195.094000 190.247000 -13 125 1 0 1.000000
-5.215360 -0.068272 0 25.249900 15.614400 199.853000 190.311000 -13 126 1 0 1.000000
19.037800 -17.577600 0 10.177400 -3.705200 192.427000 190.349000 -13 127 1 0 1.000000
15.058800 5.463950 0 12.300900 -3.893630 194.776000 190.418000 -13 128 1 0 1.000000
32.174300 -18.182100 0 -17.135700 3.047100 182.738000 190.450000 -13 129 1 0 1.000000
18.343700 -30.618000 0 6.394800 0.411810 184.645000 190.346000 -13 130 1 0 1.000000
4.806650 4.768960 0 -10.014800 -5.401570 206.289000 190.257000 -13 131 1 0 1.000000
22.104900 -5.218720 0 -8.061350 10.590200 196.106000 190.285000 -13 132 1 0 1.000000
11.334900 -10.538500 0 27.530300 19.144100 192.693000 190.445000 -13 133 1 0 1.000000
-4.070280 -27.588500 0 31.490000 10.399800 200.764000 190.290000 -13 134 1 0 1.000000
-24.355700 -11.291000 0 0.020346 -14.883100 219.487000 190.008000 -13 135 1 0 1.000000
-31.364500 6.972710 0 -22.919200 -13.822200 220.167000 190.226000 -13 136 1 0 1.000000
-7.392730 -28.390800 0 12.527100 -4.055960 208.758000 190.051000 -13 137 1 0 1.000000
-35.641000 -26.266100 0 -12.474200 -16.387900 219.870000 190.091000 -13 138 1 0 1.000000
-36.190700 -9.065070 0 -0.145026 -7.794400 220.629000 190.080000 -13 139 1 0 1.000000
-47.032000 -3.362540 0 -2.630120 -13.914700 218.493000 190.147000 -13 140 1 0 1.000000
-66.044600 -7.179260 0 10.080700 -10.163500 234.257000 190.144000 -13 141 1 0 1.000000
-56.342800 -17.290800 0 15.528400 -12.325300 209.777000 190.151000 -13 142 1 0 1.000000
-26.007400 28.308100 0 -3.414970 -21.213300 228.518000 190.151000 -13 143 1 0 1.000000
-5.353100 6.919350 0 -7.660100 -7.667770 218.139000 190.059000 -13 144 1 0 1.000000
-33.111300 -11.893300 0 14.961200 20.255300 225.510000 189.895000 -13 145 1 0 1.000000
-2.546150 0.743516 0 1.516450 -3.083850 224.479000 189.773000 -13 146 1 0 1.000000
-20.682200 8.183080 0 -8.434940 5.343830 216.641000 189.828000 -13 147 1 0 1.000000
1.335100 -34.328000 0 -42.795000 29.045000 252.697000 190.398000 -13 148 1 0 1.000000
-13.799000 -12.753300 0 11.024400 4.877370 233.577000 189.930000 -13 149 1 0 1.000000
-11.845600 -20.513200 0 -12.176800 3.596510 222.440000 189.841000 -13 150 1 0 1.000000
8.745980 -19.051100 0 3.821430 -2.842870 236.856000 189.943000 -13 151 1 0 1.000000
-18.823000 6.821670 0 16.292000 9.670130 219.551000 189.878000 -13 152 1 0 1.000000
-19.373500 -12.762000 0 1.977530 -23.154900 227.864000 189.838000 -13 153 1 0 1.000000
-24.254000 -20.588700 0 8.736610 6.877780 214.995000 189.801000 -13 154 1 0 1.000000
