#BLTrackFile solenoid_cooling_channel
#x y z Px Py Pz t PDGid EvNum TrkId Parent weight
-1.011640 -1.638660 0 0.000000 0.000000 193.000000 1933.190000 -13 1 1 0 1.000000
-1.628990 -1.735680 0 -1.227780 8.746460 194.531000 1933.170000 -13 2 1 0 1.000000
-0.114393 -3.039680 0 1.289240 5.077190 194.597000 1933.160000 -13 3 1 0 1.000000
0.025344 -2.155550 0 -1.146100 -5.117230 190.177000 1933.110000 -13 4 1 0 1.000000
-2.336990 0.731758 0 -8.292810 -1.301680 192.571000 1933.130000 -13 5 1 0 1.000000
-1.127150 -2.215130 0 6.196810 10.572400 207.174000 1933.130000 -13 6 1 0 1.000000
-2.973070 2.856870 0 -3.597500 -3.551480 195.436000 1933.220000 -13 7 1 0 1.000000
-0.147866 -1.622010 0 -2.931670 1.749070 196.734000 1933.140000 -13 8 1 0 1.000000
-2.120560 -1.001010 0 5.060760 4.743220 211.099000 1933.160000 -13 9 1 0 1.000000
-0.632499 -0.335576 0 -1.295280 -20.818900 188.096000 1933.110000 -13 10 1 0 1.000000
-1.823450 -4.280230 0 6.349560 0.624211 209.707000 1933.240000 -13 11 1 0 1.000000
-0.610023 -3.076790 0 8.873190 4.697160 198.730000 1933.130000 -13 12 1 0 1.000000
-0.628138 -2.381510 0 -8.536970 15.807300 193.780000 1933.170000 -13 13 1 0 1.000000
1.493680 -2.156920 0 -6.055040 3.166500 190.125000 1933.240000 -13 14 1 0 1.000000
-0.712867 -1.192460 0 13.152300 11.397100 188.367000 1933.200000 -13 15 1 0 1.000000
-1.899150 -1.717600 0 -4.928570 -1.001050 187.091000 1933.190000 -13 16 1 0 1.000000
-1.849990 -3.388700 0 15.801400 -4.068750 200.985000 1933.080000 -13 17 1 0 1.000000
-0.631544 -1.772760 0 1.904970 2.041540 195.346000 1933.080000 -13 18 1 0 1.000000
-2.915260 -2.012340 0 5.434800 4.080750 187.667000 1933.230000 -13 19 1 0 1.000000
-1.315000 -2.600370 0 0.149886 -12.013400 195.009000 1933.110000 -13 20 1 0 1.000000
-1.851750 0.752664 0 -14.839600 3.921640 206.106000 1933.200000 -13 21 1 0 1.000000
0.534901 -2.591570 0 11.908000 15.611700 197.359000 1933.070000 -13 22 1 0 1.000000
-4.567330 -0.057698 0 -20.896600 -10.846200 207.061000 1933.100000 -13 23 1 0 1.000000
-1.474520 -2.809390 0 0.368781 -10.896600 208.472000 1933.290000 -13 24 1 0 1.000000
-3.143960 1.295470 0 3.425180 -17.212700 196.167000 1933.120000 -13 25 1 0 1.000000
-2.296720 -2.914250 0 8.830320 -0.308650 192.519000 1933.190000 -13 26 1 0 1.000000
-1.689170 0.086309 0 -0.927336 10.471500 191.642000 1933.160000 -13 27 1 0 1.000000
-0.042187 -0.396020 0 4.447860 9.723190 196.203000 1933.090000 -13 28 1 0 1.000000
-1.511590 -3.836780 0 -9.656400 2.066650 197.178000 1933.030000 -13 29 1 0 1.000000
-1.221590 -1.051400 0 2.298630 -5.983820 182.259000 1933.060000 -13 30 1 0 1.000000
1.578450 -1.793620 0 1.245070 6.951560 185.104000 1933.180000 -13 31 1 0 1.000000
-0.549361 -1.267010 0 -2.803110 -4.922060 201.283000 1933.290000 -13 32 1 0 1.000000
0.135195 -4.685180 0 -14.200600 -2.291750 197.180000 1933.110000 -13 33 1 0 1.000000
-2.428600 0.205395 0 9.507570 -2.540470 198.008000 1933.270000 -13 34 1 0 1.000000
-1.277560 -0.003562 0 0.247017 2.166200 203.349000 1933.100000 -13 35 1 0 1.000000
0.134461 -2.494010 0 1.445210 -4.067210 194.987000 1933.140000 -13 36 1 0 1.000000
-0.599390 -2.415800 0 -11.222900 2.495200 209.674000 1933.260000 -13 37 1 0 1.000000
-0.700536 0.130464 0 5.415450 15.546100 184.069000 1933.160000 -13 38 1 0 1.000000
-3.691440 -0.986333 0 -10.612700 17.324800 183.725000 1933.240000 -13 39 1 0 1.000000
-0.678278 1.579140 0 -11.582600 -2.462970 189.386000 1933.210000 -13 40 1 0 1.000000
-1.113100 -1.691560 0 -1.397980 7.761430 194.199000 1933.260000 -13 41 1 0 1.000000
1.018560 -2.227540 0 1.874460 -7.529630 186.661000 1933.200000 -13 42 1 0 1.000000
-1.966420 -1.358100 0 -0.559884 -5.795610 195.810000 1933.210000 -13 43 1 0 1.000000
-0.790653 -2.164070 0 -2.945150 -0.593385 211.982000 1933.190000 -13 44 1 0 1.000000
-1.141490 -3.289710 0 5.771270 -20.843500 182.635000 1933.160000 -13 45 1 0 1.000000
1.026150 -2.202860 0 14.239800 -6.184220 207.089000 1933.350000 -13 46 1 0 1.000000
-0.926314 -1.522810 0 5.389290 8.391750 184.203000 1933.100000 -13 47 1 0 1.000000
-1.842480 -1.191710 0 2.124840 9.509100 208.705000 1933.310000 -13 48 1 0 1.000000
-0.318080 -0.913586 0 0.980122 13.087100 198.001000 1933.080000 -13 49 1 0 1.000000
-3.824700 -3.512660 0 10.118800 0.227467 195.900000 1933.150000 -13 50 1 0 1.000000
-0.108943 -1.764080 0 6.042400 8.522270 176.410000 1933.170000 -13 51 1 0 1.000000
1.298870 1.619870 0 -0.283469 -19.538500 195.131000 1933.240000 -13 52 1 0 1.000000
-0.284588 -0.467466 0 -7.822060 -18.321800 189.186000 1933.220000 -13 53 1 0 1.000000
-1.730660 -1.055850 0 7.761910 -1.063940 205.001000 1933.340000 -13 54 1 0 1.000000
-0.369307 -4.148950 0 5.128930 6.440730 190.850000 1933.200000 -13 55 1 0 1.000000
-1.651670 -4.050360 0 6.644870 -13.646600 202.923000 1933.170000 -13 56 1 0 1.000000
-2.580190 -4.963250 0 -4.381220 -1.075430 199.451000 1933.180000 -13 57 1 0 1.000000
-2.047720 0.612331 0 12.738000 14.573500 199.679000 1933.120000 -13 58 1 0 1.000000
0.063068 -0.929986 0 0.552052 21.076700 204.209000 1933.070000 -13 59 1 0 1.000000
0.274667 -3.055820 0 -0.270112 20.831300 198.435000 1933.070000 -13 60 1 0 1.000000
-0.075400 -0.376957 0 -7.728920 3.245420 190.972000 1933.150000 -13 61 1 0 1.000000
-1.372830 0.604230 0 -12.433800 8.218750 186.634000 1933.250000 -13 62 1 0 1.000000
-2.322310 -0.820006 0 -0.364069 -12.563700 192.315000 1933.200000 -13 63 1 0 1.000000
-2.984010 -3.290070 0 12.955800 -1.323710 210.060000 1933.130000 -13 64 1 0 1.000000
-0.862214 -1.909380 0 -2.446830 12.299300 195.589000 1933.280000 -13 65 1 0 1.000000
-3.376410 -0.253641 0 -11.179800 -11.579200 193.640000 1933.120000 -13 66 1 0 1.000000
1.679600 -1.165570 0 -11.923500 -2.408290 196.839000 1933.260000 -13 67 1 0 1.000000
0.473370 0.568481 0 -12.218500 -0.907511 190.433000 1933.110000 -13 68 1 0 1.000000
-1.320640 -4.067810 0 -2.257470 0.636667 191.174000 1933.110000 -13 69 1 0 1.000000
-2.548890 -0.219841 0 -14.993800 17.330000 197.053000 1933.060000 -13 70 1 0 1.000000
-2.116520 -1.644920 0 9.801010 -15.718100 192.525000 1933.200000 -13 71 1 0 1.000000
-1.183380 0.618446 0 8.311810 1.630530 212.719000 1933.180000 -13 72 1 0 1.000000
-3.017990 -1.739920 0 10.923200 -14.403400 212.486000 1933.270000 -13 73 1 0 1.000000
-3.508550 -2.607780 0 13.583300 -4.322080 189.539000 1933.110000 -13 74 1 0 1.000000
-3.240760 -2.931230 0 3.619760 17.707800 186.397000 1933.050000 -13 75 1 0 1.000000
0.456884 2.516430 0 -14.570500 7.102330 195.459000 1933.060000 -13 76 1 0 1.000000
-1.748430 -1.990060 0 -17.029900 3.821780 215.755000 1933.310000 -13 77 1 0 1.000000
-0.185312 -2.217360 0 -23.410700 -10.501300 177.695000 1933.210000 -13 78 1 0 1.000000
-4.534330 -1.733000 0 -2.186370 11.092100 214.788000 1933.160000 -13 79 1 0 1.000000
-1.760910 -4.352980 0 1.649730 -4.848230 191.439000 1932.990000 -13 80 1 0 1.000000
-2.699030 0.591375 0 -25.432900 -5.048650 180.739000 1933.070000 -13 81 1 0 1.000000
-0.421976 0.320978 0 -0.814919 17.899700 202.684000 1933.020000 -13 82 1 0 1.000000
-2.211690 -1.427900 0 5.346410 9.281430 188.782000 1933.080000 -13 83 1 0 1.000000
-1.746670 -2.766310 0 11.864400 -13.156500 196.501000 1933.120000 -13 84 1 0 1.000000
-1.625070 -1.866450 0 -10.837400 -2.027280 180.443000 1933.140000 -13 85 1 0 1.000000
-2.425380 -4.460980 0 5.275580 -15.743000 198.395000 1933.100000 -13 86 1 0 1.000000
-2.085320 -1.950610 0 -5.383780 2.969650 187.513000 1933.110000 -13 87 1 0 1.000000
-1.605930 0.123200 0 -13.548700 -3.332060 203.157000 1933.130000 -13 88 1 0 1.000000
-0.865010 -0.350811 0 2.157170 -8.136600 188.007000 1933.300000 -13 89 1 0 1.000000
-1.265710 1.600320 0 -12.937400 2.718130 181.066000 1933.230000 -13 90 1 0 1.000000
-2.035350 -1.730140 0 1.459120 -22.090500 197.480000 1933.130000 -13 91 1 0 1.000000
-0.673182 -2.330190 0 5.826900 -11.094000 187.115000 1933.090000 -13 92 1 0 1.000000
-1.912680 -0.771392 0 0.183096 -15.527800 194.350000 1933.170000 -13 93 1 0 1.000000
-0.873086 -1.614000 0 7.642380 -10.727700 206.565000 1933.150000 -13 94 1 0 1.000000
1.414480 -2.022750 0 -9.775130 -5.323020 191.865000 1933.180000 -13 95 1 0 1.000000
-1.463980 -1.941580 0 1.499140 12.583800 198.705000 1933.240000 -13 96 1 0 1.000000
-3.444870 0.286138 0 -4.577570 1.095050 209.951000 1933.160000 -13 97 1 0 1.000000
2.109150 -3.673840 0 1.026610 15.092900 200.433000 1933.150000 -13 98 1 0 1.000000
-3.915130 -1.290100 0 -6.342820 10.312400 213.259000 1933.100000 -13 99 1 0 1.000000
-3.950710 -0.048118 0 4.485290 30.304200 185.422000 1933.160000 -13 100 1 0 1.000000
-2.697790 -1.015900 0 10.323600 1.656740 186.452000 1933.100000 -13 101 1 0 1.000000
-2.032030 -1.946970 0 -15.267900 -8.763030 191.137000 1933.030000 -13 102 1 0 1.000000
0.151437 -2.392540 0 -0.121782 -6.384790 185.445000 1933.170000 -13 103 1 0 1.000000
1.759100 -1.750110 0 7.164300 -1.162460 193.878000 1933.110000 -13 104 1 0 1.000000
-0.381499 -2.294420 0 15.592900 -18.095900 194.063000 1933.220000 -13 105 1 0 1.000000
-1.160080 1.879580 0 -9.998990 -1.079510 183.507000 1933.240000 -13 106 1 0 1.000000
-0.889170 0.370274 0 -19.123600 3.702010 197.655000 1933.090000 -13 107 1 0 1.000000
0.953593 -0.341702 0 -2.501080 -1.789590 195.941000 1933.090000 -13 108 1 0 1.000000
-1.985150 0.753485 0 -8.946500 4.567660 199.281000 1933.120000 -13 109 1 0 1.000000
-2.603230 -4.607690 0 -6.942110 -5.995260 192.194000 1933.040000 -13 110 1 0 1.000000
-1.241940 -0.398456 0 -12.214800 -1.274760 205.095000 1933.130000 -13 111 1 0 1.000000
1.863930 0.021822 0 -7.726260 17.497700 183.381000 1933.200000 -13 112 1 0 1.000000
-1.763830 -2.453540 0 -9.069940 11.727800 208.261000 1933.240000 -13 113 1 0 1.000000
-1.426030 0.004699 0 11.449700 9.275330 191.854000 1933.150000 -13 114 1 0 1.000000
-1.744870 0.285455 0 11.887600 11.130200 186.705000 1933.120000 -13 115 1 0 1.000000
0.320290 -2.543140 0 -3.697560 -4.721610 197.152000 1933.190000 -13 116 1 0 1.000000
2.243800 -5.077470 0 7.098640 3.854940 187.342000 1933.180000 -13 117 1 0 1.000000
-1.232360 0.317056 0 0.505207 -6.489980 183.991000 1933.180000 -13 118 1 0 1.000000
-2.613280 -0.691785 0 -4.265650 -11.890300 208.022000 1933.240000 -13 119 1 0 1.000000
-0.912078 -3.114480 0 20.410600 -13.999700 196.654000 1933.130000 -13 120 1 0 1.000000
1.446610 -4.849290 0 7.482160 9.758590 188.415000 1933.230000 -13 121 1 0 1.000000
-0.676293 -1.229190 0 -3.257050 -2.196210 190.565000 1933.270000 -13 122 1 0 1.000000
1.209610 -3.646090 0 10.045100 16.231600 185.102000 1933.130000 -13 123 1 0 1.000000
0.313191 -3.785310 0 3.111260 10.830900 199.400000 1933.250000 -13 124 1 0 1.000000
-1.313770 1.292500 0 3.376960 2.138830 195.010000 1933.100000 -13 125 1 0 1.000000
-0.766346 -0.257625 0 -3.538680 20.787300 186.128000 1933.120000 -13 126 1 0 1.000000
1.022930 -0.335881 0 -4.051970 23.075400 206.136000 1933.230000 -13 127 1 0 1.000000
-1.949760 -0.574550 0 3.715620 8.790120 205.947000 1933.220000 -13 128 1 0 1.000000
0.807478 -2.911710 0 3.322350 -5.232090 186.596000 1933.320000 -13 129 1 0 1.000000
-1.730110 -2.482480 0 -5.271600 6.119850 200.064000 1933.170000 -13 130 1 0 1.000000
-1.022110 -0.900004 0 -4.368330 14.658500 190.832000 1933.110000 -13 131 1 0 1.000000
-2.928380 -3.897360 0 5.414340 -12.428300 200.691000 1933.180000 -13 132 1 0 1.000000
-1.984180 -1.238870 0 -2.098880 6.997980 206.568000 1933.230000 -13 133 1 0 1.000000
-1.080800 -2.516110 0 12.857100 -5.715290 202.984000 1933.110000 -13 134 1 0 1.000000
-1.661220 -0.737452 0 8.029270 -7.642670 213.528000 1933.160000 -13 135 1 0 1.000000
-1.967480 -0.577842 0 -7.026540 -3.425070 198.093000 1933.090000 -13 136 1 0 1.000000
-1.843400 -1.916130 0 -5.674200 -18.631600 192.731000 1933.250000 -13 137 1 0 1.000000
-1.069790 -3.458470 0 3.180550 2.362420 186.691000 1933.100000 -13 138 1 0 1.000000
0.238899 -0.462632 0 15.115700 -0.432107 194.806000 1933.140000 -13 139 1 0 1.000000
2.507590 -1.658160 0 -9.383110 14.250900 193.793000 1933.030000 -13 140 1 0 1.000000
0.880198 -2.512520 0 13.541100 -5.657640 186.300000 1933.140000 -13 141 1 0 1.000000
-0.844314 -3.330160 0 -19.046500 3.107080 195.578000 1933.150000 -13 142 1 0 1.000000
-1.336240 -3.293890 0 4.929220 9.788760 188.254000 1933.240000 -13 143 1 0 1.000000
-2.306130 -4.233550 0 -1.578940 13.080600 182.922000 1933.230000 -13 144 1 0 1.000000
0.585536 -2.624310 0 8.295210 17.503300 197.275000 1933.150000 -13 145 1 0 1.000000
-2.083820 -3.770850 0 -16.163000 -4.687840 205.832000 1933.220000 -13 146 1 0 1.000000
0.321866 -2.393900 0 10.416000 7.363610 187.569000 1933.180000 -13 147 1 0 1.000000
-0.602716 -2.781080 0 0.971795 15.370400 191.025000 1933.110000 -13 148 1 0 1.000000
-3.567110 -1.851550 0 -4.537060 2.291980 190.131000 1933.060000 -13 149 1 0 1.000000
-0.808823 -1.542280 0 -12.138600 5.176060 187.199000 1933.150000 -13 150 1 0 1.000000
0.626131 -0.053594 0 6.055200 -7.616180 197.649000 1933.180000 -13 151 1 0 1.000000
-3.637370 -5.068500 0 -19.026500 4.402920 200.173000 1933.200000 -13 152 1 0 1.000000
-1.241100 -0.698315 0 6.280650 -5.078340 192.029000 1933.400000 -13 153 1 0 1.000000
-1.538320 -3.747800 0 -9.774350 4.984780 194.069000 1933.060000 -13 154 1 0 1.000000
-0.236318 -0.826494 0 8.730680 -17.010300 202.664000 1933.210000 -13 155 1 0 1.000000
-1.249770 -0.984570 0 8.546320 -5.078890 202.121000 1933.060000 -13 156 1 0 1.000000
-1.780940 -2.397880 0 0.281104 4.922870 199.480000 1933.400000 -13 157 1 0 1.000000
0.111318 -4.357870 0 0.372601 -0.227282 189.443000 1933.080000 -13 158 1 0 1.000000
-3.666870 -1.971940 0 3.289430 6.513980 199.748000 1933.170000 -13 159 1 0 1.000000
-2.158310 -0.744711 0 -5.695930 3.267440 193.808000 1933.070000 -13 160 1 0 1.000000
-2.873290 -4.231060 0 -15.532100 3.876030 198.351000 1933.300000 -13 161 1 0 1.000000
1.769510 -1.892490 0 -6.678540 1.696080 183.012000 1933.100000 -13 162 1 0 1.000000
-0.158060 -1.614240 0 10.648700 -11.309300 194.113000 1933.270000 -13 163 1 0 1.000000
-0.091565 -1.082670 0 5.439850 -2.516820 192.026000 1933.090000 -13 164 1 0 1.000000
-0.042645 -2.756350 0 24.650200 -5.561480 194.236000 1933.070000 -13 165 1 0 1.000000
-2.741580 -4.354640 0 -6.885560 -5.926380 196.716000 1933.130000 -13 166 1 0 1.000000
0.801164 0.165254 0 -2.821840 2.029050 192.150000 1933.130000 -13 167 1 0 1.000000
-0.014913 -3.185390 0 0.812019 -2.347720 212.641000 1933.200000 -13 168 1 0 1.000000
-1.334220 -0.224700 0 18.143600 9.942030 199.541000 1933.090000 -13 169 1 0 1.000000
-1.984780 -0.850353 0 -12.600400 4.670490 201.098000 1933.120000 -13 170 1 0 1.000000
1.690840 0.991271 0 -10.135100 15.247500 207.910000 1933.200000 -13 171 1 0 1.000000
-2.783320 -0.641904 0 4.789470 15.313600 206.370000 1933.220000 -13 172 1 0 1.000000
-3.769130 -1.728160 0 -14.194400 -18.825100 182.673000 1933.220000 -13 173 1 0 1.000000
1.235570 -3.961890 0 3.730820 -2.529780 195.000000 1933.180000 -13 174 1 0 1.000000
-1.415490 -1.072330 0 -3.479700 -18.208500 187.339000 1933.200000 -13 175 1 0 1.000000
-3.174960 1.710810 0 -2.776370 -21.194400 200.124000 1933.160000 -13 176 1 0 1.000000
-0.395570 -2.104960 0 -1.480540 15.730500 196.710000 1933.340000 -13 177 1 0 1.000000
-0.583500 -1.863920 0 28.344200 1.313430 198.092000 1933.160000 -13 178 1 0 1.000000
-2.137900 0.985360 0 -1.827810 -6.086620 193.135000 1933.230000 -13 179 1 0 1.000000
-2.584020 -3.201810 0 9.043670 -2.717900 198.385000 1933.070000 -13 180 1 0 1.000000
-0.096537 -2.504000 0 -1.270030 -11.120100 190.522000 1933.210000 -13 181 1 0 1.000000
1.090390 -0.361579 0 -3.322360 10.231900 196.759000 1933.080000 -13 182 1 0 1.000000
0.198651 -3.243400 0 15.606500 -0.520077 188.385000 1933.280000 -13 183 1 0 1.000000
-3.177330 -3.234330 0 -13.643900 13.961200 208.972000 1933.130000 -13 184 1 0 1.000000
-0.656009 -1.230960 0 -2.918860 -9.209510 189.127000 1933.130000 -13 185 1 0 1.000000
-1.248000 -0.428032 0 -9.327700 -0.731651 178.604000 1933.080000 -13 186 1 0 1.000000
-1.891280 -1.306340 0 12.705900 6.702930 195.005000 1933.050000 -13 187 1 0 1.000000
-1.109340 0.707083 0 -10.286800 2.091610 192.496000 1933.080000 -13 188 1 0 1.000000
-3.084220 -3.428230 0 2.893370 7.413770 208.145000 1933.180000 -13 189 1 0 1.000000
0.810014 0.778708 0 -13.876800 4.056560 206.589000 1933.100000 -13 190 1 0 1.000000
-0.677759 -3.153120 0 5.541520 -11.226700 193.337000 1933.320000 -13 191 1 0 1.000000
0.335490 0.600746 0 -1.446460 19.096900 199.116000 1933.130000 -13 192 1 0 1.000000
-0.646835 -1.582420 0 -7.898880 25.133600 186.446000 1933.270000 -13 193 1 0 1.000000
-1.257900 0.462923 0 1.777930 7.682860 187.591000 1933.120000 -13 194 1 0 1.000000
-1.346840 -1.662310 0 14.485100 0.651870 194.829000 1933.170000 -13 195 1 0 1.000000
1.284860 -0.783635 0 -0.150591 -14.675500 182.514000 1933.310000 -13 196 1 0 1.000000
-1.687110 -1.738070 0 15.977100 -18.698100 193.697000 1933.110000 -13 197 1 0 1.000000
-0.273048 -0.003634 0 -10.090000 4.690530 185.870000 1933.280000 -13 198 1 0 1.000000
-1.428430 0.325868 0 17.059300 21.100400 196.044000 1933.190000 -13 199 1 0 1.000000
-2.930880 -0.973364 0 -27.520400 -10.156100 187.551000 1933.220000 -13 200 1 0 1.000000
-1.561740 1.452050 0 -7.669830 0.917232 184.318000 1933.130000 -13 201 1 0 1.000000
1.104490 -3.703960 0 6.881260 2.486610 204.336000 1933.330000 -13 202 1 0 1.000000
-0.731454 -1.620250 0 9.132030 -7.433280 182.444000 1933.180000 -13 203 1 0 1.000000
-3.439030 0.519481 0 -4.057200 -4.411180 202.892000 1933.200000 -13 204 1 0 1.000000
-5.204670 -0.703611 0 -1.307910 6.991920 191.526000 1933.070000 -13 205 1 0 1.000000
-2.958930 -2.695730 0 -3.563800 -2.148600 196.693000 1933.100000 -13 206 1 0 1.000000
-2.992720 -3.189940 0 2.996370 4.589490 186.789000 1933.210000 -13 207 1 0 1.000000
-0.942266 -1.727710 0 -4.091260 9.193070 191.750000 1933.190000 -13 208 1 0 1.000000
-2.148690 -4.312210 0 -5.904030 -0.947388 187.420000 1933.170000 -13 209 1 0 1.000000
-2.684950 -3.858280 0 6.211650 -6.446850 193.505000 1933.210000 -13 210 1 0 1.000000
-0.084692 -0.969458 0 10.266200 18.888500 208.995000 1933.180000 -13 211 1 0 1.000000
-0.954710 -1.963360 0 -19.831700 -10.625400 189.357000 1933.190000 -13 212 1 0 1.000000
-1.404320 -0.790308 0 0.562865 -14.937500 204.233000 1933.370000 -13 213 1 0 1.000000
-2.035390 -0.106647 0 -2.739170 7.949460 192.607000 1933.080000 -13 214 1 0 1.000000
-1.217510 -2.561930 0 8.909160 17.753300 205.160000 1933.180000 -13 215 1 0 1.000000
-0.361368 -0.632670 0 17.955700 0.757386 188.446000 1933.300000 -13 216 1 0 1.000000
-1.052650 -3.746880 0 16.729600 4.296500 188.972000 1933.280000 -13 217 1 0 1.000000
-1.544850 -2.659500 0 -22.393600 -4.499680 186.871000 1933.130000 -13 218 1 0 1.000000
-2.603640 -2.455850 0 0.300326 -17.409600 184.969000 1933.150000 -13 219 1 0 1.000000
-0.978979 -4.877110 0 8.909970 9.674220 200.468000 1933.030000 -13 220 1 0 1.000000
-2.844950 -1.930300 0 1.349340 -5.275460 187.513000 1933.250000 -13 221 1 0 1.000000
-1.602080 -1.660910 0 6.968980 8.784930 183.714000 1933.130000 -13 222 1 0 1.000000
-0.529083 -4.058960 0 12.485000 2.343080 194.082000 1933.310000 -13 223 1 0 1.000000
-0.144742 -4.389880 0 4.604290 -15.494700 184.096000 1933.410000 -13 224 1 0 1.000000
-0.302581 -3.557130 0 4.498810 -17.304300 198.989000 1933.200000 -13 225 1 0 1.000000
-1.779860 -1.702280 0 6.210930 -6.657620 195.320000 1933.170000 -13 226 1 0 1.000000
-1.498980 -2.203010 0 -6.696100 7.094750 207.144000 1933.260000 -13 227 1 0 1.000000
-1.889310 -2.538080 0 17.499800 19.265800 213.163000 1933.220000 -13 228 1 0 1.000000
1.531870 -6.172430 0 7.915820 -0.445753 199.487000 1933.140000 -13 229 1 0 1.000000
-0.543876 -2.583120 0 -7.513860 -4.041300 190.508000 1933.130000 -13 230 1 0 1.000000
-1.337640 -0.310065 0 1.088650 12.182300 193.928000 1933.210000 -13 231 1 0 1.000000
1.014590 -2.200940 0 15.231000 2.068890 190.987000 1933.120000 -13 232 1 0 1.000000
0.861211 -2.155340 0 8.290120 -7.471600 184.713000 1933.080000 -13 233 1 0 1.000000
-1.127940 0.599515 0 9.722940 -7.108810 204.727000 1933.150000 -13 234 1 0 1.000000
2.215210 -3.139220 0 -0.048303 -5.241270 187.852000 1933.120000 -13 235 1 0 1.000000
-0.369866 2.338470 0 12.945000 -1.226060 200.366000 1933.140000 -13 236 1 0 1.000000
0.371951 -2.917090 0 -3.525920 -15.776000 179.176000 1933.090000 -13 237 1 0 1.000000
0.960614 0.200653 0 -10.879100 -14.564900 186.821000 1933.190000 -13 238 1 0 1.000000
-1.994930 0.047099 0 -18.909800 -13.275700 192.958000 1933.150000 -13 239 1 0 1.000000
-2.783010 -3.285270 0 -9.902350 9.466050 185.048000 1933.070000 -13 240 1 0 1.000000
-3.796180 -0.564087 0 -4.400170 -13.948500 201.485000 1933.100000 -13 241 1 0 1.000000
-1.966700 -1.415710 0 5.466070 -2.943630 187.783000 1933.180000 -13 242 1 0 1.000000
-4.050070 -3.950450 0 12.851500 4.105510 187.397000 1933.270000 -13 243 1 0 1.000000
0.929108 1.070850 0 -2.126160 5.596180 194.820000 1933.270000 -13 244 1 0 1.000000
1.162820 0.214619 0 -11.936900 15.150900 195.864000 1933.220000 -13 245 1 0 1.000000
-0.556724 -4.056340 0 1.508460 4.006070 210.874000 1933.180000 -13 246 1 0 1.000000
-2.768130 -0.512048 0 1.714530 -23.055500 193.800000 1933.160000 -13 247 1 0 1.000000
-1.154180 -3.177460 0 0.392792 -14.217200 201.801000 1933.150000 -13 248 1 0 1.000000
-1.490880 -3.283770 0 2.917990 5.664910 208.102000 1933.250000 -13 249 1 0 1.000000
-3.976420 -1.425270 0 3.533360 -5.790530 194.668000 1933.190000 -13 250 1 0 1.000000
0.042346 -0.889701 0 3.824470 -3.726960 190.960000 1933.170000 -13 251 1 0 1.000000
-1.548680 -3.905030 0 10.214200 -7.109430 205.969000 1933.130000 -13 252 1 0 1.000000
-1.836340 0.443349 0 0.188023 -23.043100 211.645000 1933.190000 -13 253 1 0 1.000000
0.344394 -1.269150 0 11.665900 7.832450 180.457000 1933.080000 -13 254 1 0 1.000000
-1.341120 -1.181460 0 10.383400 -17.756000 191.856000 1933.150000 -13 255 1 0 1.000000
-2.506160 -0.078922 0 -16.180100 -13.136200 196.313000 1933.150000 -13 256 1 0 1.000000
-3.186740 0.096736 0 19.159800 10.892900 208.248000 1933.150000 -13 257 1 0 1.000000
0.689885 -2.633560 0 -2.783070 7.872530 194.643000 1933.270000 -13 258 1 0 1.000000
-3.243350 -0.304073 0 -15.488700 2.320920 208.617000 1933.140000 -13 259 1 0 1.000000
-1.125380 0.959943 0 -13.779700 19.994800 184.486000 1933.190000 -13 260 1 0 1.000000
-1.197530 -3.170800 0 -2.265150 4.228800 187.234000 1933.240000 -13 261 1 0 1.000000
-1.048220 -0.249268 0 -6.111200 16.562300 199.831000 1933.160000 -13 262 1 0 1.000000
-1.434400 -3.132400 0 -4.887790 3.515930 202.828000 1933.090000 -13 263 1 0 1.000000
-1.291120 -1.456380 0 -5.279300 -5.635790 207.585000 1933.130000 -13 264 1 0 1.000000
0.606127 1.023370 0 5.129930 2.764660 192.505000 1933.180000 -13 265 1 0 1.000000
-2.352840 0.102644 0 -11.203500 19.258100 185.916000 1933.220000 -13 266 1 0 1.000000
-2.271160 0.754070 0 -10.040200 -12.132200 183.830000 1933.180000 -13 267 1 0 1.000000
-0.090061 -3.052340 0 10.759200 -4.335410 211.199000 1933.220000 -13 268 1 0 1.000000
-2.390460 -2.075610 0 -12.611400 2.163470 190.268000 1933.170000 -13 269 1 0 1.000000
-1.188560 -0.221353 0 -5.749480 16.111500 207.903000 1933.200000 -13 270 1 0 1.000000
-2.336200 -2.687490 0 0.799539 -4.802290 195.674000 1933.210000 -13 271 1 0 1.000000
-1.127260 -4.665860 0 13.219200 -18.482800 185.043000 1933.240000 -13 272 1 0 1.000000
-0.792129 -4.355710 0 4.669830 21.492300 199.884000 1933.200000 -13 273 1 0 1.000000
1.415300 0.647829 0 -1.204140 11.042800 183.854000 1933.270000 -13 274 1 0 1.000000
0.204385 -0.105194 0 -2.680040 11.347500 184.296000 1933.120000 -13 275 1 0 1.000000
-4.074000 -2.102410 0 4.373260 -12.162100 195.164000 1933.150000 -13 276 1 0 1.000000
0.227962 -3.426950 0 -6.657450 13.030300 191.966000 1933.210000 -13 277 1 0 1.000000
-1.075310 -2.165820 0 7.584350 -10.305000 195.517000 1933.030000 -13 278 1 0 1.000000
-1.428960 -3.865490 0 20.610900 1.132300 210.552000 1933.100000 -13 279 1 0 1.000000
-4.139050 -2.355170 0 6.030960 -4.415400 205.473000 1933.100000 -13 280 1 0 1.000000
-2.587130 -1.121660 0 -9.133490 11.678500 193.623000 1933.290000 -13 281 1 0 1.000000
-0.948736 -0.653276 0 6.663140 0.700246 189.144000 1933.060000 -13 282 1 0 1.000000
-1.112220 -3.133010 0 18.954900 -0.557830 197.709000 1933.240000 -13 283 1 0 1.000000
-1.045810 -3.382570 0 -3.030370 -12.451300 195.019000 1933.190000 -13 284 1 0 1.000000
-1.363230 0.647651 0 -7.115400 0.438058 201.143000 1933.100000 -13 285 1 0 1.000000
-0.089544 -4.094520 0 20.848500 -1.844500 187.054000 1933.180000 -13 286 1 0 1.000000
-2.542100 -0.836054 0 12.775200 -0.116756 201.800000 1933.100000 -13 287 1 0 1.000000
-0.747789 -1.223150 0 7.421170 11.906200 192.062000 1933.090000 -13 288 1 0 1.000000
-3.195640 -3.857050 0 10.100900 -9.521680 209.814000 1933.100000 -13 289 1 0 1.000000
-3.259310 -1.178850 0 8.878330 -11.588400 196.295000 1933.110000 -13 290 1 0 1.000000
0.345108 -5.048620 0 8.947930 12.106500 202.370000 1933.210000 -13 291 1 0 1.000000
-0.858418 -2.412790 0 2.678320 5.409930 183.341000 1933.140000 -13 292 1 0 1.000000
-1.222610 -1.975900 0 -7.469410 16.012500 210.460000 1933.290000 -13 293 1 0 1.000000
1.642860 -0.363692 0 12.006000 5.581410 192.177000 1933.050000 -13 294 1 0 1.000000
-1.785640 -0.257550 0 0.712710 0.801153 193.006000 1933.250000 -13 295 1 0 1.000000
-3.069030 0.726412 0 -0.125536 -17.983300 200.430000 1933.210000 -13 296 1 0 1.000000
-2.425130 -2.527310 0 2.617430 -24.167000 184.600000 1933.160000 -13 297 1 0 1.000000
-0.819774 -0.542881 0 -15.817500 -5.724130 184.277000 1933.260000 -13 298 1 0 1.000000
-3.459640 -1.765170 0 -6.895300 -18.288900 189.424000 1933.200000 -13 299 1 0 1.000000
-1.844980 -2.547900 0 6.607300 -11.717800 201.583000 1933.290000 -13 300 1 0 1.000000
0.219818 -2.904670 0 1.434210 1.401360 188.467000 1933.280000 -13 301 1 0 1.000000
-3.353300 1.424030 0 -2.632870 -19.148800 195.780000 1933.070000 -13 302 1 0 1.000000
0.493743 -2.314610 0 -16.297800 5.392010 194.753000 1933.120000 -13 303 1 0 1.000000
-4.286250 -2.443040 0 8.787810 12.465900 202.567000 1933.130000 -13 304 1 0 1.000000
-2.633500 -0.484466 0 -25.142800 -12.805000 188.788000 1933.110000 -13 305 1 0 1.000000
-0.309864 -3.035230 0 12.218700 2.187860 209.644000 1933.260000 -13 306 1 0 1.000000
1.636770 -2.111680 0 -7.858990 2.542590 200.832000 1933.180000 -13 307 1 0 1.000000
-1.725430 0.055209 0 -27.221500 10.307600 205.270000 1933.160000 -13 308 1 0 1.000000
-0.707421 -1.517640 0 -9.450320 9.468820 195.325000 1933.140000 -13 309 1 0 1.000000
-3.496500 1.548010 0 -1.803670 -3.495010 187.173000 1933.170000 -13 310 1 0 1.000000
-0.273108 -1.865050 0 -4.055310 17.014700 202.806000 1933.350000 -13 311 1 0 1.000000
-0.290775 -0.465018 0 -3.111200 0.544135 199.689000 1933.110000 -13 312 1 0 1.000000
-2.240980 -3.326350 0 3.772410 11.725900 201.038000 1933.250000 -13 313 1 0 1.000000
-0.810336 -2.466800 0 2.309280 -1.357300 211.926000 1933.150000 -13 314 1 0 1.000000
0.616099 -3.713360 0 11.178500 -6.261640 185.647000 1933.040000 -13 315 1 0 1.000000
-1.744470 -3.994450 0 13.099400 -8.730470 192.210000 1933.170000 -13 316 1 0 1.000000
1.150600 0.162947 0 -2.185400 -5.328820 191.192000 1933.060000 -13 317 1 0 1.000000
1.192660 -0.330220 0 -5.230160 14.861000 205.789000 1933.070000 -13 318 1 0 1.000000
0.997911 -1.786090 0 0.822231 0.440319 192.148000 1933.210000 -13 319 1 0 1.000000
1.212900 1.371700 0 8.263320 15.103400 193.653000 1933.210000 -13 320 1 0 1.000000
1.200330 0.457503 0 2.281010 11.956300 198.651000 1933.110000 -13 321 1 0 1.000000
-0.627900 -1.774230 0 12.364900 1.855520 197.545000 1933.180000 -13 322 1 0 1.000000
-3.022330 -0.556477 0 -0.194122 -0.341355 195.674000 1933.190000 -13 323 1 0 1.000000
-1.069150 -4.944230 0 3.220220 -10.990000 180.521000 1933.190000 -13 324 1 0 1.000000
-3.122920 -3.899030 0 -9.205440 -15.349200 205.107000 1933.080000 -13 325 1 0 1.000000
-0.002725 -1.790480 0 -5.084070 -6.674540 213.402000 1933.190000 -13 326 1 0 1.000000
-1.600690 1.876840 0 -5.696390 10.420500 196.939000 1933.250000 -13 327 1 0 1.000000
-0.552525 -3.983810 0 13.337900 -2.651220 187.420000 1933.120000 -13 328 1 0 1.000000
-0.022629 -1.374610 0 -5.527900 10.204200 193.302000 1933.080000 -13 329 1 0 1.000000
0.311863 1.123390 0 -8.106780 3.611560 201.502000 1933.040000 -13 330 1 0 1.000000
1.154720 -1.916630 0 12.166900 -1.765980 193.210000 1933.080000 -13 331 1 0 1.000000
-1.171920 -1.213730 0 -21.844700 -22.113500 176.735000 1933.160000 -13 332 1 0 1.000000
0.407253 0.937963 0 9.067370 -19.074900 203.394000 1933.130000 -13 333 1 0 1.000000
-1.552620 -2.658940 0 -6.159560 -1.362540 206.621000 1933.180000 -13 334 1 0 1.000000
0.303293 -1.548960 0 10.935500 -14.903200 206.457000 1933.340000 -13 335 1 0 1.000000
-0.554739 -4.013770 0 3.107700 -12.375800 186.424000 1933.100000 -13 336 1 0 1.000000
-0.184914 -2.466020 0 2.191880 4.150070 196.595000 1933.330000 -13 337 1 0 1.000000
-0.956259 2.197000 0 -13.361500 -3.902260 188.880000 1933.170000 -13 338 1 0 1.000000
-1.649250 -1.129610 0 20.097600 19.047500 186.561000 1933.150000 -13 339 1 0 1.000000
-2.322940 -0.276040 0 -15.737800 -5.890100 181.383000 1933.150000 -13 340 1 0 1.000000
0.046116 -2.285210 0 6.265340 15.485400 189.695000 1933.160000 -13 341 1 0 1.000000
-2.409790 -2.415560 0 -5.777750 9.819600 206.299000 1933.180000 -13 342 1 0 1.000000
-1.649430 -1.064880 0 17.991700 8.607270 184.327000 1933.240000 -13 343 1 0 1.000000
-1.301220 -2.404990 0 9.728110 -4.888430 192.565000 1933.140000 -13 344 1 0 1.000000
-1.107080 -0.398297 0 13.689500 -11.742600 183.158000 1933.070000 -13 345 1 0 1.000000
-1.234760 0.802391 0 14.113800 12.675400 179.335000 1933.190000 -13 346 1 0 1.000000
-0.698731 -3.866530 0 -6.319600 -17.702700 201.124000 1933.010000 -13 347 1 0 1.000000
-1.719600 2.842740 0 -4.353910 -1.135110 190.348000 1933.080000 -13 348 1 0 1.000000
0.324303 -1.947070 0 0.022097 -0.377531 189.966000 1933.240000 -13 349 1 0 1.000000
0.694710 -0.124584 0 -22.896800 15.463600 187.381000 1933.260000 -13 350 1 0 1.000000
-1.180240 -1.366050 0 2.335610 5.243580 174.098000 1933.160000 -13 351 1 0 1.000000
-1.089080 -1.188780 0 6.063440 -6.602630 188.228000 1933.190000 -13 352 1 0 1.000000
-3.155170 -2.829000 0 1.367680 -20.364000 192.713000 1933.070000 -13 353 1 0 1.000000
-0.713445 -2.874410 0 20.089100 0.186797 188.703000 1933.170000 -13 354 1 0 1.000000
-0.048739 -1.608500 0 -6.608880 9.520790 190.459000 1933.250000 -13 355 1 0 1.000000
1.341660 0.319914 0 -18.417700 23.718300 194.129000 1933.200000 -13 356 1 0 1.000000
0.286716 -2.489530 0 -13.203100 -13.673100 185.051000 1933.060000 -13 357 1 0 1.000000
0.187016 -1.096410 0 8.224140 -9.236730 202.590000 1933.050000 -13 358 1 0 1.000000
-1.724570 -1.644800 0 -6.731550 4.756250 196.498000 1933.170000 -13 359 1 0 1.000000
-1.618500 -2.474230 0 -7.135810 11.122100 210.468000 1933.120000 -13 360 1 0 1.000000
-0.577848 -1.684600 0 12.874800 -3.204120 210.686000 1933.300000 -13 361 1 0 1.000000
2.263450 -2.092620 0 12.901100 -14.179400 202.266000 1933.160000 -13 362 1 0 1.000000
-3.483840 -0.089628 0 12.559000 8.791150 194.039000 1933.140000 -13 363 1 0 1.000000
-3.842060 -4.012540 0 -1.562830 -11.387500 210.940000 1933.140000 -13 364 1 0 1.000000
-0.418517 -2.629690 0 -4.103180 -7.560240 186.017000 1933.040000 -13 365 1 0 1.000000
-2.583820 0.723581 0 -21.698500 0.897202 181.559000 1933.130000 -13 366 1 0 1.000000
-2.404590 -1.399810 0 1.922840 5.464990 191.163000 1933.180000 -13 367 1 0 1.000000
0.610424 -1.306380 0 5.258950 20.895800 196.667000 1933.350000 -13 368 1 0 1.000000
-0.358685 -3.808540 0 9.063490 21.276700 193.244000 1933.160000 -13 369 1 0 1.000000
0.116745 -1.709850 0 9.356540 -10.749700 195.503000 1933.100000 -13 370 1 0 1.000000
-1.432940 -0.356063 0 10.507100 -23.654600 192.593000 1933.080000 -13 371 1 0 1.000000
-2.294690 0.726122 0 0.547499 -5.470770 193.756000 1933.040000 -13 372 1 0 1.000000
1.195450 1.297780 0 -4.249910 0.164746 194.271000 1933.180000 -13 373 1 0 1.000000
-1.432820 -2.129420 0 3.275820 -14.204200 197.620000 1933.130000 -13 374 1 0 1.000000
-0.150204 -3.366270 0 4.769850 -3.337390 186.971000 1933.240000 -13 375 1 0 1.000000
1.661520 -2.449550 0 -1.810710 16.893100 212.463000 1933.110000 -13 376 1 0 1.000000
0.051416 -3.463170 0 -3.756590 16.118200 195.160000 1933.190000 -13 377 1 0 1.000000
-1.079130 -3.162910 0 5.596120 6.783130 198.482000 1933.190000 -13 378 1 0 1.000000
-3.122700 0.952692 0 -3.305740 -11.137000 198.465000 1933.040000 -13 379 1 0 1.000000
-1.248550 -3.735650 0 -4.553830 5.551490 194.500000 1933.180000 -13 380 1 0 1.000000
-2.433530 -2.089270 0 -2.457780 4.010950 179.863000 1933.190000 -13 381 1 0 1.000000
0.363717 -2.081780 0 -6.129480 4.201830 194.524000 1933.310000 -13 382 1 0 1.000000
-0.964785 -5.059020 0 13.030600 1.461300 200.682000 1933.380000 -13 383 1 0 1.000000
-1.024890 -0.140736 0 0.790891 -8.213120 186.130000 1933.120000 -13 384 1 0 1.000000
-2.766430 0.113201 0 -6.640910 -1.214380 202.692000 1933.270000 -13 385 1 0 1.000000
-4.193710 -3.493220 0 2.333760 1.344440 196.229000 1933.120000 -13 386 1 0 1.000000
-0.298034 -2.642660 0 -1.780490 -11.343500 202.687000 1933.030000 -13 387 1 0 1.000000
-3.046480 -1.716440 0 -2.911350 -11.498100 189.004000 1933.150000 -13 388 1 0 1.000000
-2.398040 0.720128 0 -4.091760 9.054170 190.406000 1933.120000 -13 389 1 0 1.000000
-0.827594 -2.793630 0 6.089580 -2.272920 212.057000 1933.200000 -13 390 1 0 1.000000
-2.016030 -3.182190 0 7.922840 9.777530 209.544000 1933.180000 -13 391 1 0 1.000000
-1.369420 -1.116580 0 -7.510790 -2.998740 179.755000 1933.250000 -13 392 1 0 1.000000
-2.929810 -5.086500 0 17.328800 -9.196200 196.034000 1933.230000 -13 393 1 0 1.000000
-1.693370 -0.635763 0 -0.128192 7.805730 180.376000 1933.060000 -13 394 1 0 1.000000
-1.584110 -2.293440 0 3.410610 0.732925 200.380000 1933.260000 -13 395 1 0 1.000000
-1.159580 -0.935993 0 -6.065640 23.496500 182.449000 1933.210000 -13 396 1 0 1.000000
-1.302320 0.859812 0 -7.490440 -1.492420 196.229000 1933.140000 -13 397 1 0 1.000000
0.193239 -0.483945 0 -10.827100 14.422200 201.455000 1933.190000 -13 398 1 0 1.000000
-0.289490 1.360150 0 -8.325360 5.270600 191.280000 1933.290000 -13 399 1 0 1.000000
-1.526630 -2.612750 0 3.627290 -6.278790 199.091000 1933.060000 -13 400 1 0 1.000000
-3.741450 -3.279330 0 2.055410 5.871850 216.432000 1933.170000 -13 401 1 0 1.000000
-0.707667 -4.588540 0 4.311790 -9.423810 188.290000 1933.100000 -13 402 1 0 1.000000
-2.297530 -5.728340 0 5.296750 11.720800 202.974000 1933.120000 -13 403 1 0 1.000000
-0.198600 -0.361686 0 -16.549700 8.553960 203.505000 1933.180000 -13 404 1 0 1.000000
-0.501214 -2.124140 0 4.770450 -14.940400 208.728000 1933.160000 -13 405 1 0 1.000000
1.046540 -1.540580 0 -22.957500 11.656200 180.136000 1933.180000 -13 406 1 0 1.000000
-0.210913 -1.734310 0 -15.634300 -17.760400 209.194000 1933.210000 -13 407 1 0 1.000000
-0.240223 -3.704270 0 1.084460 0.732459 200.316000 1933.270000 -13 408 1 0 1.000000
-2.734190 0.728420 0 -21.789900 6.852810 187.959000 1933.120000 -13 409 1 0 1.000000
0.406863 -2.316300 0 19.280200 -8.039710 181.042000 1933.150000 -13 410 1 0 1.000000
0.415602 -1.477790 0 -2.476680 -20.269700 183.778000 1933.130000 -13 411 1 0 1.000000
1.151490 -2.000770 0 -6.028700 3.490060 189.541000 1933.230000 -13 412 1 0 1.000000
0.386342 -1.698820 0 -2.823030 -0.427487 192.204000 1933.160000 -13 413 1 0 1.000000
1.131540 -1.411990 0 11.871400 -2.488730 192.135000 1933.060000 -13 414 1 0 1.000000
-1.210750 -1.639650 0 -5.633820 -8.425600 199.451000 1933.040000 -13 415 1 0 1.000000
-1.520250 1.652440 0 -7.754130 -0.894003 200.637000 1933.120000 -13 416 1 0 1.000000
0.316503 -1.372120 0 5.743250 -15.649300 183.809000 1933.110000 -13 417 1 0 1.000000
0.021363 -3.012040 0 -12.928600 5.566840 206.391000 1933.190000 -13 418 1 0 1.000000
-2.077770 0.593020 0 -11.300700 -10.128300 201.083000 1933.140000 -13 419 1 0 1.000000
-2.530140 -2.115420 0 -8.898020 2.628610 190.090000 1933.230000 -13 420 1 0 1.000000
-0.119715 0.213512 0 -0.627340 21.870400 197.684000 1933.150000 -13 421 1 0 1.000000
-0.464685 0.651433 0 -17.757800 -2.113980 202.202000 1933.180000 -13 422 1 0 1.000000
-0.189275 -2.173950 0 -6.619850 -13.275700 213.689000 1933.110000 -13 423 1 0 1.000000
-1.584510 -1.112440 0 1.071040 11.964200 190.153000 1933.140000 -13 424 1 0 1.000000
0.997594 -1.423470 0 0.732347 9.747180 193.953000 1933.130000 -13 425 1 0 1.000000
-2.114050 -1.918190 0 -5.250810 11.522500 196.445000 1933.030000 -13 426 1 0 1.000000
2.238870 -3.131420 0 -6.243160 -19.060200 192.012000 1933.200000 -13 427 1 0 1.000000
-1.363170 -0.876042 0 2.306480 -13.995200 207.978000 1933.290000 -13 428 1 0 1.000000
-1.453190 -3.300730 0 -1.225700 1.839570 203.213000 1933.190000 -13 429 1 0 1.000000
-2.474650 -2.510180 0 -1.826780 -2.567880 210.001000 1933.210000 -13 430 1 0 1.000000
-0.411918 -0.156302 0 0.692138 13.951000 188.844000 1933.060000 -13 431 1 0 1.000000
-0.710064 -1.184760 0 11.073000 -4.101670 183.544000 1933.180000 -13 432 1 0 1.000000
0.103335 -2.184360 0 2.126270 2.046990 182.167000 1933.190000 -13 433 1 0 1.000000
-0.158379 -1.668120 0 -0.764475 11.676000 183.104000 1933.110000 -13 434 1 0 1.000000
3.057060 -2.242740 0 16.918400 10.397900 196.175000 1933.100000 -13 435 1 0 1.000000
-1.837390 -0.681941 0 -8.271830 5.351650 199.603000 1933.040000 -13 436 1 0 1.000000
1.904950 -3.581010 0 -10.902300 12.672000 185.167000 1933.210000 -13 437 1 0 1.000000
-1.498710 -1.659380 0 10.895400 -15.050400 182.573000 1933.120000 -13 438 1 0 1.000000
0.644999 0.154287 0 -24.329100 14.282100 198.521000 1933.180000 -13 439 1 0 1.000000
-3.476840 -2.294410 0 3.937760 -13.166900 192.591000 1933.230000 -13 440 1 0 1.000000
-2.998930 -1.785840 0 -5.449700 4.201220 205.797000 1933.200000 -13 441 1 0 1.000000
-0.739245 0.656269 0 10.553300 7.390480 189.902000 1933.130000 -13 442 1 0 1.000000
-1.712460 1.778570 0 -4.092330 8.223580 203.256000 1933.170000 -13 443 1 0 1.000000
-0.436665 -2.188360 0 14.345000 1.444020 199.202000 1933.130000 -13 444 1 0 1.000000
-1.317790 -1.455130 0 -2.936440 -15.322700 185.130000 1933.160000 -13 445 1 0 1.000000
-1.752400 -0.589090 0 -7.600480 10.531700 188.789000 1933.260000 -13 446 1 0 1.000000
-2.723990 -1.772360 0 -8.902340 -16.493500 211.090000 1933.110000 -13 447 1 0 1.000000
-3.136950 -0.653656 0 -11.467600 -18.743200 193.616000 1933.190000 -13 448 1 0 1.000000
-0.386381 -0.825168 0 6.460640 -6.775350 193.279000 1933.200000 -13 449 1 0 1.000000
-3.625180 -2.336750 0 3.303890 4.977260 185.918000 1933.140000 -13 450 1 0 1.000000
-0.735406 0.999992 0 -12.472000 -2.467870 192.120000 1933.230000 -13 451 1 0 1.000000
-1.914650 -4.961540 0 -12.878900 14.787500 202.447000 1933.240000 -13 452 1 0 1.000000
0.788058 0.321986 0 -10.900800 19.730000 183.148000 1933.260000 -13 453 1 0 1.000000
-1.931720 0.005243 0 7.326420 20.189800 199.535000 1933.300000 -13 454 1 0 1.000000
-1.560870 -2.411190 0 3.340660 -11.909400 197.342000 1933.180000 -13 455 1 0 1.000000
-1.198840 -1.922220 0 1.958680 2.640170 189.686000 1933.010000 -13 456 1 0 1.000000
-2.678750 1.152440 0 -4.136350 12.192000 212.016000 1933.130000 -13 457 1 0 1.000000
-0.759051 -2.991620 0 1.037230 -12.097000 215.517000 1933.140000 -13 458 1 0 1.000000
-1.029270 -0.482523 0 -6.939120 10.432200 184.069000 1933.120000 -13 459 1 0 1.000000
-2.991340 -1.492310 0 0.839748 -17.730500 195.150000 1933.190000 -13 460 1 0 1.000000
-3.008950 -1.552770 0 6.854400 9.286570 194.245000 1933.270000 -13 461 1 0 1.000000
0.003882 -2.805980 0 0.175039 -8.561520 193.256000 1933.260000 -13 462 1 0 1.000000
-2.038800 -1.973560 0 3.633340 -8.650260 188.001000 1933.200000 -13 463 1 0 1.000000
-1.683400 -3.033810 0 6.365830 7.522270 209.171000 1933.170000 -13 464 1 0 1.000000
0.063543 -0.595380 0 8.861090 1.032520 193.326000 1933.110000 -13 465 1 0 1.000000
-2.209900 -4.130770 0 9.210000 -7.842050 196.601000 1933.170000 -13 466 1 0 1.000000
1.174620 -4.356030 0 14.156400 3.922310 193.801000 1933.160000 -13 467 1 0 1.000000
-2.055370 -0.359946 0 -7.102850 -13.206000 199.630000 1933.150000 -13 468 1 0 1.000000
-1.238760 -3.496940 0 -0.404817 -12.777300 181.624000 1933.120000 -13 469 1 0 1.000000
1.462620 0.877656 0 -5.734080 11.703000 209.973000 1933.160000 -13 470 1 0 1.000000
-2.137340 -0.004379 0 -0.246513 -2.979880 197.011000 1933.280000 -13 471 1 0 1.000000
-2.746700 -0.169619 0 6.588210 -8.803460 179.744000 1933.110000 -13 472 1 0 1.000000
-4.810400 -1.653560 0 8.087410 22.078700 202.318000 1933.200000 -13 473 1 0 1.000000
-0.165715 -3.523140 0 15.127100 -2.678550 189.284000 1933.180000 -13 474 1 0 1.000000
-2.894540 -2.480080 0 9.619700 8.283230 207.188000 1933.190000 -13 475 1 0 1.000000
-1.513730 -1.735350 0 -7.678150 9.891370 184.615000 1933.200000 -13 476 1 0 1.000000
1.042180 -2.392710 0 -3.719070 4.773170 199.991000 1933.180000 -13 477 1 0 1.000000
-1.731010 -0.902915 0 8.128890 -6.429440 196.776000 1933.160000 -13 478 1 0 1.000000
-1.927090 -2.514870 0 11.567300 -7.761850 211.694000 1933.170000 -13 479 1 0 1.000000
-0.390246 -1.713370 0 -6.378840 2.869290 193.191000 1933.140000 -13 480 1 0 1.000000
-2.976410 1.453750 0 -6.894000 11.338200 193.452000 1933.090000 -13 481 1 0 1.000000
-1.848680 -1.024020 0 2.041240 -21.683600 213.566000 1933.200000 -13 482 1 0 1.000000
0.188324 -2.465610 0 10.620300 -7.152500 185.661000 1933.150000 -13 483 1 0 1.000000
-3.278580 -1.262340 0 -1.049220 -8.935710 186.098000 1933.040000 -13 484 1 0 1.000000
-3.154230 0.613136 0 -3.869630 -17.875800 190.184000 1933.170000 -13 485 1 0 1.000000
-3.585840 -1.022680 0 1.988290 -0.036463 189.300000 1933.180000 -13 486 1 0 1.000000
0.756798 0.576858 0 12.057100 -3.366530 202.077000 1933.070000 -13 487 1 0 1.000000
-1.245430 -2.123040 0 7.447500 18.800700 190.800000 1933.130000 -13 488 1 0 1.000000
-2.195770 -1.401850 0 -1.455630 7.795080 188.783000 1933.190000 -13 489 1 0 1.000000
-0.553645 0.793923 0 -4.898160 -11.438100 196.557000 1933.040000 -13 490 1 0 1.000000
-0.351238 -0.753918 0 -7.878010 -8.680940 189.597000 1933.160000 -13 491 1 0 1.000000
-2.046350 -0.466363 0 -5.140140 2.097730 215.137000 1933.250000 -13 492 1 0 1.000000
-2.126440 -1.172940 0 3.270190 7.249820 192.578000 1933.080000 -13 493 1 0 1.000000
-1.606930 -0.576625 0 -17.975700 -5.280350 208.239000 1933.260000 -13 494 1 0 1.000000
1.784760 -0.077921 0 -19.649100 -3.537650 206.844000 1933.190000 -13 495 1 0 1.000000
-1.597510 0.062688 0 -1.689760 -4.506600 198.632000 1933.100000 -13 496 1 0 1.000000
-0.655100 -1.873360 0 25.725600 -6.100770 202.249000 1933.170000 -13 497 1 0 1.000000
-2.991140 -1.851800 0 4.551910 -16.092000 210.896000 1933.200000 -13 498 1 0 1.000000
-0.678043 -2.840910 0 13.054800 0.545902 205.712000 1933.180000 -13 499 1 0 1.000000
-1.768530 -2.889100 0 -0.422921 -22.360800 197.231000 1933.080000 -13 500 1 0 1.000000
1.801310 -1.290950 0 4.122530 11.574200 189.962000 1933.120000 -13 501 1 0 1.000000
-1.133100 -1.802280 0 11.030600 -18.035400 198.383000 1933.080000 -13 502 1 0 1.000000
-0.627849 -2.907320 0 12.440900 -3.224120 188.578000 1933.120000 -13 503 1 0 1.000000
-1.452950 -4.551730 0 23.672100 -24.701900 187.158000 1933.150000 -13 504 1 0 1.000000
-0.307569 -0.627108 0 -12.750600 10.307600 204.614000 1933.100000 -13 505 1 0 1.000000
-1.697520 -3.632400 0 14.166800 -8.416570 188.718000 1933.060000 -13 506 1 0 1.000000
-3.438850 -0.011678 0 -9.740310 -24.472300 193.791000 1933.190000 -13 507 1 0 1.000000
-2.671400 -0.501721 0 -5.609100 0.594713 203.330000 1933.130000 -13 508 1 0 1.000000
-0.032735 -0.335233 0 16.488800 -15.350700 190.090000 1933.110000 -13 509 1 0 1.000000
-5.541520 -2.532050 0 -5.545880 21.217600 203.240000 1933.180000 -13 510 1 0 1.000000
-0.933935 0.665694 0 -2.336740 1.667170 195.953000 1933.260000 -13 511 1 0 1.000000
-0.675483 -0.899159 0 -7.465680 -2.795950 190.404000 1933.170000 -13 512 1 0 1.000000
-2.033360 -3.697240 0 12.265800 14.478100 194.452000 1933.220000 -13 513 1 0 1.000000
-1.066790 -2.258910 0 4.174090 -3.774640 203.543000 1933.140000 -13 514 1 0 1.000000
0.689602 -1.089140 0 3.972730 -15.912300 199.463000 1933.110000 -13 515 1 0 1.000000
-2.186300 1.201680 0 -1.102900 -4.383610 204.449000 1933.120000 -13 516 1 0 1.000000
-2.552520 -4.375250 0 12.770100 -8.398980 195.485000 1933.260000 -13 517 1 0 1.000000
0.297931 -3.204920 0 -12.279500 0.184496 194.998000 1933.100000 -13 518 1 0 1.000000
-1.088420 -0.495084 0 7.154940 -4.672410 200.922000 1933.290000 -13 519 1 0 1.000000
-0.731375 0.100993 0 4.939870 0.671574 193.192000 1933.100000 -13 520 1 0 1.000000
0.267327 -1.795450 0 1.369460 7.730670 187.530000 1933.200000 -13 521 1 0 1.000000
-1.009350 -3.519750 0 4.602680 -0.107952 193.330000 1933.370000 -13 522 1 0 1.000000
-1.840610 -1.132780 0 7.292780 1.097490 191.904000 1933.050000 -13 523 1 0 1.000000
-4.426210 -0.900379 0 1.632500 7.626050 214.888000 1933.180000 -13 524 1 0 1.000000
-2.534470 -1.042770 0 6.838000 -3.379250 202.568000 1933.180000 -13 525 1 0 1.000000
-1.582100 1.323910 0 7.225740 14.458600 188.237000 1933.410000 -13 526 1 0 1.000000
-1.590710 -4.970520 0 -4.441170 -19.489600 206.831000 1933.120000 -13 527 1 0 1.000000
1.258660 -3.771240 0 7.936470 -5.649150 190.509000 1933.190000 -13 528 1 0 1.000000
-2.004870 -3.201950 0 5.563700 -13.807100 193.639000 1933.200000 -13 529 1 0 1.000000
-0.899095 -3.575360 0 0.166091 0.875948 198.103000 1933.080000 -13 530 1 0 1.000000
-1.307000 -1.874440 0 -6.164540 -14.455000 188.761000 1933.330000 -13 531 1 0 1.000000
-0.055271 -1.341920 0 -8.544010 13.753500 190.506000 1933.160000 -13 532 1 0 1.000000
-0.685909 -0.589259 0 13.958200 12.348700 196.131000 1933.170000 -13 533 1 0 1.000000
0.730379 -1.366030 0 -3.412070 -11.011900 193.200000 1933.070000 -13 534 1 0 1.000000
-1.981960 -1.569910 0 12.303400 17.341700 197.093000 1933.140000 -13 535 1 0 1.000000
-0.180541 2.467080 0 -11.336500 11.955400 194.366000 1933.150000 -13 536 1 0 1.000000
-1.502090 -1.415570 0 0.295355 1.766530 199.772000 1933.250000 -13 537 1 0 1.000000
-5.079760 -3.279300 0 -6.518160 -8.074730 210.344000 1933.150000 -13 538 1 0 1.000000
-0.050036 -0.469809 0 -10.943700 4.039910 201.793000 1933.060000 -13 539 1 0 1.000000
-2.426650 -3.325900 0 5.898720 -10.648900 208.918000 1933.100000 -13 540 1 0 1.000000
0.344661 0.598358 0 -13.362000 9.329750 208.598000 1933.250000 -13 541 1 0 1.000000
-1.459210 -1.068220 0 5.172640 4.495280 208.089000 1933.170000 -13 542 1 0 1.000000
0.967887 0.819983 0 2.565070 11.767500 189.748000 1933.090000 -13 543 1 0 1.000000
0.464922 -3.347380 0 11.338800 2.343900 204.392000 1933.140000 -13 544 1 0 1.000000
-1.734560 -3.795220 0 -1.318030 -4.895490 196.963000 1933.140000 -13 545 1 0 1.000000
-2.426140 0.725896 0 5.906920 -7.945890 204.731000 1933.320000 -13 546 1 0 1.000000
0.402092 -1.725450 0 -7.106810 -11.000100 189.495000 1933.100000 -13 547 1 0 1.000000
-1.059470 -4.882170 0 -3.610830 -16.278100 191.878000 1933.110000 -13 548 1 0 1.000000
-3.235750 -2.305640 0 -7.422190 2.092140 206.534000 1933.260000 -13 549 1 0 1.000000
-1.971690 -3.335910 0 2.532870 1.196870 198.837000 1933.320000 -13 550 1 0 1.000000
-2.887020 -2.034080 0 -6.605470 2.379510 204.028000 1933.030000 -13 551 1 0 1.000000
-2.709870 -3.982310 0 10.741800 -3.142290 190.138000 1933.220000 -13 552 1 0 1.000000
-0.468831 0.191413 0 11.589500 4.989100 191.724000 1933.080000 -13 553 1 0 1.000000
-0.947251 -1.291490 0 4.442820 -12.231700 187.646000 1933.220000 -13 554 1 0 1.000000
-0.988274 -4.016900 0 5.194240 9.766440 183.968000 1933.150000 -13 555 1 0 1.000000
-0.490525 -4.477840 0 9.210510 8.049770 205.303000 1933.110000 -13 556 1 0 1.000000
-2.782760 -0.639806 0 21.013400 -17.926600 183.633000 1933.230000 -13 557 1 0 1.000000
-2.333030 0.161812 0 8.057850 -8.495390 193.182000 1933.210000 -13 558 1 0 1.000000
-4.328710 -0.294357 0 3.547790 0.968756 212.044000 1933.260000 -13 559 1 0 1.000000
-4.095920 -4.033320 0 -11.425700 4.423690 200.994000 1933.110000 -13 560 1 0 1.000000
-4.100330 -3.022290 0 4.978920 -22.802600 209.924000 1933.210000 -13 561 1 0 1.000000
-0.788806 0.046992 0 0.514700 16.708600 185.429000 1933.110000 -13 562 1 0 1.000000
-2.179380 -2.888140 0 -0.240802 6.227240 189.332000 1933.170000 -13 563 1 0 1.000000
-3.366380 -0.797910 0 -1.988780 7.594240 207.886000 1933.120000 -13 564 1 0 1.000000
-2.133460 -2.820170 0 2.455660 -9.503550 191.650000 1933.240000 -13 565 1 0 1.000000
-1.286990 -0.907326 0 4.197440 -4.436600 182.375000 1933.210000 -13 566 1 0 1.000000
-2.324300 -1.853350 0 -0.129238 -15.467400 203.679000 1933.080000 -13 567 1 0 1.000000
-1.245790 -3.935910 0 15.710400 -3.248800 205.306000 1933.280000 -13 568 1 0 1.000000
-2.052950 -1.864930 0 0.778156 -0.673130 207.790000 1933.280000 -13 569 1 0 1.000000
0.038375 -3.890030 0 1.419890 16.506300 209.217000 1933.150000 -13 570 1 0 1.000000
0.464736 -3.386870 0 -0.333848 15.138400 196.185000 1933.070000 -13 571 1 0 1.000000
-3.986770 -3.684270 0 -0.664289 -5.656750 200.035000 1933.190000 -13 572 1 0 1.000000
-3.590040 0.852851 0 -13.590400 12.609200 191.167000 1933.100000 -13 573 1 0 1.000000
0.887010 -1.950360 0 -3.362530 -7.938530 185.391000 1933.190000 -13 574 1 0 1.000000
-1.503510 -4.427300 0 2.481860 2.536010 209.619000 1933.320000 -13 575 1 0 1.000000
-2.580200 -2.427990 0 -6.108360 3.493160 202.009000 1933.270000 -13 576 1 0 1.000000
-0.998493 -1.173800 0 7.722290 -3.066270 203.536000 1933.110000 -13 577 1 0 1.000000
-2.870410 1.347720 0 -5.625080 10.502500 194.638000 1933.170000 -13 578 1 0 1.000000
0.025802 -1.544540 0 3.089300 11.754900 192.677000 1933.380000 -13 579 1 0 1.000000
-0.917221 -1.603270 0 -3.263640 -0.287350 212.019000 1933.250000 -13 580 1 0 1.000000
-0.142354 -0.910937 0 -3.760220 7.936870 190.938000 1933.210000 -13 581 1 0 1.000000
0.848558 -2.293580 0 16.512800 0.784187 182.556000 1933.130000 -13 582 1 0 1.000000
-3.305690 -1.526610 0 2.243900 1.370970 199.360000 1933.110000 -13 583 1 0 1.000000
0.459777 -2.889040 0 -3.598020 11.068700 186.563000 1933.200000 -13 584 1 0 1.000000
-1.025550 -4.265150 0 5.953140 4.642270 210.660000 1933.100000 -13 585 1 0 1.000000
-2.501260 0.137574 0 2.761150 3.592860 204.277000 1933.290000 -13 586 1 0 1.000000
0.413645 -4.088640 0 0.451308 -6.718990 206.464000 1933.100000 -13 587 1 0 1.000000
-2.129310 -1.091560 0 2.084520 -4.963240 200.732000 1933.100000 -13 588 1 0 1.000000
-4.055000 -2.995430 0 -4.485270 14.239800 191.932000 1933.120000 -13 589 1 0 1.000000
-0.959413 -2.835030 0 -10.217400 -14.229400 186.891000 1933.260000 -13 590 1 0 1.000000
-1.525260 -2.179430 0 6.306140 -13.574500 183.767000 1933.140000 -13 591 1 0 1.000000
-2.617660 1.373070 0 -0.246814 7.414100 191.224000 1933.180000 -13 592 1 0 1.000000
-2.476110 0.839134 0 -12.217100 -4.125770 200.243000 1933.240000 -13 593 1 0 1.000000
0.000998 -3.291570 0 -8.318740 8.937670 197.748000 1933.220000 -13 594 1 0 1.000000
-1.602910 -1.448620 0 -10.118000 8.276080 194.806000 1933.070000 -13 595 1 0 1.000000
-3.197960 -1.277850 0 -7.595770 15.995000 195.196000 1933.130000 -13 596 1 0 1.000000
-2.037190 -1.184720 0 0.670156 -3.176450 201.413000 1933.150000 -13 597 1 0 1.000000
0.423769 1.163600 0 11.527400 -8.060060 200.397000 1933.320000 -13 598 1 0 1.000000
-1.730240 -1.394220 0 9.934280 -13.060500 201.700000 1933.210000 -13 599 1 0 1.000000
-3.531890 -0.992757 0 8.938590 10.123500 196.806000 1933.060000 -13 600 1 0 1.000000
-2.909350 -2.576540 0 -3.237340 -3.210680 202.008000 1933.190000 -13 601 1 0 1.000000
-1.403820 -1.096820 0 7.172470 -5.284140 185.868000 1933.070000 -13 602 1 0 1.000000
1.130720 0.953236 0 0.827699 6.357040 190.558000 1933.130000 -13 603 1 0 1.000000
-1.739900 -2.440520 0 6.389900 4.960530 206.098000 1933.110000 -13 604 1 0 1.000000
0.914819 -3.161710 0 1.679180 2.275570 186.501000 1933.180000 -13 605 1 0 1.000000
1.153760 -2.834870 0 3.389210 7.137600 190.767000 1933.170000 -13 606 1 0 1.000000
-2.363530 -2.020290 0 4.934630 -2.747390 202.896000 1933.300000 -13 607 1 0 1.000000
-4.073950 -2.000050 0 11.933700 -19.032000 198.449000 1933.220000 -13 608 1 0 1.000000
-0.207743 0.741451 0 8.569110 6.942610 209.378000 1933.080000 -13 609 1 0 1.000000
-0.582845 -1.036970 0 -8.545200 -10.316500 185.604000 1933.100000 -13 610 1 0 1.000000
-1.327830 0.962943 0 0.445754 -7.045750 202.019000 1933.110000 -13 611 1 0 1.000000
-1.384670 -2.572000 0 -4.569690 1.296650 185.756000 1933.240000 -13 612 1 0 1.000000
-0.652435 -2.001410 0 15.106300 -5.586220 191.716000 1933.170000 -13 613 1 0 1.000000
-1.187490 2.223690 0 7.418190 5.607910 200.142000 1933.240000 -13 614 1 0 1.000000
0.547492 -2.678470 0 8.183260 -4.297810 186.415000 1933.090000 -13 615 1 0 1.000000
-0.511190 2.213490 0 -2.419170 9.092310 193.956000 1933.200000 -13 616 1 0 1.000000
-2.591450 -1.307940 0 -2.365600 -11.742900 192.953000 1933.290000 -13 617 1 0 1.000000
-1.089410 -3.032780 0 -0.579757 -20.760200 205.043000 1933.150000 -13 618 1 0 1.000000
-2.495750 -1.512070 0 -9.072990 10.266500 200.080000 1933.350000 -13 619 1 0 1.000000
-1.468020 -1.974510 0 2.307480 -16.365300 186.741000 1933.250000 -13 620 1 0 1.000000
-1.450660 0.089951 0 17.888600 18.575100 211.712000 1933.090000 -13 621 1 0 1.000000
-0.728255 -0.679560 0 8.945540 9.004680 197.141000 1933.030000 -13 622 1 0 1.000000
-0.888272 -2.320930 0 1.446280 4.557420 192.785000 1933.310000 -13 623 1 0 1.000000
0.540099 -3.299110 0 6.792700 9.120540 211.170000 1933.140000 -13 624 1 0 1.000000
-0.635477 -3.999260 0 -21.938000 0.288041 180.732000 1933.160000 -13 625 1 0 1.000000
1.256410 -0.295531 0 -2.072360 2.404710 204.290000 1933.100000 -13 626 1 0 1.000000
-0.337565 -3.661320 0 6.067760 8.573600 195.582000 1933.370000 -13 627 1 0 1.000000
-0.505719 1.696340 0 -27.721400 17.355200 186.560000 1933.110000 -13 628 1 0 1.000000
-1.855320 -1.602710 0 3.623070 2.955170 186.135000 1933.150000 -13 629 1 0 1.000000
-2.196560 0.348912 0 -11.242000 3.658740 211.303000 1933.180000 -13 630 1 0 1.000000
-3.205420 -1.917060 0 -14.466900 -5.462240 215.287000 1933.140000 -13 631 1 0 1.000000
-1.540380 -2.900550 0 -4.890770 -0.227165 190.143000 1933.250000 -13 632 1 0 1.000000
-1.379750 -3.913490 0 -7.891330 -0.818248 190.593000 1933.310000 -13 633 1 0 1.000000
1.967250 -3.646810 0 -6.241200 8.780690 184.252000 1933.260000 -13 634 1 0 1.000000
-3.411440 -1.373380 0 -4.498700 3.032450 201.410000 1933.200000 -13 635 1 0 1.000000
0.188827 -0.345149 0 11.823500 2.334690 194.427000 1933.110000 -13 636 1 0 1.000000
0.748526 -3.246210 0 -4.588140 2.565630 209.161000 1933.050000 -13 637 1 0 1.000000
-1.938630 -1.451620 0 4.532170 -10.071700 205.644000 1933.240000 -13 638 1 0 1.000000
-2.013160 -0.109135 0 -0.960148 -25.397800 212.998000 1933.230000 -13 639 1 0 1.000000
-3.943110 -2.298970 0 3.172970 -7.367880 190.351000 1933.160000 -13 640 1 0 1.000000
-1.957040 -3.349220 0 5.886280 -3.020360 207.081000 1933.220000 -13 641 1 0 1.000000
-1.753560 -2.737550 0 10.316100 -0.139767 197.310000 1933.010000 -13 642 1 0 1.000000
-0.044189 -0.476912 0 19.101100 -11.383900 195.510000 1933.250000 -13 643 1 0 1.000000
-4.405320 -0.650589 0 -5.866370 -14.029200 191.971000 1933.160000 -13 644 1 0 1.000000
0.976801 -1.891530 0 3.753930 13.275600 188.489000 1933.190000 -13 645 1 0 1.000000
-3.070560 0.368829 0 4.234590 13.087000 202.072000 1933.090000 -13 646 1 0 1.000000
-0.310164 -3.350130 0 8.374930 6.921900 193.192000 1933.120000 -13 647 1 0 1.000000
0.148777 -3.031360 0 7.137590 -7.242720 193.845000 1933.160000 -13 648 1 0 1.000000
-0.922323 -2.421000 0 16.884600 11.030000 191.105000 1933.190000 -13 649 1 0 1.000000
-3.770000 -0.572143 0 11.302600 3.107900 191.122000 1933.090000 -13 650 1 0 1.000000
0.351454 -1.204030 0 -12.232300 -0.419864 191.516000 1933.170000 -13 651 1 0 1.000000
0.898103 -1.774690 0 20.111900 -0.235433 182.368000 1933.140000 -13 652 1 0 1.000000
0.332934 -1.818300 0 -0.529956 -15.833300 204.211000 1933.220000 -13 653 1 0 1.000000
0.121816 -4.420580 0 -2.536470 10.887100 210.615000 1933.120000 -13 654 1 0 1.000000
-4.160460 -2.670940 0 17.970800 21.738700 206.580000 1933.160000 -13 655 1 0 1.000000
-0.115199 -1.836280 0 -13.548000 -3.902710 184.952000 1933.190000 -13 656 1 0 1.000000
-1.308400 -3.744760 0 17.322100 -13.436100 205.214000 1933.170000 -13 657 1 0 1.000000
-1.469680 -2.703120 0 -8.375760 8.761710 189.610000 1933.210000 -13 658 1 0 1.000000
-0.397003 -1.476520 0 -8.215550 12.678200 184.600000 1933.120000 -13 659 1 0 1.000000
-2.267360 -1.515780 0 10.898600 -24.312100 208.254000 1933.170000 -13 660 1 0 1.000000
-0.316569 -4.096530 0 10.914300 -15.450600 208.234000 1933.090000 -13 661 1 0 1.000000
-1.327620 0.142109 0 8.528330 1.085470 193.064000 1933.110000 -13 662 1 0 1.000000
-1.310400 0.181995 0 -16.659700 -9.733540 198.695000 1933.160000 -13 663 1 0 1.000000
-1.055630 -3.757960 0 -6.803080 -0.372578 187.169000 1933.170000 -13 664 1 0 1.000000
1.121220 0.572153 0 2.864530 3.997950 186.049000 1933.070000 -13 665 1 0 1.000000
-3.341500 -1.295620 0 7.058100 -20.218300 213.398000 1933.280000 -13 666 1 0 1.000000
-2.114740 0.209424 0 2.291740 -7.785920 186.009000 1933.150000 -13 667 1 0 1.000000
-2.717930 -2.360740 0 -7.896550 6.101060 186.953000 1933.190000 -13 668 1 0 1.000000
0.677852 -1.925500 0 -7.168180 -4.544790 199.655000 1933.130000 -13 669 1 0 1.000000
-2.464420 -1.338030 0 17.580500 15.020200 201.040000 1933.140000 -13 670 1 0 1.000000
0.809115 -1.000980 0 10.207200 -2.658420 184.533000 1933.210000 -13 671 1 0 1.000000
-3.544800 -4.048900 0 -6.714290 10.078400 181.418000 1933.120000 -13 672 1 0 1.000000
0.846496 -1.339150 0 4.000820 -8.465440 182.014000 1933.180000 -13 673 1 0 1.000000
-0.122601 -1.768770 0 8.804870 -3.676030 186.579000 1933.120000 -13 674 1 0 1.000000
-1.932850 -1.332210 0 -5.981530 14.647200 204.339000 1933.140000 -13 675 1 0 1.000000
-2.618370 -3.401130 0 0.003747 -13.150000 207.823000 1933.170000 -13 676 1 0 1.000000
-0.893391 -1.970610 0 -2.870550 -11.952000 197.030000 1933.190000 -13 677 1 0 1.000000
-0.801290 -1.976550 0 -4.514290 -13.196300 190.692000 1933.230000 -13 678 1 0 1.000000
-0.813847 -3.057620 0 0.228983 -4.361380 189.021000 1933.210000 -13 679 1 0 1.000000
-2.549430 -2.068200 0 18.548000 -4.085380 192.479000 1933.130000 -13 680 1 0 1.000000
-1.583040 0.387501 0 16.870500 4.467290 193.795000 1933.210000 -13 681 1 0 1.000000
-1.939930 -1.976800 0 23.493800 -7.606590 179.793000 1933.220000 -13 682 1 0 1.000000
-3.920300 -3.855600 0 7.100910 2.642640 192.927000 1933.110000 -13 683 1 0 1.000000
-2.505710 0.275640 0 1.197380 -10.549500 205.480000 1933.080000 -13 684 1 0 1.000000
-0.098228 -1.466640 0 5.350170 -4.025320 187.746000 1933.170000 -13 685 1 0 1.000000
-2.141240 -1.354270 0 13.897800 13.860600 210.058000 1933.160000 -13 686 1 0 1.000000
-0.394792 -3.026750 0 19.049500 -21.279100 191.947000 1933.070000 -13 687 1 0 1.000000
1.459560 -1.642130 0 -2.686990 10.948400 198.754000 1933.240000 -13 688 1 0 1.000000
-0.633437 -4.154640 0 -12.014200 -10.027600 190.762000 1933.110000 -13 689 1 0 1.000000
-2.377470 -3.238210 0 16.771000 -5.648130 206.953000 1933.310000 -13 690 1 0 1.000000
-0.932321 -2.934680 0 7.703440 16.054700 212.160000 1933.200000 -13 691 1 0 1.000000
0.329523 -1.907320 0 -5.550800 9.409240 183.493000 1933.100000 -13 692 1 0 1.000000
-1.207640 -1.008100 0 -10.266900 -18.229900 207.308000 1933.120000 -13 693 1 0 1.000000
-0.993544 -2.288000 0 9.552800 -0.666843 202.790000 1933.160000 -13 694 1 0 1.000000
-3.747190 -0.904676 0 0.918359 -19.132000 204.125000 1933.300000 -13 695 1 0 1.000000
-3.579440 -2.302530 0 -5.248770 -21.918200 184.782000 1933.130000 -13 696 1 0 1.000000
-0.808351 0.538858 0 -18.967500 2.598680 181.717000 1933.170000 -13 697 1 0 1.000000
-1.964000 -0.979496 0 15.632400 15.793200 210.095000 1933.160000 -13 698 1 0 1.000000
-0.785136 -1.564230 0 6.651290 -11.665400 205.095000 1933.200000 -13 699 1 0 1.000000
-1.465160 -2.870270 0 -25.177900 -2.182770 199.149000 1933.110000 -13 700 1 0 1.000000
-1.607340 -0.123728 0 -2.935350 -10.967100 189.136000 1933.170000 -13 701 1 0 1.000000
-0.663741 -2.083190 0 13.717900 -1.246100 211.672000 1933.310000 -13 702 1 0 1.000000
1.500550 -3.456160 0 1.225570 3.437880 181.248000 1933.340000 -13 703 1 0 1.000000
-0.504931 -3.044340 0 15.256900 -1.790300 200.077000 1933.120000 -13 704 1 0 1.000000
-0.243807 -0.406795 0 4.330430 -2.632010 187.112000 1933.190000 -13 705 1 0 1.000000
-0.816986 -2.968830 0 16.761400 7.199980 192.881000 1933.170000 -13 706 1 0 1.000000
-1.970090 -4.177180 0 1.400280 -6.479750 190.346000 1933.250000 -13 707 1 0 1.000000
-3.659390 -2.813840 0 3.341600 1.174630 197.990000 1933.070000 -13 708 1 0 1.000000
-1.268580 0.198309 0 1.714370 6.684800 202.300000 1933.170000 -13 709 1 0 1.000000
-0.821985 0.344020 0 14.313400 2.352360 196.879000 1933.120000 -13 710 1 0 1.000000
0.299945 -6.654530 0 7.584580 16.629400 190.657000 1933.240000 -13 711 1 0 1.000000
-1.169830 0.136977 0 5.739940 -4.261620 203.007000 1933.160000 -13 712 1 0 1.000000
-2.229820 -2.025140 0 0.927253 -26.739400 196.267000 1933.190000 -13 713 1 0 1.000000
-3.464280 0.181092 0 -6.589230 -10.000200 186.515000 1933.250000 -13 714 1 0 1.000000
-0.444941 0.590513 0 13.101700 -15.602700 191.240000 1933.140000 -13 715 1 0 1.000000
1.474340 -1.292420 0 0.336900 1.437960 183.046000 1933.140000 -13 716 1 0 1.000000
0.271783 -3.601530 0 -6.138560 3.097970 193.630000 1933.240000 -13 717 1 0 1.000000
0.159239 0.408590 0 -4.536540 11.091800 184.718000 1933.270000 -13 718 1 0 1.000000
-3.150640 -2.695600 0 -0.997689 -9.079990 197.142000 1933.070000 -13 719 1 0 1.000000
2.384210 -3.158420 0 -6.813070 5.326090 195.519000 1933.060000 -13 720 1 0 1.000000
-0.300663 -1.299670 0 3.208490 -7.438900 187.930000 1933.120000 -13 721 1 0 1.000000
-2.678130 0.192728 0 5.749000 -8.139970 192.336000 1933.050000 -13 722 1 0 1.000000
-3.549130 -0.497908 0 -7.519270 -5.349300 192.603000 1933.160000 -13 723 1 0 1.000000
-2.449970 2.027740 0 -7.026850 16.980900 194.147000 1933.150000 -13 724 1 0 1.000000
-0.901419 -2.193890 0 -14.760000 -5.779110 195.422000 1933.060000 -13 725 1 0 1.000000
-0.162153 -0.261517 0 2.729170 5.407050 181.538000 1933.210000 -13 726 1 0 1.000000
1.776660 -3.417500 0 0.135470 10.927500 189.514000 1933.110000 -13 727 1 0 1.000000
-0.644011 -1.337540 0 -1.809560 4.217120 189.644000 1933.210000 -13 728 1 0 1.000000
0.992993 -2.285360 0 -9.347460 -3.567380 189.607000 1933.210000 -13 729 1 0 1.000000
-0.039306 0.888630 0 -7.057740 8.707740 197.342000 1933.090000 -13 730 1 0 1.000000
0.364453 -2.421160 0 -7.695180 -1.452230 186.635000 1933.320000 -13 731 1 0 1.000000
-0.470739 0.970172 0 5.901830 13.839900 212.612000 1933.210000 -13 732 1 0 1.000000
0.713293 -1.943460 0 -2.056200 16.605800 200.211000 1933.140000 -13 733 1 0 1.000000
-2.121490 -0.023968 0 -8.765390 0.697744 201.698000 1933.260000 -13 734 1 0 1.000000
-1.716400 0.554095 0 7.870400 -18.278700 220.800000 1933.220000 -13 735 1 0 1.000000
-0.581907 -3.302010 0 4.215070 2.115840 180.760000 1933.220000 -13 736 1 0 1.000000
-0.998898 -0.659561 0 -10.228900 -9.638960 187.970000 1933.070000 -13 737 1 0 1.000000
-3.390140 1.000880 0 -11.319400 5.161190 188.373000 1933.120000 -13 738 1 0 1.000000
-2.749180 -2.521710 0 -5.657570 4.420720 204.458000 1933.110000 -13 739 1 0 1.000000
0.638792 1.401240 0 6.862420 -3.670290 202.837000 1933.220000 -13 740 1 0 1.000000
0.485766 -1.712770 0 12.766700 2.780940 206.452000 1933.070000 -13 741 1 0 1.000000
-2.363260 -0.358300 0 4.901260 11.985300 198.026000 1933.110000 -13 742 1 0 1.000000
-1.279700 -2.736680 0 -3.988930 15.181300 203.271000 1933.140000 -13 743 1 0 1.000000
-2.509380 -1.644400 0 -4.184120 6.110030 187.518000 1933.380000 -13 744 1 0 1.000000
0.304096 -1.282600 0 -10.678700 -10.210900 195.296000 1933.270000 -13 745 1 0 1.000000
-0.931050 -1.837400 0 8.454380 -1.251810 197.652000 1933.070000 -13 746 1 0 1.000000
-2.289590 0.840679 0 -11.198700 -6.086810 182.786000 1933.190000 -13 747 1 0 1.000000
-1.795260 -0.043232 0 -21.766700 -9.083940 186.798000 1933.180000 -13 748 1 0 1.000000
-2.798750 -2.786740 0 10.494000 14.905900 190.429000 1932.970000 -13 749 1 0 1.000000
-4.675940 -1.123790 0 12.323500 -10.562700 202.250000 1933.110000 -13 750 1 0 1.000000
-1.214490 -2.085260 0 10.280300 -18.845700 187.741000 1933.120000 -13 751 1 0 1.000000
1.108400 -3.088040 0 -17.230300 -7.961040 208.038000 1933.200000 -13 752 1 0 1.000000
-0.803780 -3.582390 0 5.079240 1.231970 195.565000 1933.160000 -13 753 1 0 1.000000
-0.400655 -4.023660 0 -2.769870 0.864363 210.124000 1933.140000 -13 754 1 0 1.000000
-0.764753 -3.494640 0 -2.219450 -9.887360 189.569000 1933.050000 -13 755 1 0 1.000000
0.150005 -0.955916 0 9.063990 -0.970609 189.386000 1933.200000 -13 756 1 0 1.000000
-1.870900 -3.202680 0 1.246680 0.589577 195.182000 1933.320000 -13 757 1 0 1.000000
-2.329540 0.061500 0 -21.785400 1.591620 184.086000 1933.060000 -13 758 1 0 1.000000
-3.780430 -2.186180 0 0.569547 2.801210 206.220000 1933.200000 -13 759 1 0 1.000000
2.576600 -1.000730 0 -3.522430 -8.103810 206.833000 1933.100000 -13 760 1 0 1.000000
-0.429482 -2.699590 0 -15.760500 0.295077 197.185000 1933.150000 -13 761 1 0 1.000000
-2.126320 -0.197826 0 -2.162210 4.638610 204.887000 1933.120000 -13 762 1 0 1.000000
-2.811900 -1.014260 0 -9.296800 21.777600 201.663000 1933.290000 -13 763 1 0 1.000000
1.145000 -2.589250 0 0.444948 -5.705570 189.443000 1933.060000 -13 764 1 0 1.000000
-0.592880 -2.276200 0 2.456870 -9.856750 198.111000 1933.190000 -13 765 1 0 1.000000
0.984600 -3.360970 0 -2.276130 2.607800 196.123000 1933.150000 -13 766 1 0 1.000000
-4.533590 -0.428090 0 -1.597000 -9.375010 198.754000 1933.130000 -13 767 1 0 1.000000
-0.845134 -3.861480 0 22.131000 -10.668700 189.308000 1933.170000 -13 768 1 0 1.000000
0.084612 -3.873600 0 8.015210 11.115700 190.191000 1933.230000 -13 769 1 0 1.000000
-1.423150 -0.730283 0 -8.056760 -1.425460 211.741000 1933.170000 -13 770 1 0 1.000000
-4.345410 -1.952470 0 0.587735 2.424280 183.155000 1933.200000 -13 771 1 0 1.000000
-1.150740 -1.550990 0 -16.456600 13.190500 185.887000 1933.230000 -13 772 1 0 1.000000
-2.236970 0.146595 0 11.848900 -16.022200 182.205000 1933.210000 -13 773 1 0 1.000000
-0.678831 -5.310930 0 -11.863000 -10.450800 206.518000 1933.150000 -13 774 1 0 1.000000
-2.842430 -4.473540 0 3.994030 5.112350 212.751000 1933.150000 -13 775 1 0 1.000000
1.101750 -1.764980 0 18.519700 9.389240 202.536000 1933.150000 -13 776 1 0 1.000000
-1.896500 -1.635160 0 -3.320880 -11.908800 195.643000 1933.080000 -13 777 1 0 1.000000
-1.524390 0.785452 0 2.069270 1.076470 198.058000 1933.220000 -13 778 1 0 1.000000
-1.860460 -0.508732 0 18.951600 3.703490 190.402000 1933.190000 -13 779 1 0 1.000000
-1.130940 -0.955016 0 8.952830 24.998100 191.786000 1933.170000 -13 780 1 0 1.000000
-0.780257 -3.559220 0 -1.350480 1.844240 211.688000 1933.180000 -13 781 1 0 1.000000
0.747070 -3.700160 0 -4.916990 -2.043300 199.723000 1933.270000 -13 782 1 0 1.000000
-3.865200 -0.695006 0 5.418310 -0.065117 205.246000 1933.150000 -13 783 1 0 1.000000
-2.197460 -1.912040 0 6.821910 -0.203510 181.638000 1933.130000 -13 784 1 0 1.000000
-1.276930 -2.213950 0 -5.422650 5.765400 191.170000 1933.290000 -13 785 1 0 1.000000
-1.335020 -0.987831 0 -15.110400 11.144100 185.383000 1933.240000 -13 786 1 0 1.000000
-2.277080 -0.282591 0 7.318590 8.072640 196.340000 1933.270000 -13 787 1 0 1.000000
-0.012769 -3.673820 0 -3.436560 3.428160 194.895000 1933.140000 -13 788 1 0 1.000000
-2.774320 0.230210 0 -6.452870 9.017010 207.856000 1933.200000 -13 789 1 0 1.000000
-3.147330 -0.818487 0 14.633300 -2.204140 184.362000 1933.220000 -13 790 1 0 1.000000
-0.556367 0.160477 0 -3.078750 5.153170 187.344000 1933.120000 -13 791 1 0 1.000000
-1.636830 -1.174180 0 0.708618 -10.140500 198.842000 1933.250000 -13 792 1 0 1.000000
-2.257460 -3.409650 0 -1.234840 8.325560 186.521000 1933.260000 -13 793 1 0 1.000000
-5.484380 -2.111450 0 -4.572540 -11.957700 201.226000 1933.090000 -13 794 1 0 1.000000
2.365810 -2.067980 0 -0.729970 -7.700350 203.516000 1933.130000 -13 795 1 0 1.000000
-1.714770 -1.047530 0 2.968760 -2.445610 185.688000 1933.130000 -13 796 1 0 1.000000
-0.486843 -3.443420 0 1.191030 -17.821500 182.750000 1933.180000 -13 797 1 0 1.000000
-3.260870 0.874309 0 12.002900 -9.312390 190.432000 1933.280000 -13 798 1 0 1.000000
-2.804850 0.199828 0 -12.079800 0.117025 192.526000 1933.170000 -13 799 1 0 1.000000
0.123421 -0.311651 0 3.889210 -10.535800 206.042000 1933.210000 -13 800 1 0 1.000000
-0.408356 -4.588610 0 1.980810 9.964520 196.033000 1933.070000 -13 801 1 0 1.000000
-4.598070 -0.101384 0 -0.398377 7.746570 197.970000 1933.120000 -13 802 1 0 1.000000
0.189884 -0.493650 0 8.468150 -4.157350 189.517000 1933.170000 -13 803 1 0 1.000000
-2.653520 -3.926680 0 -1.032070 8.857290 196.842000 1933.140000 -13 804 1 0 1.000000
-1.574290 -2.744850 0 1.933870 11.872900 187.432000 1933.160000 -13 805 1 0 1.000000
-1.594350 -0.479248 0 14.886300 -16.452500 203.357000 1933.050000 -13 806 1 0 1.000000
1.580460 -3.942210 0 12.191800 11.344400 198.501000 1933.230000 -13 807 1 0 1.000000
-1.137000 -3.256180 0 -7.633250 6.887830 190.175000 1933.230000 -13 808 1 0 1.000000
-1.321020 2.143680 0 -12.246600 -5.883860 192.569000 1933.180000 -13 809 1 0 1.000000
-0.984611 -1.698260 0 0.004870 -8.195790 209.944000 1933.210000 -13 810 1 0 1.000000
0.513380 -3.813270 0 14.221700 -8.509520 212.770000 1933.160000 -13 811 1 0 1.000000
-2.736090 -2.371620 0 -2.809690 6.053370 197.189000 1933.240000 -13 812 1 0 1.000000
-1.388650 -1.809850 0 12.147800 -6.359770 204.366000 1933.290000 -13 813 1 0 1.000000
-0.504727 -2.448330 0 -0.741725 2.350570 194.425000 1933.240000 -13 814 1 0 1.000000
-3.872190 0.271127 0 -10.881100 4.771650 206.001000 1933.200000 -13 815 1 0 1.000000
-3.015530 -1.256630 0 -6.458490 -7.223190 205.621000 1930.260000 -13 816 1 0 1.000000
-1.889090 -2.706960 0 4.766080 10.296800 192.576000 1930.230000 -13 817 1 0 1.000000
-1.495560 -1.730010 0 -11.126900 2.785500 204.447000 1933.160000 -13 818 1 0 1.000000
-1.278730 -0.363988 0 3.462630 1.301270 188.024000 1933.190000 -13 819 1 0 1.000000
-2.662950 -0.528054 0 -3.865310 9.656170 221.111000 1933.180000 -13 820 1 0 1.000000
-2.285920 -2.172010 0 4.848220 2.558050 186.634000 1933.080000 -13 821 1 0 1.000000
0.267557 -2.828580 0 6.272900 26.484800 209.624000 1933.270000 -13 822 1 0 1.000000
-1.085010 0.419850 0 -5.340340 -2.089120 192.037000 1933.030000 -13 823 1 0 1.000000
-0.447426 -1.642200 0 -9.653980 -10.102000 214.189000 1933.120000 -13 824 1 0 1.000000
-0.520145 0.031470 0 5.214860 -5.758480 205.974000 1933.180000 -13 825 1 0 1.000000
-1.138120 -4.434320 0 8.487260 -7.426460 205.610000 1933.240000 -13 826 1 0 1.000000
-3.712550 -2.809970 0 11.979100 0.061200 199.256000 1933.120000 -13 827 1 0 1.000000
-2.637920 0.037705 0 -2.487680 -17.015400 189.780000 1933.190000 -13 828 1 0 1.000000
-1.828000 -1.483200 0 -1.387720 4.092750 187.809000 1933.190000 -13 829 1 0 1.000000
-0.738747 -1.057250 0 -1.453160 -11.723700 187.684000 1933.170000 -13 830 1 0 1.000000
1.124670 -1.893130 0 -7.160390 1.289760 202.026000 1933.160000 -13 831 1 0 1.000000
-2.347000 -0.956507 0 7.929670 13.253800 204.753000 1933.290000 -13 832 1 0 1.000000
-4.758930 0.452441 0 -3.639830 6.586640 199.458000 1933.230000 -13 833 1 0 1.000000
-3.488160 -1.150050 0 5.764950 19.197300 206.623000 1933.110000 -13 834 1 0 1.000000
-1.658100 0.275053 0 6.553550 14.492100 187.030000 1933.210000 -13 835 1 0 1.000000
-2.561400 -0.428279 0 -3.887480 -1.452020 191.235000 1933.040000 -13 836 1 0 1.000000
-1.881660 -0.638164 0 2.453700 2.782080 183.193000 1933.230000 -13 837 1 0 1.000000
0.658144 -2.221590 0 15.199300 12.001200 193.778000 1933.160000 -13 838 1 0 1.000000
-4.142790 -2.466890 0 -42.429100 0.591023 194.637000 1933.040000 -13 839 1 0 1.000000
-1.822490 -3.870520 0 9.221450 -2.187620 182.747000 1933.200000 -13 840 1 0 1.000000
-1.308530 -3.398640 0 7.352370 -2.150450 189.147000 1933.100000 -13 841 1 0 1.000000
-1.679740 -4.161180 0 14.082500 -10.328600 192.838000 1933.180000 -13 842 1 0 1.000000
-2.086800 -4.853460 0 8.669210 2.190000 203.795000 1933.020000 -13 843 1 0 1.000000
-0.742916 -1.525000 0 7.687320 -16.164100 185.308000 1933.180000 -13 844 1 0 1.000000
-0.411000 -0.253603 0 -13.719300 12.162800 213.309000 1933.220000 -13 845 1 0 1.000000
-2.657840 -1.064210 0 6.738700 2.552230 181.241000 1933.080000 -13 846 1 0 1.000000
-0.344413 -0.910356 0 -8.690160 13.267600 192.066000 1933.180000 -13 847 1 0 1.000000
-1.121750 -1.921690 0 2.369880 6.436440 198.746000 1933.100000 -13 848 1 0 1.000000
0.129692 -2.311950 0 -1.392900 8.403780 191.027000 1933.180000 -13 849 1 0 1.000000
-2.201800 -1.334040 0 -10.166600 7.223320 200.241000 1933.190000 -13 850 1 0 1.000000
-1.968350 -3.308290 0 -6.589590 5.413060 187.212000 1933.090000 -13 851 1 0 1.000000
-0.530388 -0.588888 0 -13.074600 16.718500 195.904000 1933.160000 -13 852 1 0 1.000000
0.860903 -2.426850 0 -11.756000 0.240139 209.813000 1933.100000 -13 853 1 0 1.000000
-2.419600 -1.322700 0 -8.032890 -16.820600 181.934000 1933.170000 -13 854 1 0 1.000000
-2.856930 0.608177 0 -12.129700 2.867340 205.133000 1933.140000 -13 855 1 0 1.000000
-0.963048 -1.366210 0 -6.110570 5.324730 182.885000 1933.180000 -13 856 1 0 1.000000
-0.912137 -1.273270 0 -18.222700 -0.775756 181.585000 1933.190000 -13 857 1 0 1.000000
-1.281840 -1.907010 0 -4.164830 12.999600 179.380000 1933.210000 -13 858 1 0 1.000000
-3.359620 -2.167780 0 7.019130 3.007320 189.306000 1933.100000 -13 859 1 0 1.000000
0.684160 -2.548390 0 4.437500 -0.353527 199.970000 1933.320000 -13 860 1 0 1.000000
-1.992640 -2.617560 0 0.171857 -23.571100 188.174000 1933.070000 -13 861 1 0 1.000000
-2.380190 -1.628630 0 12.065800 16.153800 185.285000 1933.250000 -13 862 1 0 1.000000
-0.897859 -1.228980 0 -0.774091 4.778270 180.195000 1933.160000 -13 863 1 0 1.000000
-1.518330 -0.039599 0 6.082770 -15.803600 188.895000 1933.310000 -13 864 1 0 1.000000
0.115415 -1.198950 0 -7.460780 2.677280 203.725000 1933.390000 -13 865 1 0 1.000000
0.241807 -2.010630 0 -12.764500 5.711300 188.530000 1933.190000 -13 866 1 0 1.000000
-1.918830 -0.176667 0 -9.443050 14.871000 214.716000 1933.130000 -13 867 1 0 1.000000
2.281180 -0.935821 0 -8.706160 13.905700 188.868000 1933.170000 -13 868 1 0 1.000000
-0.026814 -2.008540 0 14.909200 -1.297710 191.675000 1933.200000 -13 869 1 0 1.000000
-1.989290 1.244460 0 -2.112100 -2.909120 197.785000 1933.130000 -13 870 1 0 1.000000
-2.562420 -0.913924 0 -8.507030 5.157670 198.079000 1933.060000 -13 871 1 0 1.000000
0.370556 -3.127430 0 17.625800 4.967860 192.950000 1933.240000 -13 872 1 0 1.000000
0.780621 -3.636030 0 -8.271160 -4.521370 190.315000 1933.220000 -13 873 1 0 1.000000
-0.420889 -1.534520 0 -6.986730 -4.517330 184.849000 1933.210000 -13 874 1 0 1.000000
-2.665870 -1.503190 0 -1.162110 3.188330 190.045000 1933.080000 -13 875 1 0 1.000000
-2.028040 -0.741920 0 -18.420900 1.921240 192.769000 1933.140000 -13 876 1 0 1.000000
-2.086050 -2.705820 0 7.859860 18.266700 185.565000 1933.190000 -13 877 1 0 1.000000
-0.460772 -1.486830 0 -22.047400 -7.568360 190.975000 1933.140000 -13 878 1 0 1.000000
-2.336720 -3.482210 0 2.336180 -14.577800 198.530000 1933.260000 -13 879 1 0 1.000000
-0.273875 0.765833 0 -20.088000 23.642200 193.734000 1933.280000 -13 880 1 0 1.000000
-1.106650 0.359718 0 -6.959150 4.396330 201.516000 1933.040000 -13 881 1 0 1.000000
2.490600 -1.577100 0 -6.874590 -3.281130 198.701000 1933.130000 -13 882 1 0 1.000000
-0.967218 -0.570771 0 -2.841890 -1.289080 196.033000 1933.180000 -13 883 1 0 1.000000
-0.136634 -0.944692 0 1.369040 -16.896600 204.283000 1933.190000 -13 884 1 0 1.000000
0.288329 -1.574400 0 -5.640330 -1.409600 211.574000 1933.080000 -13 885 1 0 1.000000
0.924388 0.210314 0 -14.721300 6.466940 190.074000 1933.070000 -13 886 1 0 1.000000
-2.829880 -3.797390 0 4.280020 -15.980600 208.426000 1933.090000 -13 887 1 0 1.000000
0.132127 -0.985273 0 11.806400 -19.966800 180.116000 1933.130000 -13 888 1 0 1.000000
-0.725327 -2.800470 0 11.124300 -16.463100 180.807000 1933.200000 -13 889 1 0 1.000000
-0.826290 -4.290450 0 10.005200 -4.126740 183.459000 1933.180000 -13 890 1 0 1.000000
-0.026308 -1.102140 0 -17.147700 -11.716200 200.680000 1933.160000 -13 891 1 0 1.000000
-3.003550 -2.237910 0 -8.707430 -12.349600 214.145000 1933.220000 -13 892 1 0 1.000000
-0.768408 -3.378010 0 -8.836650 12.873800 203.313000 1933.280000 -13 893 1 0 1.000000
-2.108050 1.233750 0 -8.186700 -9.695940 198.527000 1933.180000 -13 894 1 0 1.000000
0.380201 -1.120040 0 -6.216270 9.100020 188.735000 1933.200000 -13 895 1 0 1.000000
-1.619430 -1.690930 0 1.639390 2.955090 208.068000 1933.220000 -13 896 1 0 1.000000
0.883903 -0.809167 0 2.701890 -12.508000 190.620000 1933.140000 -13 897 1 0 1.000000
0.895231 -2.147700 0 -3.809800 16.855500 204.527000 1933.240000 -13 898 1 0 1.000000
-0.591595 0.270986 0 15.952700 -0.227756 205.598000 1933.040000 -13 899 1 0 1.000000
-1.963760 -0.700487 0 -7.443560 8.622250 196.213000 1933.170000 -13 900 1 0 1.000000
-2.091050 0.705506 0 -15.482900 0.455506 191.171000 1933.110000 -13 901 1 0 1.000000
-3.041990 -0.648953 0 4.317370 -9.019410 185.244000 1933.140000 -13 902 1 0 1.000000
-2.920110 0.321185 0 -22.531600 -12.169700 210.242000 1933.240000 -13 903 1 0 1.000000
-3.635630 -2.450640 0 6.914460 11.916000 208.286000 1933.090000 -13 904 1 0 1.000000
-1.411250 -0.430913 0 -10.483300 -23.257500 199.593000 1933.190000 -13 905 1 0 1.000000
-0.907722 -3.633770 0 13.065900 13.359900 195.261000 1933.320000 -13 906 1 0 1.000000
-1.561940 0.217341 0 -3.527730 17.160600 206.221000 1933.190000 -13 907 1 0 1.000000
-2.533830 0.249052 0 -3.924540 -1.410480 193.082000 1933.170000 -13 908 1 0 1.000000
-1.079770 -2.141760 0 4.503200 -0.824034 203.281000 1933.190000 -13 909 1 0 1.000000
-3.438770 0.867092 0 -2.132180 -1.643080 196.397000 1933.050000 -13 910 1 0 1.000000
-2.074470 -1.429380 0 9.005400 -4.026570 192.662000 1933.090000 -13 911 1 0 1.000000
-2.862100 -2.451120 0 3.033210 -1.412510 208.634000 1933.110000 -13 912 1 0 1.000000
-0.544740 -1.710510 0 -12.069700 6.334150 190.470000 1933.100000 -13 913 1 0 1.000000
0.706727 -1.865300 0 6.946060 2.612630 201.395000 1933.100000 -13 914 1 0 1.000000
0.313038 -2.045140 0 -0.984493 6.701490 192.639000 1933.120000 -13 915 1 0 1.000000
-0.047117 0.020527 0 10.861600 10.972700 196.011000 1933.100000 -13 916 1 0 1.000000
-1.769940 -0.255643 0 3.234190 4.403650 190.887000 1933.070000 -13 917 1 0 1.000000
-1.206340 1.148930 0 4.893140 -1.528910 197.698000 1933.070000 -13 918 1 0 1.000000
-1.016230 -2.986480 0 10.584300 11.694000 197.233000 1933.220000 -13 919 1 0 1.000000
-2.652940 -1.729580 0 -8.995290 -5.690580 192.836000 1933.110000 -13 920 1 0 1.000000
-0.404235 -2.690060 0 -7.224750 14.384700 195.645000 1933.090000 -13 921 1 0 1.000000
1.262650 -2.668430 0 -11.884000 -19.740200 204.251000 1933.110000 -13 922 1 0 1.000000
-0.134895 -1.383120 0 10.011800 11.568700 211.436000 1933.200000 -13 923 1 0 1.000000
1.663620 -3.503340 0 -1.489450 7.809690 196.016000 1933.240000 -13 924 1 0 1.000000
-0.374390 0.714246 0 -5.248100 10.599200 199.967000 1933.360000 -13 925 1 0 1.000000
-2.488280 -3.761920 0 -17.928200 -8.131210 190.617000 1933.070000 -13 926 1 0 1.000000
-2.740140 -2.246860 0 -7.496430 -6.316000 206.526000 1933.100000 -13 927 1 0 1.000000
0.109350 -2.572180 0 1.112500 13.259600 198.275000 1933.200000 -13 928 1 0 1.000000
-3.138180 -2.409730 0 -0.584511 7.175050 184.521000 1933.190000 -13 929 1 0 1.000000
-2.432080 -3.492170 0 -7.511620 10.584000 208.223000 1933.130000 -13 930 1 0 1.000000
-0.558920 -1.840960 0 -4.247220 8.840000 183.044000 1933.130000 -13 931 1 0 1.000000
0.806577 -2.329000 0 11.676800 11.831100 187.761000 1933.170000 -13 932 1 0 1.000000
-1.629880 -1.271830 0 -11.798800 -21.757100 198.364000 1933.300000 -13 933 1 0 1.000000
-1.238840 0.637148 0 -14.834900 -9.996100 194.396000 1933.110000 -13 934 1 0 1.000000
-1.425790 -1.182170 0 -4.729290 -9.562820 189.263000 1933.190000 -13 935 1 0 1.000000
-1.630250 0.188070 0 -13.857800 -17.107500 192.447000 1933.200000 -13 936 1 0 1.000000
-1.597360 -1.987210 0 -10.587400 8.528180 193.144000 1933.160000 -13 937 1 0 1.000000
-2.597670 -0.477640 0 -7.472980 0.124451 190.059000 1933.280000 -13 938 1 0 1.000000
-2.850290 -0.614918 0 -9.556180 2.068320 205.090000 1933.120000 -13 939 1 0 1.000000
0.978939 -1.961720 0 -3.980000 2.518090 184.135000 1933.210000 -13 940 1 0 1.000000
-0.274795 -3.923520 0 13.120900 8.226050 187.005000 1933.220000 -13 941 1 0 1.000000
0.102895 -0.908986 0 10.994100 12.099800 193.415000 1933.050000 -13 942 1 0 1.000000
-4.993650 -1.438670 0 -2.118940 -3.479470 206.710000 1933.120000 -13 943 1 0 1.000000
0.005728 -0.112695 0 -12.800100 -5.468310 178.153000 1933.200000 -13 944 1 0 1.000000
-0.894805 -2.228160 0 6.578120 -7.360670 210.566000 1933.190000 -13 945 1 0 1.000000
-1.014350 -0.164014 0 -5.679060 -3.920250 188.381000 1933.170000 -13 946 1 0 1.000000
-2.031170 -2.477390 0 10.367400 -10.775900 190.557000 1933.180000 -13 947 1 0 1.000000
-2.760410 -2.528320 0 -2.614950 -13.901300 202.882000 1933.190000 -13 948 1 0 1.000000
0.083427 -3.675990 0 9.973290 12.381800 187.149000 1933.130000 -13 949 1 0 1.000000
0.974888 -1.747980 0 13.696100 -22.471700 187.313000 1933.080000 -13 950 1 0 1.000000
-4.042460 -0.344341 0 11.725300 0.218314 200.135000 1933.180000 -13 951 1 0 1.000000
-0.985236 -1.818940 0 3.506170 17.357000 202.359000 1933.110000 -13 952 1 0 1.000000
-2.322440 -4.317650 0 11.123800 -5.303640 208.646000 1933.250000 -13 953 1 0 1.000000
-0.576543 -5.326980 0 -3.738200 1.898680 190.687000 1933.130000 -13 954 1 0 1.000000
-3.060750 0.477341 0 -2.539370 -23.611700 206.263000 1933.200000 -13 955 1 0 1.000000
-3.102800 0.099598 0 -9.177580 -12.540300 185.239000 1933.250000 -13 956 1 0 1.000000
0.992016 -1.680410 0 -19.369900 -2.967320 193.835000 1933.250000 -13 957 1 0 1.000000
-0.565652 -2.088280 0 7.653190 -9.533250 189.142000 1933.200000 -13 958 1 0 1.000000
-1.794580 -1.471990 0 -7.780760 1.005410 186.688000 1933.190000 -13 959 1 0 1.000000
-0.493826 -1.432990 0 -6.331130 -1.632450 204.649000 1933.060000 -13 960 1 0 1.000000
-1.715490 0.544736 0 5.878770 -25.895600 209.084000 1933.380000 -13 961 1 0 1.000000
-3.725780 -1.501350 0 3.547610 15.674200 191.434000 1933.060000 -13 962 1 0 1.000000
-0.365185 -1.895460 0 3.536830 -10.919700 183.909000 1933.060000 -13 963 1 0 1.000000
-1.547390 -0.117986 0 -6.174470 -6.686040 192.920000 1933.070000 -13 964 1 0 1.000000
-3.797710 0.399985 0 -2.100690 -9.158010 196.565000 1933.200000 -13 965 1 0 1.000000
-2.064880 1.072090 0 -5.655890 4.948620 202.595000 1933.090000 -13 966 1 0 1.000000
-0.169002 -3.512430 0 19.238200 5.022070 185.638000 1933.250000 -13 967 1 0 1.000000
-3.348400 -3.060160 0 8.559920 -15.296900 193.057000 1933.220000 -13 968 1 0 1.000000
-2.846130 -0.817134 0 2.756670 -11.192600 193.522000 1933.100000 -13 969 1 0 1.000000
-2.109860 -2.648880 0 -5.023060 10.412400 207.383000 1933.170000 -13 970 1 0 1.000000
-0.969686 -1.242880 0 15.461200 -12.304200 183.365000 1933.240000 -13 971 1 0 1.000000
-2.806610 -2.984920 0 -16.618500 -8.346530 207.144000 1933.150000 -13 972 1 0 1.000000
-2.350390 -0.873476 0 6.588490 -7.277930 181.403000 1933.180000 -13 973 1 0 1.000000
-2.388750 -2.915130 0 -6.034980 -11.878900 210.011000 1933.100000 -13 974 1 0 1.000000
-0.051395 -0.553787 0 7.140060 -18.562300 185.932000 1933.150000 -13 975 1 0 1.000000
-3.892710 -1.320480 0 -9.857360 -15.097500 221.090000 1933.170000 -13 976 1 0 1.000000
-1.121300 0.962555 0 -13.556600 14.641800 198.337000 1933.200000 -13 977 1 0 1.000000
-2.620570 -2.526050 0 7.825680 26.528000 198.377000 1933.180000 -13 978 1 0 1.000000
-4.036630 -1.202250 0 -20.849000 10.549300 210.191000 1933.160000 -13 979 1 0 1.000000
-2.846920 -0.541137 0 -3.551530 0.980935 205.678000 1933.120000 -13 980 1 0 1.000000
-0.436353 -0.318209 0 9.908420 -0.280284 189.019000 1933.180000 -13 981 1 0 1.000000
-1.039670 -0.433500 0 5.072650 -4.443990 210.532000 1933.120000 -13 982 1 0 1.000000
-0.545486 -3.624430 0 4.794290 -0.239445 181.219000 1933.150000 -13 983 1 0 1.000000
-2.188650 -2.842540 0 12.876600 -9.482730 193.429000 1933.060000 -13 984 1 0 1.000000
2.066970 -2.534400 0 2.693860 -9.278550 192.676000 1933.160000 -13 985 1 0 1.000000
-2.554300 -0.529067 0 6.204900 3.054830 209.551000 1933.200000 -13 986 1 0 1.000000
1.385910 -2.006210 0 1.172110 5.251770 187.228000 1933.090000 -13 987 1 0 1.000000
-1.540340 -0.130702 0 -28.322300 -2.251200 197.344000 1933.240000 -13 988 1 0 1.000000
-0.326987 -1.193210 0 5.381730 4.261880 193.351000 1933.090000 -13 989 1 0 1.000000
-0.934427 -2.211620 0 6.718310 24.949800 197.391000 1933.070000 -13 990 1 0 1.000000
-2.036520 -5.771880 0 12.567900 0.038743 194.561000 1933.110000 -13 991 1 0 1.000000
-0.192522 -1.671900 0 -2.592190 4.137780 183.455000 1933.300000 -13 992 1 0 1.000000
-0.933378 -2.367150 0 11.069600 4.580190 207.048000 1933.190000 -13 993 1 0 1.000000
-2.125700 -1.541960 0 -3.095030 -3.990110 185.499000 1933.120000 -13 994 1 0 1.000000
-1.332930 -3.757670 0 10.830000 14.859400 199.572000 1933.080000 -13 995 1 0 1.000000
-4.194470 -3.263250 0 12.519900 -22.798500 207.227000 1933.140000 -13 996 1 0 1.000000
0.077971 -3.217750 0 1.830140 18.826100 206.887000 1933.240000 -13 997 1 0 1.000000
0.804045 -2.952980 0 13.955200 1.794670 203.754000 1933.100000 -13 998 1 0 1.000000
-1.549130 -0.790186 0 -15.469100 6.276700 177.704000 1933.150000 -13 999 1 0 1.000000
1.927360 -0.320946 0 -7.265500 -0.880167 203.792000 1933.240000 -13 1000 1 0 1.000000
-1.456840 -2.148260 0 20.478300 10.217300 185.447000 1933.260000 -13 1001 1 0 1.000000
0.709361 -2.806260 0 0.717646 6.011920 188.670000 1933.190000 -13 1002 1 0 1.000000
-1.512950 1.455420 0 19.022800 9.204370 189.163000 1933.130000 -13 1003 1 0 1.000000
-0.254335 -2.551980 0 4.219230 4.939740 190.357000 1933.220000 -13 1004 1 0 1.000000
-0.869904 -5.011800 0 18.198900 7.731730 180.313000 1933.220000 -13 1005 1 0 1.000000
0.825365 -3.464440 0 2.068210 0.772244 189.306000 1933.140000 -13 1006 1 0 1.000000
-0.319397 0.686372 0 -18.108400 11.176600 199.368000 1933.210000 -13 1007 1 0 1.000000
-1.271110 -1.400320 0 -16.134600 2.990040 175.923000 1933.100000 -13 1008 1 0 1.000000
-2.934890 -0.438778 0 -2.101120 11.496900 200.693000 1933.020000 -13 1009 1 0 1.000000
0.847813 -4.172600 0 -5.960840 -4.463570 196.451000 1933.220000 -13 1010 1 0 1.000000
-2.038710 -0.064489 0 -5.943000 2.082840 188.657000 1933.170000 -13 1011 1 0 1.000000
-0.648202 -0.184469 0 9.575580 4.175120 198.318000 1933.210000 -13 1012 1 0 1.000000
-1.372670 -1.782020 0 -0.735319 -18.815000 190.002000 1933.080000 -13 1013 1 0 1.000000
-0.436713 -1.816310 0 12.786500 3.402360 193.720000 1933.180000 -13 1014 1 0 1.000000
-0.978823 -0.225813 0 6.535990 -4.359580 182.032000 1933.100000 -13 1015 1 0 1.000000
-2.434970 -0.312904 0 3.069530 3.974570 185.143000 1933.150000 -13 1016 1 0 1.000000
-2.760030 -3.402660 0 -11.383200 -3.035330 201.078000 1933.130000 -13 1017 1 0 1.000000
-0.986565 -0.776762 0 -7.981060 8.880490 186.230000 1933.130000 -13 1018 1 0 1.000000
-0.767058 -0.701233 0 0.746420 1.853880 175.663000 1933.160000 -13 1019 1 0 1.000000
-0.689850 -1.528820 0 13.038900 -6.224240 184.432000 1933.100000 -13 1020 1 0 1.000000
-1.500800 -2.247290 0 20.375000 -0.738035 187.269000 1933.170000 -13 1021 1 0 1.000000
-1.487890 -0.863716 0 -8.820220 9.127890 211.299000 1933.200000 -13 1022 1 0 1.000000
-0.438234 -3.702590 0 1.354520 -0.261072 197.312000 1933.080000 -13 1023 1 0 1.000000
-0.081307 -2.083130 0 -3.261410 11.658600 185.168000 1933.100000 -13 1024 1 0 1.000000
0.029049 -0.424113 0 3.428510 -8.687610 197.275000 1933.160000 -13 1025 1 0 1.000000
-1.599830 -1.343520 0 -2.530260 -0.485307 192.068000 1933.250000 -13 1026 1 0 1.000000
1.082730 -4.114340 0 -2.816450 0.460522 190.741000 1933.120000 -13 1027 1 0 1.000000
-1.209660 -3.784110 0 -15.748400 -1.062560 194.845000 1933.070000 -13 1028 1 0 1.000000
-0.758109 -0.391397 0 -7.511110 10.013400 197.995000 1933.170000 -13 1029 1 0 1.000000
-0.538434 -0.486541 0 1.866910 21.862100 197.112000 1933.120000 -13 1030 1 0 1.000000
0.037395 -0.594967 0 -10.299500 7.575810 192.654000 1933.110000 -13 1031 1 0 1.000000
-2.842600 -0.060284 0 -17.009900 -4.110790 212.126000 1933.200000 -13 1032 1 0 1.000000
0.054152 -2.268830 0 -0.694398 19.854800 203.868000 1933.300000 -13 1033 1 0 1.000000
-1.878340 -3.115410 0 17.219900 8.943040 204.466000 1933.130000 -13 1034 1 0 1.000000
0.600239 -0.028865 0 10.444900 11.646300 189.767000 1933.140000 -13 1035 1 0 1.000000
1.833040 -3.998010 0 -0.124969 -1.875810 188.605000 1933.120000 -13 1036 1 0 1.000000
-3.163330 0.154661 0 -4.897150 1.578740 187.007000 1933.280000 -13 1037 1 0 1.000000
-1.935340 -2.650870 0 8.162810 -13.963600 181.399000 1933.200000 -13 1038 1 0 1.000000
-3.292050 -1.267650 0 -3.507310 -12.589000 180.211000 1933.210000 -13 1039 1 0 1.000000
0.433281 -2.584000 0 5.462410 -11.858300 197.724000 1933.220000 -13 1040 1 0 1.000000
-0.820451 -3.520290 0 7.763810 -3.522800 207.847000 1933.170000 -13 1041 1 0 1.000000
-1.813200 -1.728030 0 5.354850 4.756390 186.999000 1933.350000 -13 1042 1 0 1.000000
-0.923443 1.254700 0 -3.764720 18.381100 195.548000 1933.100000 -13 1043 1 0 1.000000
0.236570 -2.371280 0 -11.094600 -8.316880 183.056000 1933.160000 -13 1044 1 0 1.000000
-2.841850 -4.611030 0 -15.253400 -4.742270 205.364000 1933.170000 -13 1045 1 0 1.000000
-1.659340 -1.842170 0 2.899570 1.907020 207.137000 1933.070000 -13 1046 1 0 1.000000
0.437989 1.349730 0 -6.701960 17.303700 186.351000 1933.100000 -13 1047 1 0 1.000000
-2.880740 0.660183 0 8.243360 -7.558350 185.737000 1933.160000 -13 1048 1 0 1.000000
1.607310 -1.576910 0 -2.132630 0.771396 191.487000 1933.170000 -13 1049 1 0 1.000000
0.322965 -1.891960 0 2.901280 -1.475770 185.034000 1933.220000 -13 1050 1 0 1.000000
-0.872370 -0.362441 0 -3.666860 -14.174600 204.919000 1933.180000 -13 1051 1 0 1.000000
1.721920 -4.347060 0 -9.253450 9.329000 188.188000 1933.190000 -13 1052 1 0 1.000000
-1.306710 -1.761870 0 5.122690 -8.006720 183.798000 1933.060000 -13 1053 1 0 1.000000
1.027300 -1.301920 0 8.286340 8.066700 196.491000 1933.130000 -13 1054 1 0 1.000000
0.345653 -2.125860 0 -2.039380 -0.149532 190.276000 1933.090000 -13 1055 1 0 1.000000
-0.572569 0.993661 0 -6.100200 10.104100 191.761000 1933.120000 -13 1056 1 0 1.000000
0.119908 -0.825684 0 -3.419520 13.077400 186.499000 1933.050000 -13 1057 1 0 1.000000
-3.406820 -1.900390 0 -17.954500 -5.484810 208.562000 1933.150000 -13 1058 1 0 1.000000
-2.753910 -1.816740 0 -0.368507 3.111080 192.510000 1933.080000 -13 1059 1 0 1.000000
-0.174021 -0.670274 0 -5.823460 12.447900 184.565000 1933.070000 -13 1060 1 0 1.000000
-2.986150 -0.988505 0 2.155530 -10.631800 195.564000 1933.090000 -13 1061 1 0 1.000000
1.696340 1.635380 0 7.790380 -21.871400 195.087000 1933.100000 -13 1062 1 0 1.000000
0.075838 -0.115586 0 2.829790 -3.968420 202.141000 1933.130000 -13 1063 1 0 1.000000
-0.543635 -1.389250 0 11.571200 13.241600 203.991000 1933.160000 -13 1064 1 0 1.000000
-1.897350 2.852030 0 -13.783000 -4.044120 206.339000 1933.060000 -13 1065 1 0 1.000000
-2.106210 -3.326300 0 8.858000 -10.128400 190.717000 1933.070000 -13 1066 1 0 1.000000
-1.102860 -4.471610 0 13.125100 -1.199360 192.191000 1933.170000 -13 1067 1 0 1.000000
-1.068190 -1.952960 0 -4.254220 4.142140 193.115000 1933.200000 -13 1068 1 0 1.000000
-1.888770 -1.946760 0 1.839990 -4.951060 194.011000 1933.290000 -13 1069 1 0 1.000000
1.750710 0.083460 0 -1.939220 -4.917800 193.509000 1933.100000 -13 1070 1 0 1.000000
-2.215160 -2.386450 0 -5.531860 -6.196590 187.514000 1933.100000 -13 1071 1 0 1.000000
0.556949 -3.107590 0 10.754800 0.118699 189.259000 1933.210000 -13 1072 1 0 1.000000
1.188940 -0.065628 0 -10.970400 23.426000 196.432000 1933.080000 -13 1073 1 0 1.000000
1.799460 -1.519170 0 3.191920 6.510720 198.347000 1933.250000 -13 1074 1 0 1.000000
-0.120541 -3.626940 0 6.466910 7.734940 193.800000 1933.150000 -13 1075 1 0 1.000000
-0.442248 -0.912004 0 0.430531 -7.726700 188.840000 1933.030000 -13 1076 1 0 1.000000
-1.785890 -0.556983 0 -6.077760 8.311330 192.773000 1933.030000 -13 1077 1 0 1.000000
-2.392530 -0.152662 0 -6.222920 16.090100 189.096000 1933.170000 -13 1078 1 0 1.000000
-2.537810 -0.070672 0 2.357910 -10.145700 187.674000 1933.230000 -13 1079 1 0 1.000000
-2.793690 1.550200 0 -4.134760 2.567720 199.563000 1933.120000 -13 1080 1 0 1.000000
-3.489510 -4.068620 0 -6.889710 -9.151460 191.042000 1933.150000 -13 1081 1 0 1.000000
-1.708650 -0.637071 0 3.380970 -7.401310 205.024000 1933.310000 -13 1082 1 0 1.000000
-1.741090 -1.736750 0 19.769500 -24.489800 187.677000 1933.320000 -13 1083 1 0 1.000000
-0.910193 -2.650170 0 -12.160500 -4.101900 191.582000 1933.190000 -13 1084 1 0 1.000000
0.175179 -3.998130 0 -0.016911 11.632300 193.184000 1933.230000 -13 1085 1 0 1.000000
-0.320840 0.953312 0 5.076670 -7.325930 192.521000 1933.220000 -13 1086 1 0 1.000000
-3.264500 0.919613 0 2.426550 -2.461370 188.642000 1933.310000 -13 1087 1 0 1.000000
-2.249510 0.403559 0 -0.389087 -0.489504 184.783000 1933.140000 -13 1088 1 0 1.000000
1.011850 -0.688038 0 16.940400 -21.612400 198.815000 1933.190000 -13 1089 1 0 1.000000
-0.684830 -3.264240 0 2.632260 -2.775430 199.581000 1933.140000 -13 1090 1 0 1.000000
-1.174810 -0.904097 0 -2.848450 -8.067760 192.407000 1933.010000 -13 1091 1 0 1.000000
0.520159 -0.262782 0 -9.677050 -15.592600 190.281000 1933.140000 -13 1092 1 0 1.000000
-2.198840 -2.644770 0 6.175740 3.570440 206.693000 1933.110000 -13 1093 1 0 1.000000
-3.073540 -0.299809 0 -13.058300 3.441660 199.490000 1933.250000 -13 1094 1 0 1.000000
