#BLTrackFile solenoid_cooling_channel
#x y z Px Py Pz t PDGid EvNum TrkId Parent weight
-1.011640 -1.638660 0 0.000000 0.000000 193.000000 1933.190000 -13 1 1 0 1.000000
-1.144620 -1.789100 0 -5.396400 2.335730 194.125000 1933.190000 -13 2 1 0 1.000000
-2.233270 -2.161170 0 5.348390 -9.043450 189.188000 1933.170000 -13 3 1 0 1.000000
-2.463160 -1.154580 0 -9.429250 -12.127700 192.360000 1933.070000 -13 4 1 0 1.000000
-3.945700 -0.420491 0 4.759440 -23.762800 192.172000 1933.180000 -13 5 1 0 1.000000
-0.419715 -1.532240 0 13.731800 -14.027300 185.862000 1933.130000 -13 6 1 0 1.000000
-4.937260 -3.281530 0 -10.230100 -8.823450 199.295000 1933.150000 -13 7 1 0 1.000000
-0.502039 -2.257740 0 0.858294 -7.379890 194.885000 1933.240000 -13 8 1 0 1.000000
-0.103022 -4.666200 0 1.329990 11.210800 194.103000 1933.150000 -13 9 1 0 1.000000
-2.292800 -4.206760 0 -3.838840 -7.159410 188.447000 1933.170000 -13 10 1 0 1.000000
0.002923 0.664564 0 -7.618560 9.581280 205.366000 1933.130000 -13 11 1 0 1.000000
-0.842049 -2.261000 0 8.148930 -13.585100 199.601000 1933.130000 -13 12 1 0 1.000000
-1.276230 -3.738880 0 12.975200 -4.864500 193.865000 1933.240000 -13 13 1 0 1.000000
-3.704060 0.252455 0 -12.283100 0.213724 193.270000 1933.230000 -13 14 1 0 1.000000
-1.434540 -2.115480 0 9.370730 -0.828576 201.842000 1933.100000 -13 15 1 0 1.000000
-2.281610 -2.473900 0 1.472090 -8.893910 200.754000 1933.110000 -13 16 1 0 1.000000
0.277019 0.256316 0 8.541730 -8.339680 181.349000 1933.210000 -13 17 1 0 1.000000
-1.893460 -0.501223 0 7.834170 -0.333542 207.364000 1933.160000 -13 18 1 0 1.000000
-2.202010 0.963118 0 -7.430060 -1.248330 204.075000 1933.090000 -13 19 1 0 1.000000
-1.221160 -2.604440 0 -5.298000 -3.413190 194.268000 1933.100000 -13 20 1 0 1.000000
-3.119940 -4.071640 0 4.243850 -6.048670 198.504000 1933.190000 -13 21 1 0 1.000000
-2.257460 -2.936710 0 19.916000 -14.433700 205.926000 1933.170000 -13 22 1 0 1.000000
-4.075320 -3.409810 0 8.319810 17.301400 196.252000 1933.280000 -13 23 1 0 1.000000
-0.644709 -6.405780 0 11.439800 -5.172510 198.559000 1933.120000 -13 24 1 0 1.000000
0.402090 -0.737765 0 -5.464510 -1.363340 188.949000 1933.130000 -13 25 1 0 1.000000
-3.044080 -0.487069 0 -2.346350 -19.606700 191.296000 1933.160000 -13 26 1 0 1.000000
-3.790860 -1.456990 0 8.801970 -17.361900 188.734000 1933.110000 -13 27 1 0 1.000000
-2.586910 -0.694470 0 1.451000 -4.732290 197.176000 1933.070000 -13 28 1 0 1.000000
-1.283500 0.150854 0 15.751100 19.725300 195.730000 1933.140000 -13 29 1 0 1.000000
-1.458880 -3.824120 0 -4.208830 1.041360 197.707000 1933.200000 -13 30 1 0 1.000000
-0.162514 -3.746520 0 -12.095000 -1.588090 187.394000 1933.150000 -13 31 1 0 1.000000
-0.134053 -3.198930 0 12.936800 1.512500 189.891000 1933.160000 -13 32 1 0 1.000000
0.934746 -4.269270 0 4.637530 3.576620 189.567000 1933.130000 -13 33 1 0 1.000000
0.133444 -4.384380 0 20.517700 1.626270 209.828000 1933.180000 -13 34 1 0 1.000000
-0.541910 -3.456370 0 15.894600 18.570600 193.795000 1933.050000 -13 35 1 0 1.000000
0.496535 -2.690810 0 5.286640 16.925900 200.991000 1933.330000 -13 36 1 0 1.000000
-0.668521 -1.066630 0 -0.573437 8.828450 204.806000 1933.180000 -13 37 1 0 1.000000
-2.806400 -3.239790 0 0.195942 14.563000 197.623000 1933.170000 -13 38 1 0 1.000000
-0.535684 -1.878940 0 4.548690 -6.537140 191.034000 1933.100000 -13 39 1 0 1.000000
-4.024770 -2.591390 0 -12.625500 0.833529 197.991000 1933.080000 -13 40 1 0 1.000000
-1.479840 0.390407 0 -6.837260 -6.247150 190.761000 1933.200000 -13 41 1 0 1.000000
-0.682040 1.021210 0 -1.783300 -5.443180 209.501000 1933.170000 -13 42 1 0 1.000000
-0.638245 -2.833460 0 -5.469420 2.311940 175.024000 1933.250000 -13 43 1 0 1.000000
1.033800 -1.423910 0 -2.695280 22.700700 182.331000 1933.170000 -13 44 1 0 1.000000
0.877666 1.729550 0 -13.982400 6.167270 195.303000 1933.170000 -13 45 1 0 1.000000
-1.905760 -0.701287 0 14.133800 -7.517160 188.105000 1933.130000 -13 46 1 0 1.000000
-0.710254 -1.678020 0 10.676100 -15.926000 189.089000 1933.150000 -13 47 1 0 1.000000
-0.917900 -3.244460 0 3.046660 9.874830 211.893000 1933.170000 -13 48 1 0 1.000000
-1.899850 -1.363010 0 0.168664 -10.074600 199.031000 1933.210000 -13 49 1 0 1.000000
-1.431480 -0.583375 0 -9.731310 7.966580 186.114000 1933.150000 -13 50 1 0 1.000000
-2.568700 -1.338160 0 10.446800 -1.714230 195.371000 1933.150000 -13 51 1 0 1.000000
-2.571460 -1.882620 0 -3.823600 -2.434540 195.419000 1933.280000 -13 52 1 0 1.000000
-0.633917 -2.594550 0 11.517100 14.005200 208.507000 1933.210000 -13 53 1 0 1.000000
-1.747460 -3.083130 0 15.057100 -3.808750 200.243000 1933.230000 -13 54 1 0 1.000000
-0.011754 -0.255981 0 -9.532740 5.732650 192.204000 1933.150000 -13 55 1 0 1.000000
-1.410380 -2.088200 0 -0.823675 0.726935 202.580000 1933.400000 -13 56 1 0 1.000000
-1.388000 -2.333300 0 5.388420 4.494550 187.832000 1933.220000 -13 57 1 0 1.000000
0.341280 -1.076370 0 -6.457840 -15.724100 183.500000 1933.220000 -13 58 1 0 1.000000
-0.681470 -0.588309 0 4.224160 5.534450 191.736000 1933.320000 -13 59 1 0 1.000000
0.098913 -2.637840 0 -4.819250 -6.256070 190.208000 1933.200000 -13 60 1 0 1.000000
0.334526 1.617960 0 0.350911 -6.255260 195.130000 1933.080000 -13 61 1 0 1.000000
1.750830 -1.125830 0 -10.917400 5.768610 200.479000 1933.280000 -13 62 1 0 1.000000
-3.887210 -3.501610 0 -18.993200 -1.045990 213.560000 1933.360000 -13 63 1 0 1.000000
0.629679 -0.890378 0 -0.674181 23.925800 188.414000 1933.110000 -13 64 1 0 1.000000
-0.858927 -0.767082 0 -20.141800 0.428675 198.504000 1933.160000 -13 65 1 0 1.000000
-0.793589 -3.145270 0 2.235710 -0.312102 192.141000 1933.200000 -13 66 1 0 1.000000
-1.368280 -3.206500 0 -17.623300 0.057671 199.712000 1933.190000 -13 67 1 0 1.000000
-1.585420 -1.424890 0 -4.756230 0.007311 188.617000 1933.070000 -13 68 1 0 1.000000
0.136380 -2.197670 0 1.929760 4.803690 196.827000 1933.080000 -13 69 1 0 1.000000
-1.820230 -2.405950 0 5.612050 -4.528640 208.773000 1933.350000 -13 70 1 0 1.000000
-2.421690 1.034250 0 -16.262600 -28.912500 203.544000 1933.350000 -13 71 1 0 1.000000
-1.913110 -3.608440 0 11.944900 18.822000 205.426000 1933.160000 -13 72 1 0 1.000000
-0.654495 -3.115250 0 -6.306910 9.233380 184.017000 1933.170000 -13 73 1 0 1.000000
-0.665715 -0.351609 0 -2.020590 -17.860200 181.885000 1933.080000 -13 74 1 0 1.000000
-1.652120 -0.625433 0 -6.750420 -18.615900 188.440000 1933.150000 -13 75 1 0 1.000000
0.496542 -0.022276 0 0.368771 -3.133400 189.478000 1933.120000 -13 76 1 0 1.000000
-0.817348 1.091240 0 -17.649700 19.526100 190.188000 1933.090000 -13 77 1 0 1.000000
2.328370 -1.687930 0 -0.607865 6.833670 201.154000 1933.180000 -13 78 1 0 1.000000
-1.721590 -1.082610 0 -7.784360 6.547000 203.490000 1933.310000 -13 79 1 0 1.000000
-0.255432 -4.617240 0 9.207720 5.223020 193.570000 1933.130000 -13 80 1 0 1.000000
-2.950270 -1.837250 0 -8.219160 -12.658400 200.683000 1933.070000 -13 81 1 0 1.000000
-0.825614 0.595096 0 -16.883200 -1.268660 196.135000 1933.110000 -13 82 1 0 1.000000
1.202840 -0.559080 0 -4.994190 -11.326400 183.921000 1933.150000 -13 83 1 0 1.000000
0.163489 -2.179850 0 -5.613730 1.974950 189.032000 1933.140000 -13 84 1 0 1.000000
-3.187520 -2.256150 0 -1.799800 5.559570 204.809000 1933.200000 -13 85 1 0 1.000000
-1.858720 -2.221780 0 1.552620 10.937900 196.833000 1933.170000 -13 86 1 0 1.000000
1.199130 -0.794957 0 -16.817900 -21.073400 192.341000 1933.160000 -13 87 1 0 1.000000
1.968430 -4.547370 0 11.231200 7.213230 193.283000 1933.120000 -13 88 1 0 1.000000
-1.208240 -0.465390 0 5.475950 0.343592 183.587000 1933.290000 -13 89 1 0 1.000000
-1.616320 -2.373390 0 13.559500 -14.195600 191.527000 1933.160000 -13 90 1 0 1.000000
-0.933125 -0.680388 0 -3.017390 -20.590500 194.479000 1933.170000 -13 91 1 0 1.000000
-1.071750 -2.539320 0 -9.613490 14.685100 197.383000 1933.190000 -13 92 1 0 1.000000
-1.231960 -0.926382 0 -8.888950 -5.462190 190.187000 1933.130000 -13 93 1 0 1.000000
-1.143870 -1.660250 0 9.793420 8.402720 175.476000 1933.230000 -13 94 1 0 1.000000
-1.449430 -5.442570 0 16.766600 9.165970 205.112000 1933.280000 -13 95 1 0 1.000000
0.114573 -4.142270 0 -7.388090 -6.328830 185.350000 1933.100000 -13 96 1 0 1.000000
-0.247285 -1.499470 0 -15.759300 11.650100 179.168000 1933.270000 -13 97 1 0 1.000000
-1.697650 -0.417726 0 -3.104340 5.716600 189.721000 1933.140000 -13 98 1 0 1.000000
-1.362640 -0.705379 0 1.448950 -10.283300 187.362000 1933.060000 -13 99 1 0 1.000000
-2.795720 -3.259390 0 1.088150 -20.716200 203.597000 1933.230000 -13 100 1 0 1.000000
-3.258690 -1.401570 0 2.929530 2.539120 197.426000 1933.220000 -13 101 1 0 1.000000
-3.159710 -4.932800 0 4.114870 -8.124970 205.528000 1933.170000 -13 102 1 0 1.000000
-4.420390 1.912720 0 -10.228400 -2.462050 201.936000 1933.150000 -13 103 1 0 1.000000
-0.557921 -1.770670 0 20.982000 1.670330 187.207000 1933.210000 -13 104 1 0 1.000000
-3.000200 -2.260730 0 3.719390 -11.409800 200.365000 1933.240000 -13 105 1 0 1.000000
-1.933500 -2.045290 0 0.422811 -9.580090 192.083000 1933.230000 -13 106 1 0 1.000000
-0.024081 -2.745060 0 6.407130 -3.446090 198.395000 1933.120000 -13 107 1 0 1.000000
-0.170218 -2.370820 0 8.108640 1.503460 188.347000 1933.190000 -13 108 1 0 1.000000
-0.574226 -2.240720 0 -6.808590 -0.316698 211.310000 1933.080000 -13 109 1 0 1.000000
-0.324545 -2.958390 0 -4.543630 4.306720 192.138000 1933.230000 -13 110 1 0 1.000000
0.583310 -2.261520 0 2.687060 -4.188070 195.464000 1933.140000 -13 111 1 0 1.000000
-0.531754 -3.103490 0 6.311850 13.256900 193.248000 1933.020000 -13 112 1 0 1.000000
-0.912606 -0.840871 0 -0.571448 -1.255080 201.314000 1933.180000 -13 113 1 0 1.000000
1.197620 -1.759790 0 8.729220 -8.106590 205.886000 1933.190000 -13 114 1 0 1.000000
-2.166090 -2.289940 0 2.054510 -16.724800 207.623000 1933.210000 -13 115 1 0 1.000000
-2.055060 0.042687 0 -11.783300 1.454760 194.569000 1933.210000 -13 116 1 0 1.000000
1.515220 -2.660050 0 -3.945580 -2.593260 182.525000 1933.200000 -13 117 1 0 1.000000
-0.296987 -2.529480 0 -7.916850 3.486130 195.810000 1933.020000 -13 118 1 0 1.000000
-2.777730 2.010400 0 10.113100 -4.196590 187.892000 1933.300000 -13 119 1 0 1.000000
-0.421700 -4.227310 0 0.824831 7.071710 193.341000 1933.170000 -13 120 1 0 1.000000
1.175170 -1.010030 0 -0.239009 -15.695100 184.799000 1933.070000 -13 121 1 0 1.000000
-3.369490 -2.531900 0 -10.590100 -1.630070 186.923000 1933.130000 -13 122 1 0 1.000000
-1.850480 -1.955500 0 -0.348895 -17.540400 190.357000 1933.260000 -13 123 1 0 1.000000
-2.245840 -3.557010 0 -8.235490 -16.186900 199.151000 1933.170000 -13 124 1 0 1.000000
-2.074840 -4.211020 0 21.546700 -5.265030 188.244000 1933.350000 -13 125 1 0 1.000000
-4.087820 -0.280463 0 -0.258481 9.057990 187.865000 1933.290000 -13 126 1 0 1.000000
-1.680300 -1.681450 0 7.673320 -0.886259 215.157000 1933.160000 -13 127 1 0 1.000000
-2.007100 -0.771946 0 -6.071370 -8.374690 201.405000 1933.190000 -13 128 1 0 1.000000
-3.668170 -0.653603 0 -2.238480 0.560663 206.512000 1933.260000 -13 129 1 0 1.000000
-0.869361 0.023127 0 8.835680 20.266300 189.190000 1933.230000 -13 130 1 0 1.000000
-3.748700 -2.559630 0 2.933000 -19.576300 196.780000 1933.230000 -13 131 1 0 1.000000
-0.261056 -2.489960 0 17.165500 -13.441100 180.017000 1933.120000 -13 132 1 0 1.000000
0.385933 -3.052350 0 -7.241910 -1.942910 205.887000 1933.170000 -13 133 1 0 1.000000
-0.805298 0.016872 0 -13.327600 5.433870 212.911000 1933.170000 -13 134 1 0 1.000000
-2.511770 -0.203441 0 1.539540 17.423200 200.475000 1933.130000 -13 135 1 0 1.000000
-3.355030 -1.402510 0 18.781000 -3.661890 186.509000 1933.110000 -13 136 1 0 1.000000
0.100465 -3.610190 0 3.909420 2.087090 196.224000 1933.160000 -13 137 1 0 1.000000
-1.329180 -3.407650 0 9.541170 0.707906 212.070000 1933.300000 -13 138 1 0 1.000000
0.430240 -2.533960 0 -1.069840 -13.578800 188.679000 1933.130000 -13 139 1 0 1.000000
-2.109440 -0.624410 0 -2.381550 -8.104450 210.474000 1933.160000 -13 140 1 0 1.000000
-2.109850 -0.713375 0 -9.719480 -8.410830 204.999000 1933.220000 -13 141 1 0 1.000000
-0.596802 -3.193430 0 -0.309485 -0.378138 204.063000 1933.160000 -13 142 1 0 1.000000
0.827399 -0.576014 0 11.557300 -6.042170 201.970000 1933.130000 -13 143 1 0 1.000000
-2.172080 -2.400640 0 -11.276100 -13.448800 208.705000 1933.220000 -13 144 1 0 1.000000
0.418640 -0.531531 0 3.685760 -21.138600 180.938000 1933.230000 -13 145 1 0 1.000000
-2.815570 0.014137 0 10.856600 11.761400 186.052000 1933.200000 -13 146 1 0 1.000000
-1.193280 -3.673460 0 6.215550 5.623650 190.954000 1933.310000 -13 147 1 0 1.000000
-0.174638 -1.946170 0 8.474900 -10.009200 206.671000 1933.110000 -13 148 1 0 1.000000
-2.170330 -3.299870 0 14.385400 -6.772080 190.665000 1933.260000 -13 149 1 0 1.000000
0.636256 -1.462900 0 -17.986200 -1.034090 188.717000 1933.110000 -13 150 1 0 1.000000
0.158634 -4.802920 0 13.297100 4.657490 189.326000 1933.080000 -13 151 1 0 1.000000
-1.555840 -3.365410 0 3.965060 -14.557000 192.276000 1933.090000 -13 152 1 0 1.000000
-0.657667 0.093206 0 -10.521200 6.339310 193.045000 1933.080000 -13 153 1 0 1.000000
-2.913220 -0.665485 0 7.877610 -5.525970 189.087000 1933.270000 -13 154 1 0 1.000000
-1.731340 -3.026260 0 -3.197140 -10.132400 186.603000 1933.250000 -13 155 1 0 1.000000
0.317025 -0.768284 0 2.799340 -9.759100 202.222000 1933.270000 -13 156 1 0 1.000000
-2.781130 -0.125031 0 -1.302060 2.231650 205.691000 1933.290000 -13 157 1 0 1.000000
-2.747190 -2.456280 0 -6.335030 -0.491075 188.236000 1933.110000 -13 158 1 0 1.000000
-0.735504 -2.101830 0 2.100790 -19.018100 201.770000 1933.190000 -13 159 1 0 1.000000
-2.441880 -0.916732 0 -1.747100 0.187706 187.516000 1933.140000 -13 160 1 0 1.000000
-2.259490 -0.114370 0 -2.461730 1.637430 194.896000 1933.110000 -13 161 1 0 1.000000
-0.649059 -0.804657 0 5.418440 -7.722010 200.239000 1933.070000 -13 162 1 0 1.000000
-2.531030 0.293405 0 -6.715160 0.808840 188.187000 1933.350000 -13 163 1 0 1.000000
0.144550 -1.594590 0 -8.435530 23.647900 185.440000 1933.300000 -13 164 1 0 1.000000
-0.912518 -0.665689 0 -3.006190 -18.216300 191.395000 1933.160000 -13 165 1 0 1.000000
-3.258330 -2.939650 0 0.900120 -22.824600 185.980000 1933.220000 -13 166 1 0 1.000000
-3.651670 -2.379730 0 -4.549560 -13.877000 197.441000 1933.140000 -13 167 1 0 1.000000
-2.764200 -0.059370 0 9.255080 -6.146470 202.855000 1933.110000 -13 168 1 0 1.000000
-0.075627 -3.030890 0 8.690070 -5.687750 203.540000 1933.090000 -13 169 1 0 1.000000
-0.574379 -0.403972 0 -0.524708 -5.200300 191.042000 1933.330000 -13 170 1 0 1.000000
0.898157 -0.750740 0 10.812600 7.592650 186.551000 1933.190000 -13 171 1 0 1.000000
-1.295180 -0.278340 0 1.209370 -3.751630 198.435000 1933.130000 -13 172 1 0 1.000000
-0.676973 -1.579250 0 5.312090 -2.315690 203.682000 1933.130000 -13 173 1 0 1.000000
-3.007610 -0.642906 0 -2.065650 -15.367000 197.700000 1933.160000 -13 174 1 0 1.000000
-0.240766 -0.822689 0 -0.834890 12.054300 191.244000 1933.360000 -13 175 1 0 1.000000
0.718039 -0.903223 0 -3.820070 3.604880 187.350000 1933.010000 -13 176 1 0 1.000000
-3.071770 -4.489600 0 0.918334 6.457350 187.302000 1933.140000 -13 177 1 0 1.000000
-2.268140 -0.018287 0 -2.673960 9.722300 204.070000 1933.240000 -13 178 1 0 1.000000
-4.116820 -0.495226 0 5.817700 -2.305370 198.996000 1933.120000 -13 179 1 0 1.000000
-1.067390 -3.021330 0 10.258900 8.076630 201.693000 1933.250000 -13 180 1 0 1.000000
-1.799750 0.021082 0 15.748100 12.533100 191.019000 1933.140000 -13 181 1 0 1.000000
-1.348160 0.332338 0 -17.801600 -10.054100 199.332000 1933.220000 -13 182 1 0 1.000000
-2.160350 -3.430070 0 -0.044009 -7.464220 204.228000 1933.150000 -13 183 1 0 1.000000
0.442774 0.206521 0 -3.559700 14.682000 184.083000 1933.110000 -13 184 1 0 1.000000
-1.878420 -2.830160 0 9.369000 -14.918000 210.220000 1933.140000 -13 185 1 0 1.000000
-0.888080 -4.486100 0 10.455200 16.870100 206.336000 1933.280000 -13 186 1 0 1.000000
-1.138790 -0.389321 0 0.048423 -11.580900 201.464000 1933.110000 -13 187 1 0 1.000000
1.327520 0.510973 0 -0.937359 15.205500 187.017000 1933.120000 -13 188 1 0 1.000000
-0.027905 -1.770690 0 6.427200 -5.034970 205.894000 1933.110000 -13 189 1 0 1.000000
-0.454461 1.238540 0 2.359830 -8.490870 190.453000 1933.240000 -13 190 1 0 1.000000
-2.444250 -0.142709 0 0.827650 -11.811000 197.455000 1933.370000 -13 191 1 0 1.000000
0.133488 -3.775510 0 -12.886500 -20.151900 180.866000 1933.150000 -13 192 1 0 1.000000
0.303260 -1.015710 0 -11.180600 14.561500 205.031000 1933.150000 -13 193 1 0 1.000000
-0.195148 -1.841550 0 7.668600 -11.076200 174.086000 1933.140000 -13 194 1 0 1.000000
-2.756880 -2.949780 0 1.576790 -19.383400 190.632000 1933.140000 -13 195 1 0 1.000000
-0.818304 -0.862411 0 -3.559430 -1.171050 206.149000 1933.180000 -13 196 1 0 1.000000
-0.739399 -1.083980 0 6.295340 15.370300 201.818000 1933.140000 -13 197 1 0 1.000000
-0.145375 -2.711320 0 -4.593200 1.099890 193.014000 1933.110000 -13 198 1 0 1.000000
-0.717157 -2.633660 0 1.394940 -4.473490 195.107000 1933.060000 -13 199 1 0 1.000000
-0.938361 -0.997823 0 1.862540 -1.224350 207.316000 1933.200000 -13 200 1 0 1.000000
-4.750780 -1.743520 0 -8.843610 -17.206100 198.589000 1933.020000 -13 201 1 0 1.000000
-1.073670 -1.063270 0 6.363020 -0.569720 189.664000 1933.080000 -13 202 1 0 1.000000
-2.848740 -0.099614 0 5.311050 -0.492953 192.002000 1933.120000 -13 203 1 0 1.000000
0.504980 -2.470510 0 0.442773 -0.189509 205.631000 1933.330000 -13 204 1 0 1.000000
-2.943660 -1.649320 0 7.302770 5.433210 186.977000 1933.210000 -13 205 1 0 1.000000
-1.503030 -3.425730 0 8.910340 -11.016400 190.105000 1933.230000 -13 206 1 0 1.000000
-1.574180 -1.782370 0 2.797980 -12.884900 188.471000 1933.150000 -13 207 1 0 1.000000
-0.275478 -1.754770 0 -9.261190 14.017200 204.627000 1933.230000 -13 208 1 0 1.000000
-1.221990 -2.402980 0 0.962690 -5.472460 189.783000 1933.190000 -13 209 1 0 1.000000
0.321152 0.244498 0 8.162940 -29.030300 202.222000 1933.260000 -13 210 1 0 1.000000
-3.528970 1.636890 0 -8.651370 12.617100 205.577000 1933.100000 -13 211 1 0 1.000000
-3.927670 0.552852 0 -9.763000 -1.418470 199.195000 1933.290000 -13 212 1 0 1.000000
-0.575223 -1.017540 0 -14.318900 9.099090 193.458000 1933.190000 -13 213 1 0 1.000000
-3.943750 -1.929910 0 -3.269280 -18.276500 207.614000 1933.240000 -13 214 1 0 1.000000
-0.729495 -0.326290 0 -18.207400 24.757900 191.888000 1933.200000 -13 215 1 0 1.000000
-2.349650 -2.692590 0 -0.066910 0.919220 209.680000 1933.200000 -13 216 1 0 1.000000
-1.662730 -2.589460 0 -0.285342 -4.551030 191.978000 1933.150000 -13 217 1 0 1.000000
-0.951870 -1.778810 0 -3.172030 -4.177640 200.565000 1933.210000 -13 218 1 0 1.000000
1.000780 -0.479757 0 -1.055270 -0.198382 194.090000 1933.180000 -13 219 1 0 1.000000
-1.507810 -1.257690 0 2.541030 -7.642120 210.089000 1933.180000 -13 220 1 0 1.000000
-1.098930 -0.691044 0 3.176590 10.822400 199.417000 1933.080000 -13 221 1 0 1.000000
-2.451280 -3.144140 0 2.952200 -11.711500 179.062000 1933.140000 -13 222 1 0 1.000000
-0.277286 -0.465733 0 -0.695122 15.520500 193.816000 1933.290000 -13 223 1 0 1.000000
1.223700 -0.938812 0 6.929840 -2.041280 182.775000 1933.050000 -13 224 1 0 1.000000
-1.008650 -0.457851 0 -2.064420 -2.228880 185.502000 1933.080000 -13 225 1 0 1.000000
2.068100 -1.556180 0 -1.414320 -7.687270 202.751000 1933.170000 -13 226 1 0 1.000000
-0.222678 -2.928430 0 13.637100 4.882530 212.213000 1933.260000 -13 227 1 0 1.000000
-0.056566 -0.247307 0 -1.341550 13.997600 205.259000 1933.200000 -13 228 1 0 1.000000
-1.416940 -2.688380 0 -3.147780 -6.775180 208.512000 1933.290000 -13 229 1 0 1.000000
-2.384510 -2.168020 0 6.827900 -4.954470 201.462000 1933.280000 -13 230 1 0 1.000000
-3.553620 -0.806663 0 -6.953850 0.856511 194.835000 1933.030000 -13 231 1 0 1.000000
-1.320850 0.135890 0 -5.794070 6.550550 186.678000 1933.140000 -13 232 1 0 1.000000
0.868070 -0.864623 0 -2.267020 24.886700 189.709000 1933.100000 -13 233 1 0 1.000000
-0.199382 -2.764040 0 -6.728940 -0.327075 204.560000 1933.280000 -13 234 1 0 1.000000
0.128092 -1.222760 0 -7.636820 5.652340 195.613000 1933.160000 -13 235 1 0 1.000000
-2.089110 0.738134 0 -0.059118 -2.264180 195.600000 1933.290000 -13 236 1 0 1.000000
-1.152540 -3.521810 0 8.294180 4.248170 207.097000 1933.140000 -13 237 1 0 1.000000
-2.475820 -3.017150 0 0.380256 -5.119230 207.651000 1933.240000 -13 238 1 0 1.000000
-1.107910 0.630883 0 -23.601200 0.917154 191.015000 1933.360000 -13 239 1 0 1.000000
-2.496930 1.426890 0 -14.551800 -15.493100 198.166000 1933.080000 -13 240 1 0 1.000000
-2.020330 -1.945230 0 -4.951290 -4.344140 204.258000 1933.260000 -13 241 1 0 1.000000
0.734696 0.243925 0 -1.123120 -17.935700 180.586000 1933.250000 -13 242 1 0 1.000000
-1.826860 -0.484323 0 14.837900 7.566720 201.997000 1933.230000 -13 243 1 0 1.000000
-0.080365 -1.909580 0 18.611600 21.251500 199.723000 1933.230000 -13 244 1 0 1.000000
-0.084903 -3.669400 0 5.697830 -14.080500 199.530000 1933.350000 -13 245 1 0 1.000000
-1.491200 0.649795 0 12.008900 14.809800 186.328000 1933.210000 -13 246 1 0 1.000000
-3.780540 -1.693590 0 18.032600 11.678400 200.287000 1933.110000 -13 247 1 0 1.000000
-1.958590 -3.888940 0 -25.824000 3.137120 204.130000 1933.150000 -13 248 1 0 1.000000
-0.010407 -0.628775 0 12.763200 3.355210 193.667000 1933.190000 -13 249 1 0 1.000000
0.150789 -2.935920 0 -20.648100 -7.524150 180.723000 1933.250000 -13 250 1 0 1.000000
-2.072090 0.811417 0 5.162820 -5.096610 197.857000 1933.130000 -13 251 1 0 1.000000
-3.115200 -2.193510 0 -6.085040 -5.956010 198.274000 1933.140000 -13 252 1 0 1.000000
-1.775930 0.671605 0 -7.795490 5.518730 200.719000 1933.290000 -13 253 1 0 1.000000
-2.149690 -2.146940 0 -1.149680 -8.382880 186.359000 1933.140000 -13 254 1 0 1.000000
-0.659360 -2.640670 0 -5.275780 18.913500 196.131000 1933.320000 -13 255 1 0 1.000000
-0.437846 -1.083230 0 9.268950 -17.537200 207.429000 1933.210000 -13 256 1 0 1.000000
-1.689910 -0.115153 0 1.795640 1.691650 196.845000 1933.160000 -13 257 1 0 1.000000
-2.350550 -1.853510 0 -9.306260 -4.303760 196.976000 1933.110000 -13 258 1 0 1.000000
-1.312720 0.854391 0 -17.169400 10.692000 206.108000 1933.230000 -13 259 1 0 1.000000
-0.794454 -2.202400 0 -14.753700 1.875460 198.043000 1933.150000 -13 260 1 0 1.000000
0.522553 -3.561150 0 15.252100 8.612840 184.407000 1933.210000 -13 261 1 0 1.000000
-2.262370 -1.267420 0 18.069300 -9.421160 200.151000 1933.090000 -13 262 1 0 1.000000
-1.553910 -4.580640 0 8.094720 3.196910 211.569000 1933.170000 -13 263 1 0 1.000000
1.774720 -2.165600 0 -14.482100 -13.876400 188.718000 1933.120000 -13 264 1 0 1.000000
0.273969 -1.453600 0 -0.855085 0.895516 187.047000 1933.150000 -13 265 1 0 1.000000
-3.749710 0.748412 0 -2.634430 -6.913170 194.595000 1933.090000 -13 266 1 0 1.000000
1.896480 -2.435920 0 -0.068782 14.563000 201.796000 1933.110000 -13 267 1 0 1.000000
-2.297280 -0.835698 0 -11.884300 -23.021300 202.146000 1933.360000 -13 268 1 0 1.000000
-1.267470 -0.763115 0 -3.022080 8.841340 202.985000 1933.270000 -13 269 1 0 1.000000
-0.648319 -1.369400 0 -7.480770 21.795300 197.734000 1933.010000 -13 270 1 0 1.000000
-2.117420 -1.224250 0 -2.327340 7.223100 175.734000 1933.070000 -13 271 1 0 1.000000
-1.275070 -3.442950 0 12.520700 5.963630 199.022000 1933.210000 -13 272 1 0 1.000000
-2.591010 -2.194840 0 -9.867540 -8.405050 203.617000 1933.260000 -13 273 1 0 1.000000
-1.478840 0.744836 0 -0.979534 0.928859 182.226000 1933.160000 -13 274 1 0 1.000000
2.151260 -1.071680 0 1.150480 -10.527900 191.946000 1933.080000 -13 275 1 0 1.000000
-0.807992 -2.154390 0 -6.653580 -7.589390 185.896000 1933.200000 -13 276 1 0 1.000000
-3.118560 -2.338480 0 8.661720 6.728580 186.838000 1933.110000 -13 277 1 0 1.000000
-0.344675 -3.306220 0 4.419440 -5.595850 184.978000 1933.190000 -13 278 1 0 1.000000
0.040803 -1.753270 0 -7.555730 2.605080 186.072000 1933.230000 -13 279 1 0 1.000000
2.494490 -1.635240 0 0.286378 14.361500 192.785000 1933.110000 -13 280 1 0 1.000000
-2.275930 -2.284940 0 -7.659480 -0.312023 198.747000 1933.150000 -13 281 1 0 1.000000
-2.445880 -0.654476 0 -0.754837 4.600260 197.609000 1933.150000 -13 282 1 0 1.000000
-0.216177 -4.229380 0 8.663970 -5.019700 182.466000 1933.260000 -13 283 1 0 1.000000
-3.846720 0.646954 0 -9.782680 -12.969100 195.983000 1933.090000 -13 284 1 0 1.000000
0.265553 -3.080030 0 12.958500 9.520790 191.494000 1933.230000 -13 285 1 0 1.000000
-0.822779 -3.753380 0 -9.832560 1.197180 186.794000 1933.300000 -13 286 1 0 1.000000
-1.502310 -3.381980 0 16.593700 -13.870600 183.374000 1933.170000 -13 287 1 0 1.000000
-1.318690 -2.209730 0 6.792930 -10.404000 201.455000 1933.060000 -13 288 1 0 1.000000
-0.039365 -1.392320 0 2.353840 19.196600 206.926000 1933.290000 -13 289 1 0 1.000000
0.970571 -1.454990 0 0.279279 3.090410 196.174000 1933.280000 -13 290 1 0 1.000000
-2.559050 -1.544060 0 2.457090 12.270800 204.994000 1933.130000 -13 291 1 0 1.000000
-0.926212 -2.723840 0 -9.921110 -14.452100 198.777000 1933.100000 -13 292 1 0 1.000000
-2.053700 -1.264930 0 -2.428630 6.893850 190.215000 1933.160000 -13 293 1 0 1.000000
-0.615994 -1.996500 0 0.445847 -0.344190 186.857000 1933.160000 -13 294 1 0 1.000000
-1.283340 -3.463320 0 8.264110 -21.941400 204.324000 1933.050000 -13 295 1 0 1.000000
-0.724067 -3.920030 0 -2.523270 -5.071080 185.330000 1933.220000 -13 296 1 0 1.000000
-4.164140 -1.956080 0 23.722900 -8.216540 198.896000 1933.320000 -13 297 1 0 1.000000
-1.638480 0.081506 0 8.024260 9.488060 182.855000 1933.220000 -13 298 1 0 1.000000
-0.807041 -2.930030 0 -1.236050 6.615430 204.389000 1933.200000 -13 299 1 0 1.000000
-1.144300 1.974110 0 6.849900 8.035920 205.146000 1933.180000 -13 300 1 0 1.000000
-2.153360 0.155770 0 8.270410 11.810500 193.898000 1933.260000 -13 301 1 0 1.000000
1.667610 0.268077 0 -2.325350 -9.492630 196.361000 1933.080000 -13 302 1 0 1.000000
-0.871981 -2.304910 0 17.966900 9.998960 201.902000 1933.320000 -13 303 1 0 1.000000
-0.168258 -2.684810 0 2.285980 -19.123800 183.543000 1933.110000 -13 304 1 0 1.000000
-1.370170 1.194860 0 -24.004100 5.692970 193.829000 1933.210000 -13 305 1 0 1.000000
-3.104930 0.924964 0 -7.495850 4.366200 202.026000 1933.180000 -13 306 1 0 1.000000
-2.951640 -3.324940 0 -1.170620 -1.677940 192.962000 1933.110000 -13 307 1 0 1.000000
0.666246 -1.035440 0 9.187280 10.255300 194.249000 1933.150000 -13 308 1 0 1.000000
-0.191637 1.300210 0 -4.735980 -13.989400 197.979000 1933.160000 -13 309 1 0 1.000000
-2.524140 0.626533 0 2.804430 -15.858600 194.047000 1933.090000 -13 310 1 0 1.000000
-2.165780 0.886728 0 15.824400 0.563189 212.428000 1933.190000 -13 311 1 0 1.000000
-4.047590 -2.730590 0 0.424566 -24.834800 209.945000 1933.220000 -13 312 1 0 1.000000
-1.176080 -3.677770 0 -0.907662 0.580221 191.027000 1933.120000 -13 313 1 0 1.000000
-2.257520 -3.555650 0 -6.901990 -2.780900 190.166000 1933.240000 -13 314 1 0 1.000000
-0.531654 -0.680159 0 14.894100 25.138800 195.641000 1933.120000 -13 315 1 0 1.000000
-3.935540 -1.219510 0 -9.930980 3.063700 204.258000 1933.110000 -13 316 1 0 1.000000
-2.951550 -0.163779 0 -1.667500 -2.551580 205.539000 1933.160000 -13 317 1 0 1.000000
-2.778530 -3.140490 0 -0.724388 -18.417700 187.883000 1933.050000 -13 318 1 0 1.000000
-0.757637 0.310753 0 9.015240 8.101610 184.502000 1933.220000 -13 319 1 0 1.000000
-1.244660 -1.897850 0 -0.563251 -3.029480 192.733000 1933.110000 -13 320 1 0 1.000000
-0.624508 -2.016410 0 -14.800800 11.981900 213.160000 1933.100000 -13 321 1 0 1.000000
0.165855 -1.558710 0 -6.182750 -1.411130 184.754000 1933.110000 -13 322 1 0 1.000000
-0.514865 -0.135259 0 -15.982000 -5.467950 189.765000 1933.060000 -13 323 1 0 1.000000
1.117890 -0.376670 0 -13.765800 15.310800 187.211000 1933.250000 -13 324 1 0 1.000000
-2.787840 1.156380 0 -5.298890 8.596060 209.448000 1933.210000 -13 325 1 0 1.000000
-0.923779 -0.526702 0 1.062700 -0.462375 193.368000 1933.390000 -13 326 1 0 1.000000
2.282030 -2.544320 0 -1.171540 -7.175040 189.858000 1933.200000 -13 327 1 0 1.000000
-2.583580 -2.249060 0 -6.306780 -8.662880 197.018000 1933.070000 -13 328 1 0 1.000000
-2.523800 -1.439910 0 -5.530260 6.391850 200.560000 1933.080000 -13 329 1 0 1.000000
-1.004760 -1.580840 0 3.206830 0.772797 188.823000 1933.210000 -13 330 1 0 1.000000
-5.039460 -1.133970 0 2.594500 -3.641710 201.444000 1933.150000 -13 331 1 0 1.000000
-1.643800 -1.024530 0 14.046200 9.167590 189.826000 1933.090000 -13 332 1 0 1.000000
0.013671 -2.510360 0 -19.474700 19.673000 173.775000 1933.170000 -13 333 1 0 1.000000
-1.401720 -2.736280 0 3.713910 -14.197000 193.987000 1933.110000 -13 334 1 0 1.000000
-1.883500 -1.682470 0 4.833000 -9.660790 197.316000 1933.360000 -13 335 1 0 1.000000
-0.442497 -2.530520 0 15.543700 5.481380 192.458000 1933.030000 -13 336 1 0 1.000000
-3.696700 -0.665484 0 7.955890 17.300900 206.926000 1933.170000 -13 337 1 0 1.000000
-0.920747 -2.145340 0 -16.057700 2.014780 205.179000 1933.120000 -13 338 1 0 1.000000
-1.037280 -0.695140 0 9.643830 4.161100 197.295000 1933.190000 -13 339 1 0 1.000000
-0.857668 -1.214160 0 0.288906 11.582500 207.846000 1933.330000 -13 340 1 0 1.000000
-0.304833 -0.325680 0 -2.961810 3.546390 191.709000 1933.140000 -13 341 1 0 1.000000
-2.355410 -2.771410 0 8.546280 -4.527590 197.528000 1933.370000 -13 342 1 0 1.000000
0.263322 -2.503570 0 -13.666700 12.246100 182.870000 1933.270000 -13 343 1 0 1.000000
-0.224941 -0.604925 0 -6.030940 10.860200 198.749000 1933.160000 -13 344 1 0 1.000000
-2.116880 -0.264748 0 -4.578530 1.421890 197.711000 1933.170000 -13 345 1 0 1.000000
0.166858 -0.142353 0 -5.680320 7.558860 180.452000 1933.100000 -13 346 1 0 1.000000
-2.087180 -0.980184 0 5.958420 0.967895 200.440000 1933.110000 -13 347 1 0 1.000000
-0.619766 -2.841180 0 7.491790 1.193100 195.020000 1933.120000 -13 348 1 0 1.000000
-3.092350 -0.919149 0 2.238500 -7.958850 191.770000 1933.230000 -13 349 1 0 1.000000
-2.917240 -0.083865 0 -11.121100 3.952170 194.286000 1933.080000 -13 350 1 0 1.000000
-0.292222 -2.498300 0 2.036000 7.128000 197.405000 1933.270000 -13 351 1 0 1.000000
-3.337800 -1.379050 0 -8.432050 6.930500 184.479000 1933.170000 -13 352 1 0 1.000000
-1.718340 -1.356280 0 0.409845 2.295230 189.110000 1933.390000 -13 353 1 0 1.000000
2.587490 -2.753880 0 -1.455410 5.598100 207.712000 1933.220000 -13 354 1 0 1.000000
-2.289390 -0.008409 0 4.495740 5.965980 192.701000 1933.150000 -13 355 1 0 1.000000
-0.346361 -0.052089 0 -13.767700 -3.448790 198.031000 1933.140000 -13 356 1 0 1.000000
-1.702660 -0.778145 0 5.888070 -14.315100 204.598000 1933.170000 -13 357 1 0 1.000000
-0.379612 -2.413960 0 -4.479810 7.868050 189.562000 1933.100000 -13 358 1 0 1.000000
-1.078540 -2.738750 0 14.671000 9.003690 199.457000 1933.180000 -13 359 1 0 1.000000
-0.804398 -0.823271 0 -8.166420 9.342320 208.730000 1933.160000 -13 360 1 0 1.000000
0.372678 -2.464550 0 1.554060 1.890740 201.869000 1933.220000 -13 361 1 0 1.000000
-3.311220 -2.881690 0 -0.916013 -3.063210 212.889000 1933.180000 -13 362 1 0 1.000000
-0.736849 -1.962160 0 4.498720 -0.528753 188.767000 1933.190000 -13 363 1 0 1.000000
0.635631 0.102907 0 8.355640 -6.996470 186.166000 1933.170000 -13 364 1 0 1.000000
-1.709270 -3.073670 0 10.830100 -0.099957 185.409000 1933.180000 -13 365 1 0 1.000000
-4.437620 -0.555053 0 7.444530 -17.556100 192.063000 1933.100000 -13 366 1 0 1.000000
-1.940060 -1.777030 0 11.303600 -9.882040 197.895000 1933.220000 -13 367 1 0 1.000000
-0.962011 -3.711360 0 -8.312920 13.664000 197.855000 1933.220000 -13 368 1 0 1.000000
-1.968430 -3.074500 0 -15.066800 -11.570700 198.722000 1933.200000 -13 369 1 0 1.000000
1.298700 -2.406850 0 -2.945010 21.363800 197.191000 1933.090000 -13 370 1 0 1.000000
-1.433230 -1.149090 0 -6.794090 2.377350 180.637000 1933.100000 -13 371 1 0 1.000000
-1.518690 -1.833390 0 7.026360 -0.534229 210.883000 1933.150000 -13 372 1 0 1.000000
0.976762 -1.629040 0 -15.624600 -5.372330 195.361000 1933.350000 -13 373 1 0 1.000000
-2.646220 -3.761780 0 -10.567300 -0.017154 206.251000 1933.130000 -13 374 1 0 1.000000
-0.943735 -0.603766 0 -3.115230 -6.537800 199.218000 1933.200000 -13 375 1 0 1.000000
0.406828 -3.097270 0 0.819272 7.289890 192.435000 1933.120000 -13 376 1 0 1.000000
0.361118 1.023350 0 -3.617350 3.821320 198.394000 1933.170000 -13 377 1 0 1.000000
-0.532128 -0.791301 0 -16.062100 -1.904870 192.086000 1933.170000 -13 378 1 0 1.000000
-0.495092 -3.362380 0 9.017080 6.195030 202.833000 1933.020000 -13 379 1 0 1.000000
-2.419100 -3.159160 0 1.981530 3.067410 196.776000 1933.230000 -13 380 1 0 1.000000
-4.089390 -3.336830 0 -9.385600 25.149600 213.326000 1933.130000 -13 381 1 0 1.000000
-1.550940 -0.442673 0 -8.839650 7.941130 203.403000 1933.190000 -13 382 1 0 1.000000
0.310477 -1.991390 0 9.083740 1.040840 197.200000 1933.140000 -13 383 1 0 1.000000
-1.311920 -0.588826 0 -21.975400 -8.423370 190.337000 1933.040000 -13 384 1 0 1.000000
-1.777700 -3.748170 0 13.697500 -13.274000 189.435000 1933.090000 -13 385 1 0 1.000000
-3.930570 -0.599670 0 -10.345800 -7.101350 191.573000 1933.090000 -13 386 1 0 1.000000
0.190978 -3.510810 0 3.832720 15.239900 207.994000 1933.110000 -13 387 1 0 1.000000
1.269860 -0.992374 0 -3.288190 -3.150890 185.356000 1933.280000 -13 388 1 0 1.000000
-3.216050 -2.787990 0 7.019480 -10.019100 212.954000 1933.150000 -13 389 1 0 1.000000
2.625830 -1.363510 0 -0.112190 -12.703500 195.790000 1933.280000 -13 390 1 0 1.000000
-2.883130 0.593550 0 -8.434790 4.065660 198.609000 1933.090000 -13 391 1 0 1.000000
-0.263779 -3.595490 0 12.718000 -4.755600 200.222000 1933.190000 -13 392 1 0 1.000000
-2.124020 -2.731440 0 17.723000 -15.320700 189.440000 1933.300000 -13 393 1 0 1.000000
-4.156460 -2.694500 0 15.441900 -13.572400 195.355000 1933.290000 -13 394 1 0 1.000000
-0.618031 -3.990020 0 4.910010 -3.474680 202.361000 1933.150000 -13 395 1 0 1.000000
-1.246890 -0.781041 0 10.622400 14.256500 198.202000 1933.120000 -13 396 1 0 1.000000
-0.862466 -4.662360 0 4.401980 7.386940 190.668000 1933.080000 -13 397 1 0 1.000000
-1.458590 -0.749232 0 14.668300 -0.023259 190.677000 1933.170000 -13 398 1 0 1.000000
-2.638700 -3.017740 0 -5.247770 1.836200 185.757000 1933.140000 -13 399 1 0 1.000000
1.849160 2.377770 0 -5.433010 -13.555200 193.740000 1933.310000 -13 400 1 0 1.000000
-0.133519 -2.746260 0 -12.583700 -16.418400 184.001000 1933.230000 -13 401 1 0 1.000000
-1.905810 -0.068325 0 0.048879 -16.082000 196.567000 1933.170000 -13 402 1 0 1.000000
-1.854500 -3.532760 0 9.736580 -1.942550 197.731000 1933.310000 -13 403 1 0 1.000000
-0.115998 -1.107930 0 3.644460 -4.340870 184.911000 1933.040000 -13 404 1 0 1.000000
-0.955532 0.270131 0 -8.060640 -0.354948 195.797000 1933.210000 -13 405 1 0 1.000000
0.125021 -2.502780 0 0.500898 -8.817140 200.739000 1933.280000 -13 406 1 0 1.000000
-2.103570 -1.012080 0 1.283590 13.558000 200.374000 1933.020000 -13 407 1 0 1.000000
-0.161892 -0.433770 0 -3.986130 6.107940 185.725000 1933.160000 -13 408 1 0 1.000000
-1.710890 -2.257540 0 6.615570 8.227320 190.154000 1933.080000 -13 409 1 0 1.000000
-0.956451 -2.780620 0 2.140420 -6.009240 194.600000 1933.220000 -13 410 1 0 1.000000
-1.713490 -1.898970 0 5.949760 -9.045790 209.097000 1933.200000 -13 411 1 0 1.000000
-1.411880 0.035957 0 -1.050060 -3.571970 189.291000 1933.280000 -13 412 1 0 1.000000
-0.633197 -2.815970 0 1.129860 -5.175790 193.264000 1933.070000 -13 413 1 0 1.000000
0.903773 -1.192730 0 -7.850450 -4.732530 210.604000 1933.190000 -13 414 1 0 1.000000
-3.863530 -2.418810 0 0.420963 4.072560 202.043000 1933.240000 -13 415 1 0 1.000000
-2.993810 0.534198 0 -3.740450 2.707860 192.701000 1933.070000 -13 416 1 0 1.000000
-1.238540 -1.259120 0 -5.651520 12.234400 189.158000 1933.180000 -13 417 1 0 1.000000
-4.636150 -3.905790 0 -8.115290 -3.215640 192.925000 1933.120000 -13 418 1 0 1.000000
-0.603649 -2.471890 0 -13.004500 3.683590 182.750000 1933.130000 -13 419 1 0 1.000000
0.620952 -2.958610 0 3.787440 -4.334900 189.214000 1933.140000 -13 420 1 0 1.000000
-3.173100 0.916977 0 -3.100170 -9.842840 207.258000 1933.200000 -13 421 1 0 1.000000
-1.825450 0.200690 0 -9.610140 8.755650 201.240000 1933.230000 -13 422 1 0 1.000000
-0.805519 -3.976050 0 4.281060 21.884000 199.778000 1933.250000 -13 423 1 0 1.000000
-2.995060 0.470328 0 15.733400 15.984000 203.836000 1933.210000 -13 424 1 0 1.000000
-1.184480 -4.134580 0 2.939180 10.116100 205.349000 1933.210000 -13 425 1 0 1.000000
-0.319313 -4.153470 0 9.490130 3.156830 202.946000 1933.330000 -13 426 1 0 1.000000
-1.676610 -4.800050 0 2.911740 -4.580330 194.174000 1933.180000 -13 427 1 0 1.000000
-0.389421 -1.913950 0 6.591070 20.107200 208.530000 1933.230000 -13 428 1 0 1.000000
0.923835 -2.730210 0 -14.384500 20.910700 198.519000 1933.390000 -13 429 1 0 1.000000
-3.941610 -2.325640 0 7.073150 -11.167600 194.800000 1933.120000 -13 430 1 0 1.000000
-0.359989 -0.845360 0 2.065690 -4.955960 207.844000 1933.080000 -13 431 1 0 1.000000
-3.228710 0.140129 0 -1.476810 -9.032040 208.583000 1933.210000 -13 432 1 0 1.000000
-2.251410 -0.036610 0 -26.067500 -0.807379 194.468000 1933.170000 -13 433 1 0 1.000000
-1.165000 -5.383050 0 7.812830 -12.306900 210.564000 1933.210000 -13 434 1 0 1.000000
-2.649330 0.611505 0 9.566030 -2.617610 212.245000 1933.160000 -13 435 1 0 1.000000
1.624500 0.478868 0 -3.180960 -10.392700 189.499000 1933.230000 -13 436 1 0 1.000000
-2.421950 0.486780 0 -9.876200 13.347600 206.626000 1933.150000 -13 437 1 0 1.000000
-1.484380 -1.619460 0 -5.911720 -10.718900 189.033000 1933.160000 -13 438 1 0 1.000000
-1.886140 -0.721756 0 11.150300 -10.222900 191.775000 1933.030000 -13 439 1 0 1.000000
-2.558380 -4.252430 0 1.616400 -6.873670 206.851000 1933.240000 -13 440 1 0 1.000000
-1.687650 -0.088984 0 -3.628840 12.440900 204.088000 1933.180000 -13 441 1 0 1.000000
-2.623060 -0.305403 0 4.080680 -3.026240 194.004000 1933.080000 -13 442 1 0 1.000000
-1.516390 -1.689000 0 11.586700 -15.745000 212.268000 1933.260000 -13 443 1 0 1.000000
-3.256190 -1.411960 0 -3.743970 -13.367100 201.649000 1933.290000 -13 444 1 0 1.000000
-1.534290 -3.898140 0 10.832400 1.138860 203.805000 1933.170000 -13 445 1 0 1.000000
-3.176080 -0.739883 0 -2.885100 0.082651 195.953000 1933.160000 -13 446 1 0 1.000000
-0.491146 0.560416 0 -10.697000 12.363500 210.418000 1933.180000 -13 447 1 0 1.000000
-2.636000 -2.898810 0 -0.443744 1.740590 189.352000 1933.140000 -13 448 1 0 1.000000
-0.285157 -3.391660 0 -9.059230 3.004680 199.790000 1933.110000 -13 449 1 0 1.000000
-2.566160 1.207340 0 -10.680200 -11.884000 194.312000 1933.170000 -13 450 1 0 1.000000
-2.644300 -2.836350 0 11.872700 -1.974820 191.053000 1933.190000 -13 451 1 0 1.000000
-5.205220 0.575934 0 -0.151400 -1.006540 196.606000 1933.120000 -13 452 1 0 1.000000
-1.691540 -2.536990 0 -8.895550 10.294100 188.678000 1933.180000 -13 453 1 0 1.000000
-1.938770 1.067670 0 -5.918140 -7.402710 193.592000 1933.160000 -13 454 1 0 1.000000
-1.194440 -3.827780 0 -1.429510 -5.959460 189.874000 1933.190000 -13 455 1 0 1.000000
0.411158 -1.580530 0 1.775830 6.641830 201.343000 1933.140000 -13 456 1 0 1.000000
-1.285750 -3.305550 0 10.079900 -2.204300 189.423000 1933.180000 -13 457 1 0 1.000000
-3.647660 -2.578580 0 7.273010 9.392690 191.046000 1933.250000 -13 458 1 0 1.000000
-3.214410 1.240940 0 -1.369380 -2.048730 197.757000 1933.150000 -13 459 1 0 1.000000
-1.763000 -2.478600 0 4.135220 -1.454710 208.079000 1933.220000 -13 460 1 0 1.000000
1.232180 -1.918710 0 12.540200 -5.419920 191.054000 1933.130000 -13 461 1 0 1.000000
-1.774150 0.829065 0 -5.980580 6.858530 211.407000 1933.150000 -13 462 1 0 1.000000
-0.267528 -3.683090 0 0.515444 12.956600 191.242000 1933.230000 -13 463 1 0 1.000000
-1.974920 -1.483100 0 15.050600 -12.329700 196.785000 1933.190000 -13 464 1 0 1.000000
-0.899354 -3.072700 0 1.891220 3.149070 190.029000 1933.080000 -13 465 1 0 1.000000
-2.582190 0.178100 0 3.850650 -13.528100 213.620000 1933.190000 -13 466 1 0 1.000000
-2.498060 -2.286960 0 13.084700 -2.906850 190.508000 1933.010000 -13 467 1 0 1.000000
-0.979731 0.408122 0 -4.220980 8.309170 184.817000 1933.160000 -13 468 1 0 1.000000
-3.282430 -0.525493 0 12.331300 -6.691230 199.491000 1933.240000 -13 469 1 0 1.000000
0.094426 -2.264620 0 -9.661730 2.321860 187.514000 1933.140000 -13 470 1 0 1.000000
-1.802640 -0.282243 0 -2.960910 12.031800 190.035000 1933.080000 -13 471 1 0 1.000000
0.028124 -3.981920 0 2.155410 -8.130780 191.650000 1933.170000 -13 472 1 0 1.000000
-1.878680 -2.566860 0 -7.633380 -10.793100 192.407000 1933.190000 -13 473 1 0 1.000000
-3.843200 2.661500 0 -14.393700 -17.052200 199.827000 1933.100000 -13 474 1 0 1.000000
0.157613 -2.800800 0 0.196722 5.523160 185.169000 1933.190000 -13 475 1 0 1.000000
-3.142150 -4.362980 0 -2.489170 0.060290 201.033000 1933.250000 -13 476 1 0 1.000000
-2.349960 2.228140 0 -8.431310 -11.880800 194.783000 1933.150000 -13 477 1 0 1.000000
2.234240 -1.293090 0 9.129070 -4.634860 189.899000 1933.170000 -13 478 1 0 1.000000
-2.807910 -0.421944 0 -3.014980 -15.468400 202.855000 1933.120000 -13 479 1 0 1.000000
-2.266970 0.119666 0 -8.438060 -8.538930 206.615000 1933.180000 -13 480 1 0 1.000000
-0.098322 0.291031 0 -8.925210 9.131300 187.427000 1933.280000 -13 481 1 0 1.000000
-0.676614 -1.037890 0 1.082090 20.434100 198.196000 1933.130000 -13 482 1 0 1.000000
-1.688540 -2.230610 0 11.713700 5.137680 190.016000 1933.080000 -13 483 1 0 1.000000
-3.102110 -1.677210 0 2.152100 -26.868300 184.073000 1933.210000 -13 484 1 0 1.000000
-2.424460 -3.982850 0 2.347480 -4.305330 191.733000 1933.110000 -13 485 1 0 1.000000
-0.839397 -6.255250 0 -1.140950 7.342070 206.071000 1933.130000 -13 486 1 0 1.000000
-0.606153 -1.952270 0 -2.995700 -3.708550 188.262000 1933.260000 -13 487 1 0 1.000000
1.165850 -0.337763 0 1.693500 -0.947813 197.213000 1933.210000 -13 488 1 0 1.000000
-3.452220 -1.801060 0 7.816520 -6.154600 195.473000 1933.090000 -13 489 1 0 1.000000
2.342180 -0.301382 0 2.670460 6.845680 189.347000 1933.290000 -13 490 1 0 1.000000
-1.880200 0.382945 0 8.791910 3.601750 183.736000 1933.090000 -13 491 1 0 1.000000
-3.634630 -1.059580 0 6.872140 -7.188380 214.213000 1933.210000 -13 492 1 0 1.000000
-3.039350 -1.987570 0 -5.540920 1.556010 197.239000 1933.140000 -13 493 1 0 1.000000
0.701693 -2.577380 0 1.636570 16.458900 188.281000 1933.200000 -13 494 1 0 1.000000
-1.701560 -5.026800 0 6.781100 -5.207980 199.063000 1933.120000 -13 495 1 0 1.000000
-1.375560 -1.179980 0 -1.741130 12.332800 189.790000 1933.200000 -13 496 1 0 1.000000
-1.494820 -2.021060 0 -12.882600 3.957710 205.281000 1933.170000 -13 497 1 0 1.000000
0.928897 -1.304620 0 -1.824270 3.167910 198.720000 1933.260000 -13 498 1 0 1.000000
-0.212501 -3.496130 0 4.611250 -22.943400 189.615000 1933.100000 -13 499 1 0 1.000000
-3.672200 -1.127200 0 -1.919010 -2.397080 195.412000 1933.170000 -13 500 1 0 1.000000
-2.220850 -0.155755 0 5.437530 -2.766190 197.702000 1933.080000 -13 501 1 0 1.000000
-1.401000 -1.321840 0 -4.555790 1.893560 197.246000 1933.230000 -13 502 1 0 1.000000
-2.645120 -4.207870 0 -0.270294 -2.185890 200.767000 1933.190000 -13 503 1 0 1.000000
-2.626090 -0.736145 0 -9.523350 -7.324430 206.264000 1933.150000 -13 504 1 0 1.000000
0.517727 -2.194460 0 3.099940 -8.367960 198.093000 1933.100000 -13 505 1 0 1.000000
0.593497 -2.782230 0 4.526470 7.968330 198.022000 1933.180000 -13 506 1 0 1.000000
0.867034 -0.558915 0 10.846700 6.167970 192.517000 1932.990000 -13 507 1 0 1.000000
-1.065050 -4.528820 0 6.388130 4.671370 200.685000 1933.140000 -13 508 1 0 1.000000
0.163510 2.877400 0 -6.257260 -13.592300 196.579000 1933.200000 -13 509 1 0 1.000000
-2.306170 -1.616120 0 3.173160 7.871020 188.227000 1933.230000 -13 510 1 0 1.000000
-1.931630 -2.419020 0 0.804018 -21.474700 193.531000 1933.190000 -13 511 1 0 1.000000
-1.176410 -3.966750 0 18.587300 -4.881740 209.984000 1933.210000 -13 512 1 0 1.000000
1.199710 -2.762750 0 14.342800 -6.935060 202.165000 1933.030000 -13 513 1 0 1.000000
-1.933000 -1.357990 0 13.207300 -14.487600 191.223000 1933.140000 -13 514 1 0 1.000000
-3.475870 1.040710 0 -9.481120 4.583950 204.806000 1933.220000 -13 515 1 0 1.000000
-0.355729 -1.953820 0 -7.815070 -12.855000 211.938000 1933.150000 -13 516 1 0 1.000000
0.175584 -1.768510 0 7.721900 5.322730 186.667000 1933.190000 -13 517 1 0 1.000000
-0.643305 -2.124200 0 -8.922820 0.078855 184.456000 1933.150000 -13 518 1 0 1.000000
-1.489340 -1.216220 0 1.432610 -2.756020 184.460000 1933.140000 -13 519 1 0 1.000000
-0.623284 -4.679660 0 6.228330 6.667830 183.340000 1933.310000 -13 520 1 0 1.000000
-2.160720 -1.272720 0 1.576820 -1.205040 194.804000 1933.120000 -13 521 1 0 1.000000
-3.312440 -0.453089 0 -9.783930 -8.588650 210.106000 1933.240000 -13 522 1 0 1.000000
-0.477560 -3.163930 0 19.073300 10.826800 184.216000 1933.230000 -13 523 1 0 1.000000
-1.667160 1.077050 0 5.642610 -6.834830 204.530000 1933.040000 -13 524 1 0 1.000000
-2.968470 -3.709130 0 -6.556350 5.514360 200.060000 1933.170000 -13 525 1 0 1.000000
-0.612938 -3.066480 0 -17.317300 21.626600 190.825000 1933.080000 -13 526 1 0 1.000000
-2.218250 -2.171120 0 4.107630 -23.622200 210.622000 1933.200000 -13 527 1 0 1.000000
2.289700 -3.992680 0 6.351490 -7.777830 187.147000 1933.100000 -13 528 1 0 1.000000
-2.169300 -1.863590 0 -4.146610 -8.927350 203.394000 1933.310000 -13 529 1 0 1.000000
0.275972 -3.003330 0 4.033450 8.755650 189.460000 1933.140000 -13 530 1 0 1.000000
0.903933 0.156827 0 -11.117600 -1.727840 198.622000 1933.120000 -13 531 1 0 1.000000
-0.935703 0.201341 0 -13.275800 -0.934217 200.801000 1933.180000 -13 532 1 0 1.000000
1.240910 -1.255760 0 13.549100 -2.690330 189.146000 1933.160000 -13 533 1 0 1.000000
-1.304350 -1.312490 0 -4.573780 11.727600 203.692000 1933.110000 -13 534 1 0 1.000000
1.359730 0.656925 0 -1.229860 -24.339400 190.270000 1933.300000 -13 535 1 0 1.000000
-4.125910 -1.749580 0 3.769900 -10.661000 196.890000 1933.280000 -13 536 1 0 1.000000
-0.407668 -2.479210 0 0.718465 -0.716126 200.819000 1933.080000 -13 537 1 0 1.000000
-3.347000 -0.637972 0 12.013200 19.679900 195.629000 1933.260000 -13 538 1 0 1.000000
-0.947787 -1.200050 0 7.298440 -10.599600 198.370000 1933.280000 -13 539 1 0 1.000000
-3.142280 -0.969571 0 -9.847740 -1.925250 196.582000 1933.310000 -13 540 1 0 1.000000
-2.830420 -1.300530 0 7.951780 -15.602200 185.579000 1933.260000 -13 541 1 0 1.000000
-1.543120 -3.424630 0 -12.765400 -7.343570 204.766000 1933.210000 -13 542 1 0 1.000000
-1.651600 -1.286260 0 1.318570 -2.314750 190.263000 1933.380000 -13 543 1 0 1.000000
-3.014540 -0.614544 0 0.732360 4.945980 191.983000 1933.180000 -13 544 1 0 1.000000
-4.099470 -1.003890 0 -9.696830 -13.753400 196.783000 1933.060000 -13 545 1 0 1.000000
-3.266750 -1.515620 0 3.047940 -1.810310 198.525000 1933.100000 -13 546 1 0 1.000000
-0.869037 -4.786250 0 -2.043080 -2.997120 193.217000 1933.190000 -13 547 1 0 1.000000
0.019799 -0.654937 0 6.034680 10.669700 187.294000 1933.120000 -13 548 1 0 1.000000
-1.877450 -3.818250 0 12.657600 -9.352850 191.960000 1933.030000 -13 549 1 0 1.000000
-2.380560 0.110580 0 11.434900 6.222250 203.397000 1933.160000 -13 550 1 0 1.000000
-1.216490 -1.227070 0 -2.680390 -1.983090 206.779000 1933.280000 -13 551 1 0 1.000000
-1.120550 -4.679270 0 15.465600 20.271800 204.312000 1933.270000 -13 552 1 0 1.000000
-3.505450 -3.797160 0 -6.677700 11.166100 193.053000 1933.220000 -13 553 1 0 1.000000
-1.549070 -2.811050 0 16.192000 11.035400 204.458000 1933.230000 -13 554 1 0 1.000000
-1.818900 -2.070090 0 -4.546900 12.143100 185.846000 1933.110000 -13 555 1 0 1.000000
-0.669148 -0.413820 0 1.695580 -6.936880 189.282000 1933.150000 -13 556 1 0 1.000000
0.995445 -3.133220 0 13.154000 -19.272100 196.590000 1933.150000 -13 557 1 0 1.000000
-1.935740 -3.420460 0 -13.614900 -8.903480 196.632000 1933.090000 -13 558 1 0 1.000000
-1.507090 -0.446837 0 -5.714110 15.271200 184.743000 1933.100000 -13 559 1 0 1.000000
0.112639 -1.374500 0 7.735640 22.556800 200.020000 1933.060000 -13 560 1 0 1.000000
-0.761812 -1.589520 0 -3.591130 -10.917800 185.812000 1933.260000 -13 561 1 0 1.000000
-2.786950 1.516490 0 6.982590 -19.569000 210.522000 1933.160000 -13 562 1 0 1.000000
0.772039 -1.408350 0 15.604300 -3.745320 195.212000 1933.090000 -13 563 1 0 1.000000
-2.001800 -1.998250 0 5.694880 -16.300200 185.862000 1933.030000 -13 564 1 0 1.000000
-3.098850 -1.930190 0 1.351490 5.537180 190.672000 1933.120000 -13 565 1 0 1.000000
0.548305 0.381269 0 -12.857600 -2.062620 192.541000 1933.150000 -13 566 1 0 1.000000
-0.522988 -2.960160 0 -3.175280 10.577800 184.908000 1933.250000 -13 567 1 0 1.000000
1.868820 -1.340390 0 7.738510 11.830800 208.219000 1933.270000 -13 568 1 0 1.000000
-2.737550 -0.781973 0 10.770600 6.582830 207.541000 1933.310000 -13 569 1 0 1.000000
-0.524145 -0.383735 0 -20.183800 9.660940 175.078000 1933.150000 -13 570 1 0 1.000000
-2.008180 -1.233520 0 -7.929540 7.768010 198.263000 1933.190000 -13 571 1 0 1.000000
-2.269270 -1.851620 0 -11.555600 -0.858033 191.130000 1933.060000 -13 572 1 0 1.000000
-1.879160 0.243938 0 -4.118210 14.474900 211.031000 1933.110000 -13 573 1 0 1.000000
-1.378800 -2.238390 0 12.326800 -4.121310 197.135000 1933.270000 -13 574 1 0 1.000000
0.018174 0.631433 0 -15.303100 -6.206100 196.553000 1933.270000 -13 575 1 0 1.000000
-2.060670 -1.378760 0 6.827900 -3.820600 208.673000 1933.320000 -13 576 1 0 1.000000
-2.151500 -1.853900 0 -8.162670 3.323550 192.889000 1933.150000 -13 577 1 0 1.000000
2.154630 -0.298791 0 -17.590800 0.491235 199.204000 1933.180000 -13 578 1 0 1.000000
-1.139310 -0.251406 0 -8.885330 0.868319 195.906000 1933.140000 -13 579 1 0 1.000000
-0.414888 -4.105520 0 19.921400 0.458295 178.451000 1933.190000 -13 580 1 0 1.000000
-1.637410 -1.286110 0 -0.171616 -9.738390 188.789000 1933.280000 -13 581 1 0 1.000000
-2.045260 -3.447290 0 8.491810 -7.516530 194.101000 1933.190000 -13 582 1 0 1.000000
-2.136580 -1.748920 0 -8.924300 0.254593 190.865000 1933.210000 -13 583 1 0 1.000000
1.214300 -2.985370 0 12.539200 11.681600 183.531000 1933.170000 -13 584 1 0 1.000000
-3.439450 -1.021010 0 0.839644 -4.091720 199.768000 1933.280000 -13 585 1 0 1.000000
1.799040 -3.295590 0 4.154550 13.579400 199.793000 1933.230000 -13 586 1 0 1.000000
-4.249920 -0.552851 0 -12.897100 9.432040 206.310000 1933.180000 -13 587 1 0 1.000000
0.447239 0.100126 0 5.367610 -0.936612 195.794000 1933.230000 -13 588 1 0 1.000000
-1.625980 -0.375158 0 -5.711550 -11.195200 179.710000 1933.220000 -13 589 1 0 1.000000
-0.261779 -4.122350 0 12.751500 -5.742940 206.424000 1933.310000 -13 590 1 0 1.000000
0.672568 -1.687560 0 -18.556100 3.384190 193.588000 1933.150000 -13 591 1 0 1.000000
-0.850115 0.236492 0 -7.149760 12.080400 188.852000 1933.180000 -13 592 1 0 1.000000
-2.282110 -4.072110 0 19.474900 -4.173200 186.139000 1933.240000 -13 593 1 0 1.000000
-1.620500 -1.258380 0 7.612790 -18.892200 199.847000 1933.190000 -13 594 1 0 1.000000
-0.901243 -4.034980 0 6.440190 2.334540 207.735000 1933.120000 -13 595 1 0 1.000000
-1.045030 -3.135440 0 5.433990 16.552600 204.414000 1933.130000 -13 596 1 0 1.000000
-1.609630 -3.331020 0 -5.494020 16.253900 208.542000 1933.200000 -13 597 1 0 1.000000
-1.320260 1.502080 0 -15.835700 15.581200 193.782000 1933.080000 -13 598 1 0 1.000000
0.006170 -1.031900 0 8.536850 -10.902400 198.823000 1933.190000 -13 599 1 0 1.000000
1.097070 -1.747200 0 -10.479700 11.441800 204.539000 1933.190000 -13 600 1 0 1.000000
1.278870 -3.100150 0 4.936690 -5.879810 200.579000 1933.210000 -13 601 1 0 1.000000
-4.209040 -1.804140 0 16.803000 -9.245560 194.679000 1933.090000 -13 602 1 0 1.000000
-2.698000 -0.190800 0 4.393560 -14.711300 199.099000 1933.250000 -13 603 1 0 1.000000
-2.496960 0.123740 0 3.319530 -5.815870 191.424000 1933.170000 -13 604 1 0 1.000000
-2.546860 -2.038970 0 -8.479250 -1.442230 211.426000 1933.270000 -13 605 1 0 1.000000
-0.475871 -2.916290 0 2.224820 5.264070 189.784000 1933.220000 -13 606 1 0 1.000000
-3.032040 -0.731882 0 -6.659690 -6.616650 184.920000 1933.130000 -13 607 1 0 1.000000
0.204083 -0.325998 0 -6.116180 -8.548640 201.053000 1933.190000 -13 608 1 0 1.000000
-1.762070 -1.666480 0 -6.874120 0.214191 185.251000 1933.060000 -13 609 1 0 1.000000
-1.041160 -2.283050 0 -7.864010 -4.134930 202.879000 1933.240000 -13 610 1 0 1.000000
-3.294690 -0.945283 0 -4.156000 -12.044800 200.547000 1933.230000 -13 611 1 0 1.000000
1.019010 -1.167680 0 -16.301300 0.897104 207.309000 1933.270000 -13 612 1 0 1.000000
-2.178190 0.300803 0 3.373980 -14.859000 187.345000 1933.200000 -13 613 1 0 1.000000
-1.020180 -2.270830 0 12.668600 4.104980 199.312000 1933.270000 -13 614 1 0 1.000000
-2.583790 -2.132500 0 1.102690 -9.694460 189.421000 1933.090000 -13 615 1 0 1.000000
0.439485 -4.773470 0 17.263000 -8.020100 196.105000 1933.070000 -13 616 1 0 1.000000
-1.554820 -1.689230 0 15.504700 -12.044100 201.407000 1933.170000 -13 617 1 0 1.000000
0.577778 -2.465970 0 7.632050 -1.010170 193.966000 1933.100000 -13 618 1 0 1.000000
0.239799 -2.527930 0 2.348770 24.999600 187.722000 1933.200000 -13 619 1 0 1.000000
-1.074900 -0.832612 0 -10.243300 3.081330 196.714000 1933.270000 -13 620 1 0 1.000000
-0.761505 -2.569310 0 5.888910 -6.070020 201.237000 1933.310000 -13 621 1 0 1.000000
-1.647450 0.317000 0 -0.323483 12.764300 183.843000 1933.160000 -13 622 1 0 1.000000
-0.268694 -2.986690 0 -8.424800 7.375310 200.758000 1933.050000 -13 623 1 0 1.000000
-3.164150 -2.044520 0 -4.771930 18.649600 187.534000 1933.110000 -13 624 1 0 1.000000
-2.090950 -0.150345 0 6.093190 6.902830 187.716000 1933.260000 -13 625 1 0 1.000000
-0.004180 -3.670910 0 8.649650 1.231820 194.371000 1933.110000 -13 626 1 0 1.000000
-2.850080 -1.227890 0 -0.082235 -2.346710 209.974000 1933.260000 -13 627 1 0 1.000000
-2.419560 -3.131110 0 3.838970 -7.039880 199.039000 1933.220000 -13 628 1 0 1.000000
-0.391079 -3.030220 0 -0.716834 5.538730 198.558000 1933.200000 -13 629 1 0 1.000000
-1.480470 -1.313230 0 12.703000 -7.631710 189.571000 1933.150000 -13 630 1 0 1.000000
-0.279564 -1.337910 0 -2.536110 10.047900 200.703000 1933.140000 -13 631 1 0 1.000000
-0.724741 -2.723760 0 3.752300 -5.830250 186.369000 1933.170000 -13 632 1 0 1.000000
-1.047880 -2.049730 0 -9.903220 5.744960 187.278000 1933.220000 -13 633 1 0 1.000000
-0.330433 0.619445 0 -8.196240 19.520000 199.545000 1933.300000 -13 634 1 0 1.000000
2.511480 -1.166010 0 -5.072430 16.439800 186.392000 1933.090000 -13 635 1 0 1.000000
-0.865086 -0.042894 0 -17.608700 2.654040 195.581000 1933.110000 -13 636 1 0 1.000000
-0.902523 -1.333360 0 0.443030 1.135710 213.200000 1933.250000 -13 637 1 0 1.000000
-1.398200 0.806972 0 8.832080 1.215520 204.296000 1933.140000 -13 638 1 0 1.000000
-0.266872 -0.605971 0 1.195400 -11.648000 182.490000 1933.200000 -13 639 1 0 1.000000
-3.142300 -2.052330 0 -0.732821 0.333885 186.583000 1933.100000 -13 640 1 0 1.000000
0.267385 -0.551574 0 8.070600 9.988340 192.353000 1933.210000 -13 641 1 0 1.000000
-1.984720 -5.301890 0 2.327660 -0.541763 210.696000 1933.180000 -13 642 1 0 1.000000
-0.863769 -3.289260 0 -0.600116 9.982720 195.283000 1933.130000 -13 643 1 0 1.000000
0.273458 -0.809982 0 -6.457550 -16.397200 200.745000 1933.200000 -13 644 1 0 1.000000
0.034280 -0.302724 0 16.970900 -3.462470 190.330000 1933.230000 -13 645 1 0 1.000000
-1.153900 2.436410 0 0.337371 0.408161 193.210000 1933.100000 -13 646 1 0 1.000000
-2.635920 -1.268100 0 -5.702640 3.789470 193.891000 1933.170000 -13 647 1 0 1.000000
-3.052290 0.123997 0 -9.248390 1.946870 188.265000 1933.150000 -13 648 1 0 1.000000
-0.509307 -4.037090 0 11.220300 14.337500 184.860000 1933.250000 -13 649 1 0 1.000000
1.642900 -2.467580 0 -3.672310 2.544200 209.480000 1933.180000 -13 650 1 0 1.000000
0.847785 -1.658830 0 0.420965 20.061500 192.797000 1933.150000 -13 651 1 0 1.000000
-0.153629 -2.568480 0 -14.536100 -2.307680 192.871000 1933.210000 -13 652 1 0 1.000000
-1.791660 1.436710 0 1.807010 -8.396120 186.444000 1933.180000 -13 653 1 0 1.000000
-0.377926 -3.901890 0 11.330800 -0.789196 207.096000 1933.130000 -13 654 1 0 1.000000
-1.600050 -4.248280 0 8.462610 -7.822880 204.909000 1933.260000 -13 655 1 0 1.000000
0.447916 -2.978050 0 -2.101760 7.821180 189.877000 1933.140000 -13 656 1 0 1.000000
0.169495 -2.775830 0 -4.830400 4.206730 187.776000 1933.120000 -13 657 1 0 1.000000
-0.310748 -2.059760 0 -5.617110 -10.899500 186.504000 1933.070000 -13 658 1 0 1.000000
-1.161510 -1.865900 0 -9.700250 15.915600 202.881000 1933.160000 -13 659 1 0 1.000000
-3.002610 -0.401136 0 10.976700 6.382310 191.702000 1933.190000 -13 660 1 0 1.000000
-2.258800 -0.228653 0 -4.470770 15.051000 201.243000 1933.300000 -13 661 1 0 1.000000
-2.228230 -2.665960 0 12.456200 -2.123160 195.591000 1933.080000 -13 662 1 0 1.000000
-3.379110 0.083669 0 3.440890 -14.485900 184.295000 1933.160000 -13 663 1 0 1.000000
-0.440860 0.789529 0 -1.227300 3.811970 199.417000 1933.080000 -13 664 1 0 1.000000
1.988960 -0.280561 0 -6.288890 9.633830 186.021000 1933.160000 -13 665 1 0 1.000000
1.015790 -2.167040 0 -17.615400 -13.844200 194.922000 1933.240000 -13 666 1 0 1.000000
-2.453590 -0.583871 0 7.381550 -15.614100 206.882000 1933.310000 -13 667 1 0 1.000000
-0.653225 -1.159090 0 -11.997000 0.857628 192.679000 1933.190000 -13 668 1 0 1.000000
0.147220 -1.915550 0 -8.470930 9.374800 201.720000 1933.180000 -13 669 1 0 1.000000
-3.582310 -0.499802 0 3.841480 11.713900 207.795000 1933.190000 -13 670 1 0 1.000000
-0.800590 1.939200 0 -1.551990 5.257490 191.896000 1933.140000 -13 671 1 0 1.000000
0.000493 -2.467800 0 6.787340 -6.148200 190.670000 1933.120000 -13 672 1 0 1.000000
-1.382200 1.390630 0 8.986350 14.935800 187.463000 1933.090000 -13 673 1 0 1.000000
-1.409880 -3.703670 0 8.494950 -2.772830 204.788000 1933.330000 -13 674 1 0 1.000000
-2.903330 -3.887720 0 9.536000 -10.796300 198.057000 1933.110000 -13 675 1 0 1.000000
-1.836780 -0.570707 0 1.382110 2.875580 210.246000 1933.190000 -13 676 1 0 1.000000
-1.033760 1.393920 0 -24.356400 16.325100 184.594000 1933.160000 -13 677 1 0 1.000000
1.752920 -0.857240 0 8.538480 -2.741790 188.622000 1933.140000 -13 678 1 0 1.000000
-0.798790 -2.765510 0 7.412010 1.753890 186.910000 1933.150000 -13 679 1 0 1.000000
1.206430 -0.152863 0 -1.848690 5.438930 193.156000 1933.390000 -13 680 1 0 1.000000
-1.558540 0.366212 0 -0.856353 -8.602960 188.239000 1933.360000 -13 681 1 0 1.000000
-1.245880 -0.627689 0 -8.601570 7.779830 188.052000 1933.130000 -13 682 1 0 1.000000
-2.165120 -2.811570 0 0.358636 8.501260 195.381000 1933.160000 -13 683 1 0 1.000000
0.064555 -3.177180 0 -6.845760 6.944960 194.672000 1933.260000 -13 684 1 0 1.000000
-1.611930 -3.010900 0 9.137030 -14.692300 196.178000 1933.210000 -13 685 1 0 1.000000
-0.033076 -1.915590 0 -6.717700 -4.360760 210.187000 1933.250000 -13 686 1 0 1.000000
-1.681090 0.668298 0 -13.809700 -4.576100 200.408000 1933.380000 -13 687 1 0 1.000000
-2.660660 0.398389 0 -4.019560 -11.548100 205.121000 1933.330000 -13 688 1 0 1.000000
1.539190 -2.796940 0 -17.683900 -2.152820 185.127000 1933.190000 -13 689 1 0 1.000000
-2.541360 0.494486 0 -0.812120 -13.701500 204.557000 1933.160000 -13 690 1 0 1.000000
-1.350870 -2.525730 0 -3.796030 -6.732950 193.591000 1933.120000 -13 691 1 0 1.000000
-0.407961 -0.253881 0 2.256480 13.419000 185.994000 1933.080000 -13 692 1 0 1.000000
1.082260 -3.775010 0 10.230100 2.279510 180.300000 1933.080000 -13 693 1 0 1.000000
-0.462033 -3.161030 0 -7.404350 -2.318160 192.301000 1933.080000 -13 694 1 0 1.000000
-0.778219 -1.725590 0 17.783200 -9.914870 185.114000 1933.200000 -13 695 1 0 1.000000
-2.192000 1.165090 0 -5.978700 12.325500 206.136000 1933.220000 -13 696 1 0 1.000000
0.568079 1.669310 0 6.495930 4.683470 191.024000 1933.090000 -13 697 1 0 1.000000
-1.373990 -1.291740 0 -8.661900 9.750320 206.087000 1933.130000 -13 698 1 0 1.000000
-3.065140 -2.048970 0 0.324154 -9.939000 193.192000 1933.130000 -13 699 1 0 1.000000
-1.275640 0.593326 0 9.754500 -0.204178 203.024000 1933.270000 -13 700 1 0 1.000000
-2.634830 -0.870309 0 1.406390 -17.870800 200.815000 1933.170000 -13 701 1 0 1.000000
-2.052350 0.495822 0 -7.969520 -6.918780 179.725000 1933.220000 -13 702 1 0 1.000000
-0.368614 -3.013200 0 2.207370 7.318690 197.710000 1933.200000 -13 703 1 0 1.000000
1.575760 -3.465820 0 -7.557490 16.792500 209.047000 1933.170000 -13 704 1 0 1.000000
-3.405560 -0.979660 0 -2.730700 3.937170 214.046000 1933.180000 -13 705 1 0 1.000000
-3.254810 -1.486530 0 9.496690 -10.029000 197.160000 1933.270000 -13 706 1 0 1.000000
-2.209580 0.172355 0 8.486450 4.273370 202.637000 1933.150000 -13 707 1 0 1.000000
-1.162860 -0.992422 0 -23.613100 0.528251 191.539000 1933.120000 -13 708 1 0 1.000000
0.771726 -3.326940 0 -8.821270 -5.388630 203.488000 1933.130000 -13 709 1 0 1.000000
-1.204800 -1.974280 0 11.290700 20.187500 204.335000 1933.100000 -13 710 1 0 1.000000
-2.659410 -4.887050 0 -5.624460 8.330570 210.949000 1933.120000 -13 711 1 0 1.000000
-2.292450 0.663504 0 11.006800 2.686110 189.830000 1933.150000 -13 712 1 0 1.000000
-1.716300 -0.133194 0 6.684960 2.321170 199.799000 1933.250000 -13 713 1 0 1.000000
-1.636430 -1.071790 0 -17.135100 6.553990 189.946000 1933.230000 -13 714 1 0 1.000000
-1.380960 -2.141480 0 -7.210570 3.473170 191.645000 1933.290000 -13 715 1 0 1.000000
-0.254703 -0.991344 0 28.375900 2.482080 189.038000 1933.100000 -13 716 1 0 1.000000
-1.044600 -1.975740 0 -13.464400 10.412000 199.522000 1933.070000 -13 717 1 0 1.000000
-1.014340 -0.727066 0 1.253530 -11.791600 192.264000 1933.140000 -13 718 1 0 1.000000
-0.794820 -1.078720 0 2.005130 3.876420 200.273000 1933.130000 -13 719 1 0 1.000000
1.037300 -2.959530 0 21.477200 4.352570 192.015000 1933.330000 -13 720 1 0 1.000000
-0.813337 -0.504614 0 -1.108710 -5.684880 188.948000 1933.300000 -13 721 1 0 1.000000
-1.269300 1.089290 0 1.178180 7.001280 195.774000 1933.120000 -13 722 1 0 1.000000
-0.819899 -2.955750 0 -5.520870 -2.550500 188.642000 1933.220000 -13 723 1 0 1.000000
-3.759830 -0.306975 0 -1.989060 3.966450 199.966000 1933.120000 -13 724 1 0 1.000000
-0.830918 -2.061060 0 2.379340 -20.521000 210.511000 1933.160000 -13 725 1 0 1.000000
-0.706343 -1.557270 0 2.297970 -19.661700 173.799000 1933.270000 -13 726 1 0 1.000000
0.163860 -0.803379 0 3.609620 -5.582330 202.142000 1933.090000 -13 727 1 0 1.000000
-1.591110 -2.847070 0 4.905650 -14.648300 187.287000 1933.100000 -13 728 1 0 1.000000
-2.386290 -1.921080 0 -0.663971 6.425530 196.686000 1933.130000 -13 729 1 0 1.000000
-1.924420 -1.168030 0 10.387700 10.713600 184.695000 1933.200000 -13 730 1 0 1.000000
-1.531560 1.599470 0 -20.588000 -3.646630 202.734000 1933.120000 -13 731 1 0 1.000000
-0.961656 -0.542741 0 15.271300 -15.879500 201.260000 1933.120000 -13 732 1 0 1.000000
-4.781990 1.308620 0 -5.592970 -0.030281 206.832000 1933.210000 -13 733 1 0 1.000000
-3.803170 0.832995 0 1.309370 -14.625700 192.884000 1933.010000 -13 734 1 0 1.000000
-4.186650 -3.172990 0 2.480340 22.302500 201.159000 1933.140000 -13 735 1 0 1.000000
2.150500 -0.080087 0 0.631270 16.859800 191.414000 1933.160000 -13 736 1 0 1.000000
1.492930 1.598190 0 6.868900 -7.448220 202.739000 1933.080000 -13 737 1 0 1.000000
-1.127120 -1.345500 0 25.118100 1.384770 198.241000 1933.340000 -13 738 1 0 1.000000
-2.050300 -0.841122 0 6.111570 5.705420 187.234000 1933.120000 -13 739 1 0 1.000000
-1.888950 0.659410 0 1.270510 0.916245 181.771000 1933.220000 -13 740 1 0 1.000000
-1.334440 -1.383910 0 -10.254900 -19.353300 183.572000 1933.240000 -13 741 1 0 1.000000
-0.776407 -4.310960 0 15.351900 -7.470460 187.804000 1933.100000 -13 742 1 0 1.000000
-2.572280 -0.819048 0 -9.847660 -6.972580 182.700000 1933.210000 -13 743 1 0 1.000000
-1.374510 -0.051018 0 12.973100 -10.717200 187.017000 1933.180000 -13 744 1 0 1.000000
-2.309460 -1.600460 0 -5.325010 -5.815820 186.794000 1933.140000 -13 745 1 0 1.000000
0.987966 -1.164150 0 0.446746 -10.437600 191.806000 1933.180000 -13 746 1 0 1.000000
-0.863681 -2.651390 0 12.196200 -11.997000 202.807000 1933.150000 -13 747 1 0 1.000000
-1.610920 -3.865690 0 -2.581840 -14.029300 189.273000 1933.330000 -13 748 1 0 1.000000
-1.183670 -0.363610 0 1.724700 28.464700 208.436000 1933.140000 -13 749 1 0 1.000000
-0.810436 -2.349440 0 -3.604560 7.710040 202.118000 1933.170000 -13 750 1 0 1.000000
0.068569 -1.106350 0 -7.229470 1.746350 196.629000 1933.130000 -13 751 1 0 1.000000
-2.925890 -2.168290 0 -1.887050 -1.021910 183.276000 1933.250000 -13 752 1 0 1.000000
-2.847960 -3.497750 0 2.398910 15.850500 192.145000 1933.190000 -13 753 1 0 1.000000
-2.388160 -0.071474 0 0.029173 -4.212100 186.143000 1933.070000 -13 754 1 0 1.000000
-2.524150 0.152169 0 3.396090 1.031890 198.323000 1933.090000 -13 755 1 0 1.000000
-4.199070 -2.968400 0 3.386380 4.844850 208.442000 1933.140000 -13 756 1 0 1.000000
-0.881559 -1.342740 0 0.201408 -4.278690 199.209000 1933.190000 -13 757 1 0 1.000000
0.416040 -0.586298 0 9.429370 2.603390 210.371000 1933.170000 -13 758 1 0 1.000000
-2.299450 -1.171970 0 0.224636 -2.431050 191.597000 1933.110000 -13 759 1 0 1.000000
-0.355948 -1.701600 0 3.321500 -16.241800 192.457000 1933.090000 -13 760 1 0 1.000000
-0.873306 -3.658830 0 -12.882400 -7.837950 179.520000 1933.230000 -13 761 1 0 1.000000
-3.182600 -1.432540 0 6.152250 -2.959770 205.724000 1933.170000 -13 762 1 0 1.000000
-0.634043 -3.282470 0 -0.693755 -1.742500 204.807000 1933.150000 -13 763 1 0 1.000000
-2.111590 -0.691637 0 -4.079930 7.034580 196.212000 1933.240000 -13 764 1 0 1.000000
-1.196430 -1.012520 0 -23.308400 -1.500840 194.568000 1933.180000 -13 765 1 0 1.000000
-2.381000 -3.271350 0 -10.195500 -2.768370 203.462000 1933.160000 -13 766 1 0 1.000000
-1.020640 -1.342860 0 9.594600 -22.331100 196.613000 1933.260000 -13 767 1 0 1.000000
-1.794220 -1.766430 0 -0.392854 -0.495021 197.236000 1933.160000 -13 768 1 0 1.000000
-3.571460 -2.915010 0 -19.638700 -1.576080 215.940000 1933.170000 -13 769 1 0 1.000000
0.336597 -3.683310 0 0.584992 -8.664710 194.089000 1933.160000 -13 770 1 0 1.000000
-2.202630 -0.802800 0 -14.981400 8.531180 196.183000 1933.130000 -13 771 1 0 1.000000
1.176160 -1.577720 0 20.050000 5.522520 190.953000 1933.270000 -13 772 1 0 1.000000
0.640976 -3.366520 0 2.451140 7.344260 201.832000 1933.220000 -13 773 1 0 1.000000
-2.196120 1.864740 0 -7.443470 -14.518200 192.995000 1933.270000 -13 774 1 0 1.000000
-0.552740 -0.598824 0 -14.831900 -4.494100 183.572000 1933.170000 -13 775 1 0 1.000000
1.253480 -3.654170 0 1.038910 8.822630 187.622000 1933.200000 -13 776 1 0 1.000000
-2.280330 -2.082450 0 -9.074090 -2.595250 199.699000 1933.140000 -13 777 1 0 1.000000
-1.093970 -1.482070 0 -8.348540 -5.189630 200.458000 1933.010000 -13 778 1 0 1.000000
-1.956450 -2.252860 0 15.958700 -1.290480 198.794000 1933.310000 -13 779 1 0 1.000000
-0.318443 -0.767762 0 -2.004910 0.711873 195.881000 1933.280000 -13 780 1 0 1.000000
-0.766753 -0.842430 0 -6.547500 -11.223600 187.232000 1933.170000 -13 781 1 0 1.000000
-3.565670 -0.058761 0 2.709580 -8.232050 196.217000 1933.180000 -13 782 1 0 1.000000
-2.102690 0.055488 0 -4.796570 -2.300810 186.074000 1933.300000 -13 783 1 0 1.000000
1.127400 -1.413420 0 -3.974910 15.888100 183.226000 1933.180000 -13 784 1 0 1.000000
-1.450270 -3.333840 0 21.493300 -0.935906 194.222000 1933.090000 -13 785 1 0 1.000000
-1.815310 -2.458830 0 7.200590 17.394900 198.165000 1933.030000 -13 786 1 0 1.000000
2.311330 -1.736460 0 3.837730 10.520800 189.668000 1933.340000 -13 787 1 0 1.000000
-2.374030 -0.024764 0 -5.835540 -1.703680 179.999000 1933.140000 -13 788 1 0 1.000000
-0.684715 -1.431060 0 -5.064450 10.749100 201.420000 1933.170000 -13 789 1 0 1.000000
-0.406171 -2.796980 0 4.636470 -1.054040 197.766000 1933.150000 -13 790 1 0 1.000000
-1.508800 -3.081240 0 4.622560 1.866820 194.886000 1933.070000 -13 791 1 0 1.000000
-2.733740 -1.862310 0 8.821080 -4.190630 193.631000 1933.080000 -13 792 1 0 1.000000
-2.492700 -2.294830 0 8.564710 -14.913500 206.606000 1933.200000 -13 793 1 0 1.000000
0.825064 -0.712501 0 -5.427590 15.142900 183.788000 1933.240000 -13 794 1 0 1.000000
-0.905624 -1.201630 0 10.367300 6.026360 187.981000 1933.180000 -13 795 1 0 1.000000
0.900895 -1.313950 0 9.028040 15.292800 195.531000 1933.250000 -13 796 1 0 1.000000
-2.814970 -2.007380 0 6.539530 1.965510 187.213000 1933.200000 -13 797 1 0 1.000000
1.530280 -0.051528 0 -1.577130 -8.101420 186.280000 1933.150000 -13 798 1 0 1.000000
0.596766 -3.596570 0 -1.095360 -3.941550 189.975000 1933.090000 -13 799 1 0 1.000000
-2.148130 -1.676260 0 -10.090000 3.998140 189.900000 1933.070000 -13 800 1 0 1.000000
-0.094840 -1.640520 0 -10.925600 -24.489900 199.759000 1933.250000 -13 801 1 0 1.000000
-1.293460 0.258611 0 -4.660050 -15.677300 208.897000 1933.170000 -13 802 1 0 1.000000
-0.013549 -0.600600 0 -17.109000 -4.575400 198.606000 1933.220000 -13 803 1 0 1.000000
-2.377590 -0.179149 0 -0.113431 14.649100 211.314000 1933.180000 -13 804 1 0 1.000000
-1.907120 1.742920 0 3.866160 10.139700 203.244000 1933.150000 -13 805 1 0 1.000000
-2.734680 0.134263 0 -12.395900 -7.012260 201.106000 1933.100000 -13 806 1 0 1.000000
0.022997 -1.063430 0 -10.199900 7.725400 192.147000 1933.180000 -13 807 1 0 1.000000
0.183971 -2.645400 0 -4.994590 -4.344660 192.457000 1933.270000 -13 808 1 0 1.000000
0.171056 -1.631760 0 5.158330 -5.970790 186.117000 1933.280000 -13 809 1 0 1.000000
1.451280 -0.306910 0 -10.036700 14.362000 189.949000 1933.350000 -13 810 1 0 1.000000
0.642302 -1.816580 0 -12.513000 10.768000 194.664000 1933.100000 -13 811 1 0 1.000000
-1.843200 -3.965690 0 2.890140 -3.112310 201.187000 1933.090000 -13 812 1 0 1.000000
-2.439340 -0.955808 0 -0.380207 -7.993350 186.868000 1933.040000 -13 813 1 0 1.000000
0.250374 -2.467620 0 -2.980650 2.503070 191.743000 1933.020000 -13 814 1 0 1.000000
-0.116092 0.146452 0 -4.790540 15.904800 195.787000 1933.090000 -13 815 1 0 1.000000
-1.532540 -2.482940 0 -4.205640 9.823500 183.430000 1933.120000 -13 816 1 0 1.000000
-0.678679 -4.377810 0 1.231270 4.714800 186.473000 1933.180000 -13 817 1 0 1.000000
-2.712240 -2.116800 0 15.055200 -17.110900 193.949000 1933.210000 -13 818 1 0 1.000000
-0.095504 -0.432787 0 8.025960 1.317270 194.480000 1933.060000 -13 819 1 0 1.000000
0.030658 -2.278540 0 -21.038500 -17.133200 193.537000 1933.290000 -13 820 1 0 1.000000
-0.755916 -1.482970 0 1.372250 -11.516500 188.063000 1933.150000 -13 821 1 0 1.000000
0.287437 -2.191610 0 8.124630 -9.039630 202.952000 1933.110000 -13 822 1 0 1.000000
-1.688460 -1.998440 0 1.636280 -2.731890 195.080000 1933.110000 -13 823 1 0 1.000000
-0.201059 -0.471612 0 -6.458030 7.151620 199.073000 1933.250000 -13 824 1 0 1.000000
-0.452294 -1.390730 0 8.328230 4.805050 178.347000 1933.200000 -13 825 1 0 1.000000
0.310190 0.779909 0 -13.607300 -7.556240 199.013000 1933.220000 -13 826 1 0 1.000000
-0.014173 0.063601 0 -7.766930 6.217910 187.117000 1933.160000 -13 827 1 0 1.000000
-2.457130 -2.385180 0 -3.114280 -7.223170 183.408000 1933.120000 -13 828 1 0 1.000000
-3.737280 0.699013 0 1.575540 16.115000 203.263000 1933.160000 -13 829 1 0 1.000000
-1.356300 -0.809902 0 -3.136280 8.304220 198.465000 1933.060000 -13 830 1 0 1.000000
-1.102750 -3.348310 0 4.834960 -0.041514 196.409000 1933.240000 -13 831 1 0 1.000000
-0.910955 -1.397570 0 -1.958820 -2.097630 182.029000 1933.250000 -13 832 1 0 1.000000
-0.256455 -3.495030 0 -6.259150 3.959250 216.157000 1933.080000 -13 833 1 0 1.000000
-3.107460 -1.651710 0 -10.226600 -16.565800 206.944000 1933.270000 -13 834 1 0 1.000000
-1.437390 -1.521230 0 -10.133400 11.877300 190.282000 1933.190000 -13 835 1 0 1.000000
-0.915899 -0.358055 0 -2.968100 -8.397210 191.049000 1933.120000 -13 836 1 0 1.000000
-2.554870 0.854642 0 -8.085780 -12.092600 195.211000 1933.200000 -13 837 1 0 1.000000
-3.618080 -2.686420 0 14.225900 -9.347820 198.086000 1933.220000 -13 838 1 0 1.000000
-2.933760 -0.684853 0 -3.118760 6.945370 198.433000 1933.220000 -13 839 1 0 1.000000
-2.020000 -2.013790 0 9.636660 -2.887150 211.078000 1933.220000 -13 840 1 0 1.000000
0.305479 -4.509280 0 10.930600 10.574800 190.021000 1933.140000 -13 841 1 0 1.000000
-2.258180 0.383232 0 3.203510 2.932790 203.002000 1933.240000 -13 842 1 0 1.000000
-0.808038 -3.120550 0 5.266210 7.343070 189.939000 1933.160000 -13 843 1 0 1.000000
-1.712100 -2.901840 0 -4.920910 -20.348700 203.903000 1933.310000 -13 844 1 0 1.000000
0.200389 0.675871 0 2.003520 1.941080 190.406000 1933.110000 -13 845 1 0 1.000000
-1.072740 -1.975240 0 -10.573300 -3.532260 203.035000 1933.190000 -13 846 1 0 1.000000
-1.812450 -4.453720 0 14.095400 -8.535420 185.432000 1933.230000 -13 847 1 0 1.000000
-1.917080 -0.328415 0 -7.653480 -5.063900 203.445000 1933.090000 -13 848 1 0 1.000000
-1.613040 -3.710510 0 11.684200 4.102250 195.771000 1933.150000 -13 849 1 0 1.000000
0.924916 -0.945801 0 -7.097820 1.182570 197.978000 1933.190000 -13 850 1 0 1.000000
-2.314980 -2.541050 0 -3.019810 -27.502600 193.869000 1933.300000 -13 851 1 0 1.000000
-1.628450 -1.705010 0 -13.805300 23.880100 195.798000 1933.280000 -13 852 1 0 1.000000
-2.732850 -0.394325 0 -11.590600 16.395000 197.293000 1933.140000 -13 853 1 0 1.000000
-3.903740 -0.013347 0 9.258010 -9.389690 191.945000 1933.180000 -13 854 1 0 1.000000
-0.136629 -2.158970 0 1.714450 16.841700 205.241000 1933.310000 -13 855 1 0 1.000000
-1.183120 -1.298880 0 1.890640 21.362300 206.543000 1933.100000 -13 856 1 0 1.000000
-2.270060 -2.264150 0 -0.425801 -2.251490 190.446000 1933.240000 -13 857 1 0 1.000000
-3.185750 1.091760 0 3.890080 -11.240500 211.832000 1933.120000 -13 858 1 0 1.000000
-0.094214 -4.195700 0 -3.183050 2.116400 209.272000 1933.220000 -13 859 1 0 1.000000
1.647540 -1.881850 0 13.192100 2.755440 186.720000 1933.260000 -13 860 1 0 1.000000
-2.407990 -2.579770 0 20.192600 -2.230910 208.045000 1933.120000 -13 861 1 0 1.000000
-3.340830 -0.156795 0 4.797900 -1.696420 194.673000 1933.110000 -13 862 1 0 1.000000
-2.200370 -4.302950 0 -7.380020 16.179100 198.916000 1933.240000 -13 863 1 0 1.000000
-2.721290 0.729829 0 2.243090 -12.612000 190.407000 1933.200000 -13 864 1 0 1.000000
-4.169250 -3.039480 0 -0.364700 -8.314020 191.874000 1933.180000 -13 865 1 0 1.000000
-2.795270 -1.553110 0 1.381570 -10.848000 193.793000 1933.090000 -13 866 1 0 1.000000
-3.337980 0.091278 0 10.435300 6.082350 202.028000 1933.080000 -13 867 1 0 1.000000
-1.930700 -0.004049 0 -4.534250 7.875280 187.549000 1933.140000 -13 868 1 0 1.000000
1.549230 -0.776447 0 -12.631100 10.404600 177.911000 1933.260000 -13 869 1 0 1.000000
-0.953709 -2.787600 0 10.158800 5.762030 181.079000 1933.330000 -13 870 1 0 1.000000
0.156544 -1.046690 0 -19.151400 -2.829800 188.023000 1933.180000 -13 871 1 0 1.000000
-1.563280 -0.019271 0 6.047560 16.167100 198.098000 1933.080000 -13 872 1 0 1.000000
-2.776640 -3.574760 0 -12.271300 -19.770000 207.387000 1933.200000 -13 873 1 0 1.000000
-0.178468 -3.118900 0 3.844790 -1.528540 199.960000 1933.160000 -13 874 1 0 1.000000
-0.163539 -0.135900 0 3.964650 -6.674690 202.350000 1933.160000 -13 875 1 0 1.000000
0.129440 -1.641580 0 -4.992400 2.132850 187.070000 1933.100000 -13 876 1 0 1.000000
-0.428382 -3.749300 0 -7.371990 -8.119770 181.551000 1933.150000 -13 877 1 0 1.000000
-2.653740 0.868649 0 -13.328800 -11.650300 203.559000 1933.140000 -13 878 1 0 1.000000
-0.416379 -2.219670 0 -9.078380 -3.144210 189.393000 1933.210000 -13 879 1 0 1.000000
-0.390677 -0.513447 0 2.790910 -2.720560 189.744000 1933.240000 -13 880 1 0 1.000000
-2.950580 0.011005 0 1.248060 -13.036100 197.018000 1933.220000 -13 881 1 0 1.000000
1.057590 -1.178820 0 -7.369190 0.105504 183.772000 1933.140000 -13 882 1 0 1.000000
-1.591920 -5.086610 0 20.390000 -11.741200 201.463000 1933.210000 -13 883 1 0 1.000000
-3.456280 -3.655070 0 13.927700 -8.771010 191.919000 1933.110000 -13 884 1 0 1.000000
-2.074500 0.209458 0 1.349770 13.037900 190.420000 1933.260000 -13 885 1 0 1.000000
-2.416080 -0.475677 0 1.213910 7.562590 202.739000 1933.130000 -13 886 1 0 1.000000
-2.408880 0.428018 0 -26.240200 5.430260 202.254000 1933.230000 -13 887 1 0 1.000000
0.941167 1.714560 0 -7.894140 2.604180 206.961000 1933.260000 -13 888 1 0 1.000000
-1.065360 -0.874055 0 -0.090766 -11.304300 186.289000 1933.110000 -13 889 1 0 1.000000
-3.942690 -0.303901 0 2.982300 -15.254100 198.667000 1933.190000 -13 890 1 0 1.000000
0.490895 -2.158980 0 0.427799 12.022900 193.634000 1933.030000 -13 891 1 0 1.000000
-3.603110 -2.266230 0 -10.850100 -18.921700 205.258000 1933.230000 -13 892 1 0 1.000000
-2.420330 -3.514470 0 13.944600 -2.839010 214.506000 1933.240000 -13 893 1 0 1.000000
-1.211530 -3.784830 0 -26.809000 7.107060 209.691000 1933.220000 -13 894 1 0 1.000000
-1.309680 -0.677015 0 -2.846060 -24.598600 187.717000 1933.280000 -13 895 1 0 1.000000
-0.557665 0.129000 0 -5.324240 17.177500 199.726000 1933.070000 -13 896 1 0 1.000000
-0.191470 -1.442160 0 5.603870 11.053400 204.011000 1933.070000 -13 897 1 0 1.000000
-2.227900 0.578186 0 -6.729190 15.519900 189.919000 1933.170000 -13 898 1 0 1.000000
-3.354040 -2.620240 0 7.622920 0.502091 203.098000 1933.270000 -13 899 1 0 1.000000
-1.269540 -0.776243 0 10.320800 10.067900 203.614000 1933.140000 -13 900 1 0 1.000000
0.947493 -0.823853 0 -17.478100 0.360928 183.198000 1933.110000 -13 901 1 0 1.000000
0.333838 -1.822410 0 10.383900 -1.252440 205.692000 1933.310000 -13 902 1 0 1.000000
-1.977560 0.606081 0 -6.120420 -4.236480 191.557000 1933.130000 -13 903 1 0 1.000000
-0.047949 -5.100510 0 -6.226810 -13.394400 182.313000 1933.170000 -13 904 1 0 1.000000
2.205790 -2.729410 0 -4.626040 -13.620000 193.000000 1933.220000 -13 905 1 0 1.000000
-2.291220 -1.291930 0 11.631800 1.897930 201.000000 1933.130000 -13 906 1 0 1.000000
-3.468490 1.851140 0 -14.761400 18.196500 203.664000 1933.230000 -13 907 1 0 1.000000
-0.178805 -1.410380 0 2.414900 -7.564960 207.655000 1933.200000 -13 908 1 0 1.000000
1.799980 -0.289377 0 -13.255500 6.368450 195.302000 1933.130000 -13 909 1 0 1.000000
-0.488712 -1.157690 0 9.407480 6.202700 194.331000 1933.180000 -13 910 1 0 1.000000
0.995545 -1.562870 0 -9.079520 1.792250 196.821000 1933.050000 -13 911 1 0 1.000000
-1.788480 -0.893071 0 -2.870970 12.553300 205.890000 1933.120000 -13 912 1 0 1.000000
-0.293292 -1.259200 0 9.131070 -4.575860 204.757000 1933.240000 -13 913 1 0 1.000000
-2.243470 -1.094700 0 14.032900 18.206100 193.465000 1933.350000 -13 914 1 0 1.000000
-1.313410 -0.162407 0 17.978400 5.713830 212.107000 1933.060000 -13 915 1 0 1.000000
-0.661680 -1.985200 0 27.204900 2.833260 188.978000 1933.140000 -13 916 1 0 1.000000
-2.610950 -2.955730 0 3.105190 -3.963030 186.774000 1933.150000 -13 917 1 0 1.000000
-4.487370 -2.555110 0 -7.538850 -0.735525 193.429000 1933.090000 -13 918 1 0 1.000000
-2.966420 -1.274440 0 -2.679700 -2.518520 197.114000 1933.320000 -13 919 1 0 1.000000
-0.200635 -2.713430 0 -22.368500 -17.679600 207.293000 1933.180000 -13 920 1 0 1.000000
-1.680690 -1.354740 0 -8.496610 6.230800 182.288000 1933.170000 -13 921 1 0 1.000000
-2.558280 -0.742381 0 -3.082220 -14.417000 204.360000 1933.150000 -13 922 1 0 1.000000
-0.488792 1.056580 0 -12.657300 -2.117330 202.714000 1933.240000 -13 923 1 0 1.000000
-0.471001 0.105129 0 -8.073680 -15.117400 199.245000 1933.200000 -13 924 1 0 1.000000
-2.056730 0.754318 0 5.863460 -14.403500 192.650000 1933.140000 -13 925 1 0 1.000000
0.142676 -3.165130 0 8.172180 2.556780 186.220000 1933.200000 -13 926 1 0 1.000000
1.601880 -1.728710 0 6.797870 16.243600 191.950000 1933.120000 -13 927 1 0 1.000000
-0.921372 0.575955 0 9.620910 9.968760 193.111000 1933.130000 -13 928 1 0 1.000000
-3.563010 -1.692890 0 -1.550400 8.507200 183.205000 1933.150000 -13 929 1 0 1.000000
-0.762812 -4.478000 0 1.151640 6.852270 199.100000 1933.250000 -13 930 1 0 1.000000
-2.014380 -3.336760 0 10.982700 5.696770 208.883000 1933.180000 -13 931 1 0 1.000000
-0.808855 -1.722720 0 -14.320700 20.501600 190.881000 1933.220000 -13 932 1 0 1.000000
-3.467500 -2.852030 0 -8.408090 1.489440 191.627000 1933.200000 -13 933 1 0 1.000000
-2.855880 -1.596810 0 -11.317800 -0.095402 192.075000 1933.220000 -13 934 1 0 1.000000
0.416336 0.048041 0 -2.172280 -2.311520 209.352000 1933.170000 -13 935 1 0 1.000000
1.055550 0.157306 0 1.787560 -6.185300 205.530000 1933.200000 -13 936 1 0 1.000000
-1.773120 -0.353241 0 7.473970 -11.566400 205.560000 1933.110000 -13 937 1 0 1.000000
-0.578326 -3.583010 0 18.673700 -0.685969 187.492000 1933.150000 -13 938 1 0 1.000000
-1.507540 -3.550510 0 10.157500 12.719300 210.303000 1933.180000 -13 939 1 0 1.000000
-1.703010 0.992236 0 -11.129300 8.692170 203.532000 1933.110000 -13 940 1 0 1.000000
-1.070920 -1.701800 0 3.086800 5.347420 211.952000 1933.160000 -13 941 1 0 1.000000
-1.743050 -0.164493 0 -11.323800 -8.825280 203.348000 1933.150000 -13 942 1 0 1.000000
-1.352950 -2.231840 0 -7.623070 1.632740 205.316000 1933.120000 -13 943 1 0 1.000000
-2.526920 1.317590 0 -4.933430 -3.657780 206.591000 1933.150000 -13 944 1 0 1.000000
-1.935180 -0.855774 0 11.550300 9.819310 207.099000 1933.140000 -13 945 1 0 1.000000
-2.850770 -1.363090 0 -10.624100 -1.158160 190.403000 1933.050000 -13 946 1 0 1.000000
-3.529050 -3.856260 0 8.953940 6.232470 192.774000 1933.140000 -13 947 1 0 1.000000
-3.417530 -2.002420 0 9.791480 5.090060 206.903000 1933.220000 -13 948 1 0 1.000000
-1.395850 -3.129970 0 -8.879040 -5.236870 186.660000 1933.090000 -13 949 1 0 1.000000
1.515220 -2.706920 0 -9.331140 3.383420 178.567000 1933.200000 -13 950 1 0 1.000000
-2.777040 -1.227070 0 18.501700 -10.564900 195.168000 1933.190000 -13 951 1 0 1.000000
-1.131210 -3.240050 0 2.517120 -19.284400 186.452000 1933.180000 -13 952 1 0 1.000000
-2.966140 -2.616330 0 0.231024 5.561600 202.083000 1933.230000 -13 953 1 0 1.000000
-3.932250 0.567454 0 -10.627000 -13.730900 202.770000 1933.240000 -13 954 1 0 1.000000
1.464040 0.618930 0 9.777900 -6.859540 207.752000 1933.300000 -13 955 1 0 1.000000
-0.741734 -4.060720 0 7.127550 8.636860 203.233000 1933.150000 -13 956 1 0 1.000000
-2.106370 -0.611629 0 6.935140 1.120280 202.892000 1933.280000 -13 957 1 0 1.000000
-1.423460 -2.318490 0 11.610400 -10.630400 188.290000 1933.170000 -13 958 1 0 1.000000
-3.064350 -3.971440 0 -0.691704 -9.341210 199.194000 1933.160000 -13 959 1 0 1.000000
-1.007210 -0.011487 0 3.867420 2.650680 207.679000 1933.090000 -13 960 1 0 1.000000
-1.591480 -1.573400 0 4.817820 -19.215200 186.568000 1933.250000 -13 961 1 0 1.000000
-2.414420 1.278500 0 -5.759060 -7.929690 197.364000 1933.070000 -13 962 1 0 1.000000
-2.132480 -2.420210 0 1.966550 -8.414030 201.345000 1933.090000 -13 963 1 0 1.000000
-1.835050 -0.978109 0 8.216350 -1.336620 193.878000 1933.120000 -13 964 1 0 1.000000
-0.046554 -2.241260 0 5.704560 -1.793450 199.385000 1933.230000 -13 965 1 0 1.000000
-2.003750 1.389160 0 -14.233900 -12.319000 197.816000 1933.050000 -13 966 1 0 1.000000
0.394745 -1.287380 0 4.161180 -6.590200 179.509000 1933.170000 -13 967 1 0 1.000000
-0.473117 0.644733 0 -11.352600 2.958040 189.525000 1933.180000 -13 968 1 0 1.000000
-2.212860 -2.640850 0 -7.359620 10.913900 191.023000 1933.280000 -13 969 1 0 1.000000
-0.541621 -2.149150 0 10.832300 -5.032800 186.150000 1933.220000 -13 970 1 0 1.000000
-2.105820 -2.188400 0 5.836590 2.448060 198.674000 1933.170000 -13 971 1 0 1.000000
-1.829370 0.170773 0 -17.857100 -12.161700 199.136000 1933.150000 -13 972 1 0 1.000000
-2.928680 -2.100270 0 8.708130 -2.727350 191.289000 1933.230000 -13 973 1 0 1.000000
0.271004 -2.499900 0 1.045020 4.036570 175.049000 1933.150000 -13 974 1 0 1.000000
-0.970973 -3.098640 0 15.316700 -7.411780 203.369000 1933.110000 -13 975 1 0 1.000000
-0.088572 0.939785 0 -2.095370 11.866400 191.918000 1933.190000 -13 976 1 0 1.000000
-0.814992 -4.854080 0 -10.486600 6.820980 191.514000 1933.170000 -13 977 1 0 1.000000
-1.086090 -1.952180 0 9.044050 16.247000 190.781000 1933.100000 -13 978 1 0 1.000000
-2.108930 -2.689810 0 6.112140 -22.191400 206.553000 1933.100000 -13 979 1 0 1.000000
-1.895110 -3.028310 0 0.767584 -16.441600 187.206000 1933.200000 -13 980 1 0 1.000000
-0.358652 -0.709218 0 13.051500 7.539740 187.061000 1933.040000 -13 981 1 0 1.000000
-1.203170 -0.836924 0 -0.190776 -1.890940 200.186000 1933.200000 -13 982 1 0 1.000000
-4.235390 -3.732280 0 11.571400 -2.987670 208.948000 1933.310000 -13 983 1 0 1.000000
0.948474 -0.788648 0 6.030800 -11.731800 199.541000 1933.220000 -13 984 1 0 1.000000
-1.076800 -1.549720 0 12.708300 -24.850200 185.599000 1933.140000 -13 985 1 0 1.000000
-1.175880 1.518770 0 10.314100 10.083800 200.172000 1933.290000 -13 986 1 0 1.000000
-2.471460 -1.594360 0 13.395300 -17.440100 208.377000 1933.130000 -13 987 1 0 1.000000
-2.398460 0.271963 0 2.336640 -13.016900 205.550000 1933.110000 -13 988 1 0 1.000000
-2.781660 -2.903520 0 5.034000 4.404380 195.975000 1933.200000 -13 989 1 0 1.000000
-0.558295 -3.139790 0 7.066000 -15.889500 195.484000 1933.120000 -13 990 1 0 1.000000
-3.620290 -2.489930 0 1.215150 -11.145100 204.748000 1933.160000 -13 991 1 0 1.000000
-3.100740 -2.129800 0 6.517890 -1.746320 192.696000 1933.140000 -13 992 1 0 1.000000
-0.997332 -3.562090 0 1.096670 3.585000 190.502000 1933.280000 -13 993 1 0 1.000000
-3.654980 -3.735730 0 6.457350 11.992800 203.601000 1933.160000 -13 994 1 0 1.000000
-0.979993 0.663070 0 -5.736900 -4.397120 199.623000 1933.130000 -13 995 1 0 1.000000
-0.178764 -2.316710 0 -7.108170 0.323052 194.378000 1933.120000 -13 996 1 0 1.000000
0.332736 -0.719889 0 -3.564580 -10.978100 183.881000 1933.240000 -13 997 1 0 1.000000
-2.767140 -3.102130 0 5.337900 -20.642000 207.496000 1933.020000 -13 998 1 0 1.000000
-2.503660 -2.394880 0 -5.030680 -2.637850 191.068000 1933.100000 -13 999 1 0 1.000000
0.786885 0.018352 0 8.837850 0.437886 200.973000 1933.140000 -13 1000 1 0 1.000000
-2.643300 -0.519907 0 3.285790 -1.226710 199.531000 1933.070000 -13 1001 1 0 1.000000
-0.384422 -4.103430 0 7.356870 -7.073620 193.929000 1933.150000 -13 1002 1 0 1.000000
-1.936890 -2.002920 0 -9.532120 5.561650 205.367000 1933.160000 -13 1003 1 0 1.000000
-2.031600 -2.844350 0 -8.706240 18.706300 215.359000 1933.330000 -13 1004 1 0 1.000000
-0.883821 0.485253 0 10.956800 -7.296770 192.416000 1933.150000 -13 1005 1 0 1.000000
0.102368 -2.416110 0 -7.566450 -2.286890 189.053000 1933.100000 -13 1006 1 0 1.000000
-1.373760 -2.698370 0 21.003100 -9.126850 201.096000 1933.250000 -13 1007 1 0 1.000000
-3.423320 -1.288190 0 7.853780 -12.838100 208.783000 1933.160000 -13 1008 1 0 1.000000
-3.818950 -2.360590 0 11.677000 -15.540000 196.026000 1933.150000 -13 1009 1 0 1.000000
-1.719170 0.024016 0 12.565900 4.247650 178.072000 1933.220000 -13 1010 1 0 1.000000
-1.750580 0.701674 0 6.061900 -14.400200 205.417000 1933.230000 -13 1011 1 0 1.000000
0.886983 -2.400300 0 -12.950900 -3.332360 185.989000 1933.260000 -13 1012 1 0 1.000000
1.001780 -2.670760 0 7.558950 17.346000 194.237000 1933.190000 -13 1013 1 0 1.000000
-0.250653 -1.974040 0 -13.116900 16.512100 196.034000 1933.140000 -13 1014 1 0 1.000000
-4.333630 -1.681010 0 1.593400 -23.441300 192.525000 1933.260000 -13 1015 1 0 1.000000
-2.235630 0.689676 0 -2.496570 -4.001010 202.961000 1933.280000 -13 1016 1 0 1.000000
-1.148550 -3.147040 0 -13.251200 9.910380 186.599000 1933.060000 -13 1017 1 0 1.000000
0.929740 -0.875701 0 -7.354010 -1.412520 195.366000 1933.230000 -13 1018 1 0 1.000000
-0.124101 -5.462560 0 6.267400 3.001830 204.746000 1933.190000 -13 1019 1 0 1.000000
-1.853680 -2.479460 0 -6.950560 6.706680 196.239000 1933.120000 -13 1020 1 0 1.000000
-3.696770 -3.270630 0 -8.837160 16.542400 209.864000 1933.190000 -13 1021 1 0 1.000000
-2.438050 -1.124120 0 -3.978450 -18.891700 188.316000 1933.090000 -13 1022 1 0 1.000000
-2.700340 0.747539 0 -2.265760 9.683530 196.196000 1933.210000 -13 1023 1 0 1.000000
1.179850 -1.233190 0 -3.307810 11.873400 193.940000 1933.260000 -13 1024 1 0 1.000000
-0.294535 -1.291250 0 4.854590 6.445380 181.345000 1933.150000 -13 1025 1 0 1.000000
-2.845330 -3.576830 0 -2.098260 -24.290800 196.311000 1933.150000 -13 1026 1 0 1.000000
-1.074190 -1.013290 0 8.681970 -2.585310 182.695000 1933.170000 -13 1027 1 0 1.000000
0.654797 0.152590 0 1.117410 4.857660 188.130000 1933.360000 -13 1028 1 0 1.000000
-1.040400 -1.350090 0 -19.171500 3.780920 188.344000 1933.140000 -13 1029 1 0 1.000000
-3.250910 0.225096 0 -2.082320 -1.639350 180.698000 1933.140000 -13 1030 1 0 1.000000
1.051630 -2.385890 0 -0.134421 11.420900 187.037000 1933.200000 -13 1031 1 0 1.000000
-1.357140 0.268242 0 -5.400700 -4.259570 195.151000 1933.330000 -13 1032 1 0 1.000000
-0.953977 -1.869060 0 -16.313200 -10.913300 196.455000 1933.080000 -13 1033 1 0 1.000000
-0.328703 -1.174590 0 -4.315100 -11.807100 203.982000 1933.080000 -13 1034 1 0 1.000000
1.053520 -2.799130 0 -0.205255 5.818260 198.234000 1933.170000 -13 1035 1 0 1.000000
-0.139749 -1.928210 0 0.307111 3.776530 188.913000 1933.140000 -13 1036 1 0 1.000000
-3.195580 -2.110970 0 11.348200 -3.504820 211.775000 1933.280000 -13 1037 1 0 1.000000
0.874408 -1.340980 0 -17.969100 18.895300 176.050000 1933.160000 -13 1038 1 0 1.000000
-3.095800 -1.337850 0 -1.866610 -2.986980 191.721000 1933.270000 -13 1039 1 0 1.000000
-2.092540 -2.156540 0 -1.379080 -11.802700 193.011000 1933.280000 -13 1040 1 0 1.000000
-3.279540 -2.855780 0 -13.885200 -2.469800 185.818000 1933.270000 -13 1041 1 0 1.000000
-3.629080 -0.550765 0 -16.595000 4.367120 201.997000 1933.220000 -13 1042 1 0 1.000000
-2.339660 1.845780 0 5.103140 -13.431800 210.729000 1933.180000 -13 1043 1 0 1.000000
-1.897180 -0.739730 0 -4.329070 8.675110 188.736000 1933.240000 -13 1044 1 0 1.000000
-2.151380 1.282470 0 3.439360 1.479750 189.775000 1933.200000 -13 1045 1 0 1.000000
0.621043 -1.730840 0 0.053977 25.836900 192.985000 1933.270000 -13 1046 1 0 1.000000
-0.916903 -0.481342 0 5.167880 16.316500 193.735000 1933.150000 -13 1047 1 0 1.000000
-2.860890 -0.908256 0 -19.749900 -0.672980 214.699000 1933.110000 -13 1048 1 0 1.000000
-2.155900 -0.728828 0 15.416600 18.116300 202.453000 1933.170000 -13 1049 1 0 1.000000
-2.407930 -0.881774 0 -2.011730 6.654090 205.059000 1933.210000 -13 1050 1 0 1.000000
-0.725556 0.553344 0 -14.583900 13.993000 180.437000 1933.060000 -13 1051 1 0 1.000000
-0.370667 -1.684910 0 -2.095920 -0.070158 212.850000 1933.230000 -13 1052 1 0 1.000000
-3.034380 -1.035810 0 -5.252290 8.720160 209.267000 1933.210000 -13 1053 1 0 1.000000
-1.302820 -1.836840 0 -17.602300 7.246060 177.221000 1933.150000 -13 1054 1 0 1.000000
-3.365460 -2.506200 0 4.370000 -15.415800 208.234000 1933.170000 -13 1055 1 0 1.000000
-2.338260 1.579020 0 -6.952820 -16.670400 194.104000 1933.250000 -13 1056 1 0 1.000000
-2.068750 -1.216420 0 -5.360680 -3.059390 195.104000 1933.240000 -13 1057 1 0 1.000000
2.173000 -4.103810 0 7.026640 10.684500 192.061000 1933.110000 -13 1058 1 0 1.000000
-0.013843 -0.904143 0 10.232400 -8.643030 193.981000 1933.290000 -13 1059 1 0 1.000000
-2.680890 -1.787430 0 -6.104040 2.980200 187.723000 1933.190000 -13 1060 1 0 1.000000
0.912902 -4.434770 0 -12.016800 15.235400 182.664000 1933.180000 -13 1061 1 0 1.000000
-1.562620 -0.707130 0 -7.245630 -7.824050 183.963000 1933.140000 -13 1062 1 0 1.000000
-4.829480 -1.225520 0 12.442200 -21.148400 189.212000 1933.110000 -13 1063 1 0 1.000000
-1.236950 -3.016260 0 0.718669 -1.900450 203.309000 1933.120000 -13 1064 1 0 1.000000
-1.881220 -3.378980 0 13.629400 9.048920 209.550000 1933.320000 -13 1065 1 0 1.000000
0.294004 0.423758 0 -7.293450 -5.610440 192.237000 1933.150000 -13 1066 1 0 1.000000
-1.553510 0.491303 0 -1.409020 -9.457360 203.995000 1933.070000 -13 1067 1 0 1.000000
-4.023300 -0.877602 0 15.375900 1.398430 209.983000 1933.310000 -13 1068 1 0 1.000000
-0.696620 -1.484500 0 -8.444960 2.071970 199.170000 1933.130000 -13 1069 1 0 1.000000
-0.172808 -1.138040 0 1.738220 5.856840 203.048000 1933.150000 -13 1070 1 0 1.000000
-1.940040 -1.669450 0 -7.751470 -1.121700 197.995000 1933.280000 -13 1071 1 0 1.000000
-2.305050 -1.928880 0 9.658490 8.462510 205.072000 1933.180000 -13 1072 1 0 1.000000
1.081330 -1.211390 0 -0.910889 18.092300 189.656000 1933.290000 -13 1073 1 0 1.000000
-1.089030 -2.878830 0 13.732100 7.026120 184.903000 1933.250000 -13 1074 1 0 1.000000
-2.466700 -1.220850 0 2.623030 -0.123899 205.848000 1933.190000 -13 1075 1 0 1.000000
1.704580 -3.101750 0 12.569300 9.391870 192.842000 1933.110000 -13 1076 1 0 1.000000
