#BLTrackFile solenoid_cooling_channel
#x y z Px Py Pz t PDGid EvNum TrkId Parent weight
-1.023070 -1.542230 0 0.000000 0.000000 195.000000 1793.780000 -13 1 1 0 1.000000
-2.933880 -0.126408 0 1.515320 -10.837500 197.531000 1793.800000 -13 2 1 0 1.000000
-2.169470 -0.878136 0 -1.478990 10.158300 193.186000 1793.850000 -13 3 1 0 1.000000
-0.355812 -2.147080 0 -8.592770 1.841300 188.332000 1793.770000 -13 4 1 0 1.000000
-4.235110 -3.816070 0 12.494600 -7.085270 184.328000 1793.800000 -13 5 1 0 1.000000
-2.563910 -1.893320 0 -0.099816 7.930130 199.698000 1793.830000 -13 6 1 0 1.000000
-0.301964 -4.623140 0 -6.063340 4.553630 185.556000 1793.810000 -13 7 1 0 1.000000
-0.764168 -2.708230 0 -14.035800 2.914420 190.467000 1793.890000 -13 8 1 0 1.000000
-1.998880 -0.752059 0 2.560650 -6.616330 186.773000 1793.810000 -13 9 1 0 1.000000
-0.819772 -0.148892 0 7.784060 -5.413290 201.735000 1793.710000 -13 10 1 0 1.000000
0.794334 -0.487006 0 -0.896991 0.406827 190.372000 1793.880000 -13 11 1 0 1.000000
-3.031850 -2.175000 0 -17.956100 10.452800 186.943000 1793.720000 -13 12 1 0 1.000000
-0.889883 -2.306580 0 -3.501100 5.683640 204.063000 1793.720000 -13 13 1 0 1.000000
-2.121310 -2.793510 0 -7.157510 -5.568960 189.162000 1793.820000 -13 14 1 0 1.000000
1.469920 -2.648900 0 -9.173110 11.522300 192.955000 1793.710000 -13 15 1 0 1.000000
-3.116530 -6.033610 0 -10.656600 0.379398 188.991000 1793.720000 -13 16 1 0 1.000000
0.700810 -0.520219 0 11.722200 -5.385800 188.617000 1793.640000 -13 17 1 0 1.000000
-3.012650 1.345650 0 -25.215100 -2.521230 209.086000 1793.680000 -13 18 1 0 1.000000
-1.953950 -0.799032 0 3.254650 -25.322300 189.723000 1793.720000 -13 19 1 0 1.000000
0.844666 -0.955379 0 -1.969700 0.442044 195.239000 1793.820000 -13 20 1 0 1.000000
-3.961820 0.206295 0 12.430500 -2.073360 186.384000 1793.800000 -13 21 1 0 1.000000
1.084460 -0.453522 0 11.311500 -6.105280 188.513000 1793.720000 -13 22 1 0 1.000000
-0.661767 1.001750 0 0.688756 13.553300 201.480000 1793.810000 -13 23 1 0 1.000000
-2.602910 0.465587 0 -1.575720 -19.577200 191.118000 1793.750000 -13 24 1 0 1.000000
-3.102280 -1.678480 0 2.929110 6.530540 214.081000 1793.760000 -13 25 1 0 1.000000
1.544270 0.986237 0 6.058500 4.194410 203.055000 1793.850000 -13 26 1 0 1.000000
-0.205814 1.552960 0 10.028200 3.997660 189.902000 1793.650000 -13 27 1 0 1.000000
-1.114770 -3.481250 0 -6.267050 -9.516520 187.579000 1793.790000 -13 28 1 0 1.000000
-0.085382 2.269120 0 -22.906100 11.264100 195.193000 1793.810000 -13 29 1 0 1.000000
0.855436 3.604700 0 -13.619600 -5.073520 196.362000 1793.730000 -13 30 1 0 1.000000
2.262510 -1.981050 0 -3.344540 11.011400 203.560000 1793.740000 -13 31 1 0 1.000000
-2.321600 -1.422620 0 4.527760 -6.087350 185.589000 1793.780000 -13 32 1 0 1.000000
-1.608990 -0.248937 0 -12.631400 7.625390 208.076000 1793.750000 -13 33 1 0 1.000000
0.925687 -2.199060 0 -1.829810 3.619160 189.927000 1793.810000 -13 34 1 0 1.000000
2.890020 -3.801470 0 -11.074600 6.529980 192.657000 1793.830000 -13 35 1 0 1.000000
-0.100137 -1.069370 0 3.625450 9.153060 188.258000 1793.840000 -13 36 1 0 1.000000
-0.540833 -2.077490 0 -3.970530 3.956670 204.960000 1793.790000 -13 37 1 0 1.000000
-0.880200 -0.953015 0 20.532400 -3.414070 203.713000 1793.800000 -13 38 1 0 1.000000
-1.477570 -3.182990 0 -16.036800 -10.665200 188.852000 1793.780000 -13 39 1 0 1.000000
-0.475713 -3.866660 0 11.351100 -4.899270 186.425000 1793.770000 -13 40 1 0 1.000000
-6.178460 -4.711800 0 -3.882230 16.517100 193.639000 1793.830000 -13 41 1 0 1.000000
-0.153629 -1.964270 0 -6.695050 1.542860 193.757000 1793.880000 -13 42 1 0 1.000000
-0.618917 -0.584292 0 -0.155199 -3.376920 208.605000 1793.670000 -13 43 1 0 1.000000
-1.384040 0.593621 0 -6.788180 9.582450 189.254000 1793.890000 -13 44 1 0 1.000000
-1.782620 -0.044652 0 -13.344700 7.414460 195.344000 1793.720000 -13 45 1 0 1.000000
1.908190 -0.175031 0 6.213620 10.596700 182.337000 1793.630000 -13 46 1 0 1.000000
-3.222960 -0.553086 0 -5.186180 -5.093070 188.535000 1793.630000 -13 47 1 0 1.000000
0.104191 0.292761 0 15.449700 9.720290 194.637000 1793.840000 -13 48 1 0 1.000000
-1.864490 -2.777120 0 -10.586900 -5.420280 197.439000 1793.810000 -13 49 1 0 1.000000
-2.217320 -0.981949 0 11.211600 -3.667900 190.526000 1793.850000 -13 50 1 0 1.000000
-1.006800 -1.395020 0 9.219150 15.576800 183.098000 1793.860000 -13 51 1 0 1.000000
-2.420530 -3.123850 0 8.788210 14.975500 198.960000 1793.800000 -13 52 1 0 1.000000
-3.705910 0.977374 0 -9.427740 -6.309020 201.080000 1793.730000 -13 53 1 0 1.000000
-2.576270 1.179840 0 -9.623550 -3.120330 196.962000 1793.810000 -13 54 1 0 1.000000
-1.805510 0.253607 0 2.829460 -8.742020 195.647000 1793.880000 -13 55 1 0 1.000000
-4.318360 -0.322701 0 5.494420 1.813290 190.889000 1793.890000 -13 56 1 0 1.000000
-3.483420 -3.720610 0 -7.159390 -7.514910 186.889000 1793.850000 -13 57 1 0 1.000000
-1.438870 -3.362450 0 16.535400 -7.517260 201.953000 1793.650000 -13 58 1 0 1.000000
-2.026900 0.978862 0 2.840380 -6.889200 207.630000 1793.750000 -13 59 1 0 1.000000
-0.540381 -3.177370 0 9.677570 3.652910 190.175000 1793.600000 -13 60 1 0 1.000000
0.008077 2.709760 0 0.672560 -1.424680 188.843000 1793.910000 -13 61 1 0 1.000000
-0.797210 -3.503200 0 0.460547 5.584950 192.562000 1793.820000 -13 62 1 0 1.000000
-0.880710 0.363292 0 -18.512300 7.776600 185.721000 1793.780000 -13 63 1 0 1.000000
-0.527184 -1.141820 0 -12.061500 26.785100 183.676000 1793.650000 -13 64 1 0 1.000000
-2.410130 -0.898850 0 1.927380 -4.147500 187.844000 1793.900000 -13 65 1 0 1.000000
-2.775510 0.326514 0 -3.320450 10.108400 191.338000 1793.790000 -13 66 1 0 1.000000
1.151310 -5.766180 0 5.694430 1.070440 201.262000 1793.880000 -13 67 1 0 1.000000
-0.679721 -2.610960 0 -11.831300 -5.910740 197.711000 1793.780000 -13 68 1 0 1.000000
2.222010 -1.555270 0 3.261760 3.994360 197.148000 1793.860000 -13 69 1 0 1.000000
-0.580463 -3.972160 0 19.097300 -14.486400 189.697000 1794.070000 -13 70 1 0 1.000000
-1.429480 -3.420380 0 6.582690 -0.666909 205.024000 1793.900000 -13 71 1 0 1.000000
-0.965921 -2.354770 0 -7.731450 4.870610 179.181000 1793.840000 -13 72 1 0 1.000000
0.005744 -1.574010 0 10.433200 17.259200 179.452000 1793.810000 -13 73 1 0 1.000000
-2.212550 -1.459090 0 -11.383600 -3.988220 192.337000 1793.780000 -13 74 1 0 1.000000
-2.546450 -5.236030 0 -8.676570 0.510589 196.010000 1793.860000 -13 75 1 0 1.000000
-1.040120 0.281963 0 2.597700 -5.869730 178.725000 1793.760000 -13 76 1 0 1.000000
-1.672700 -4.307520 0 2.207440 -7.348180 208.385000 1793.820000 -13 77 1 0 1.000000
0.292608 -1.583440 0 7.911680 4.885060 183.947000 1793.790000 -13 78 1 0 1.000000
-1.522540 -1.060530 0 16.523700 -2.156900 197.252000 1793.830000 -13 79 1 0 1.000000
-2.606960 -1.935720 0 5.684420 4.360420 191.188000 1793.870000 -13 80 1 0 1.000000
0.479907 -3.185010 0 11.816200 4.959650 197.516000 1793.750000 -13 81 1 0 1.000000
-1.052310 -3.263790 0 -3.169160 3.580790 185.036000 1793.910000 -13 82 1 0 1.000000
1.091960 -1.000970 0 -4.788430 -17.272600 188.715000 1793.770000 -13 83 1 0 1.000000
-1.082350 -2.917750 0 -21.543500 2.019020 195.012000 1793.900000 -13 84 1 0 1.000000
1.041690 -3.509640 0 5.897320 20.384900 198.852000 1793.950000 -13 85 1 0 1.000000
-1.406590 -0.925590 0 -8.813660 -3.303360 185.001000 1793.940000 -13 86 1 0 1.000000
-4.004420 -0.519273 0 10.749000 -23.277400 199.812000 1793.640000 -13 87 1 0 1.000000
-0.776514 -3.013110 0 7.679710 -2.367270 196.431000 1793.730000 -13 88 1 0 1.000000
-4.007440 0.604492 0 1.787430 -12.040500 193.625000 1793.750000 -13 89 1 0 1.000000
-3.287470 -3.573060 0 1.129760 8.778170 196.834000 1793.760000 -13 90 1 0 1.000000
-1.888550 -1.131070 0 -0.145287 -11.436800 178.445000 1793.800000 -13 91 1 0 1.000000
3.342790 -3.787280 0 1.243000 4.885950 182.817000 1793.800000 -13 92 1 0 1.000000
-1.114660 -2.069440 0 10.996000 6.103430 207.912000 1793.780000 -13 93 1 0 1.000000
-4.126620 -0.944319 0 -2.136750 -3.344570 206.569000 1793.750000 -13 94 1 0 1.000000
-1.443000 -2.504480 0 14.751600 -5.234970 196.532000 1793.900000 -13 95 1 0 1.000000
-0.700412 -1.742050 0 -5.723360 2.658840 205.535000 1793.790000 -13 96 1 0 1.000000
-1.680380 0.527302 0 0.423455 4.103170 195.761000 1793.980000 -13 97 1 0 1.000000
-0.853025 -1.233490 0 -0.614912 10.668600 182.809000 1793.680000 -13 98 1 0 1.000000
-0.177260 0.585285 0 -4.335580 11.962600 193.079000 1793.730000 -13 99 1 0 1.000000
-4.495230 -4.557710 0 -6.269230 -17.693200 197.442000 1793.830000 -13 100 1 0 1.000000
-3.288220 2.133700 0 -13.806000 -3.483510 202.040000 1793.910000 -13 101 1 0 1.000000
-3.598240 0.848945 0 -13.024400 -1.804770 201.449000 1793.840000 -13 102 1 0 1.000000
0.187469 0.223020 0 -13.000800 15.400400 188.070000 1793.710000 -13 103 1 0 1.000000
-1.187350 -2.386150 0 -5.383810 -3.257320 181.433000 1793.700000 -13 104 1 0 1.000000
0.781361 -2.734000 0 -5.849950 -12.182700 194.893000 1793.790000 -13 105 1 0 1.000000
0.108647 -5.351140 0 4.712460 6.318970 200.204000 1793.590000 -13 106 1 0 1.000000
0.692995 -2.701080 0 8.135540 12.744500 197.165000 1793.740000 -13 107 1 0 1.000000
-2.965930 -4.027450 0 -3.004420 0.740434 195.066000 1793.790000 -13 108 1 0 1.000000
-1.665780 0.831240 0 5.048590 -2.558960 204.229000 1793.910000 -13 109 1 0 1.000000
1.600590 0.915171 0 -1.918280 -2.145230 194.352000 1793.800000 -13 110 1 0 1.000000
0.617842 -0.016675 0 14.782600 6.364830 188.287000 1793.760000 -13 111 1 0 1.000000
-2.447310 -0.534902 0 -13.518400 -2.910360 194.720000 1793.740000 -13 112 1 0 1.000000
-1.906510 -2.136800 0 20.190400 5.500590 178.349000 1793.730000 -13 113 1 0 1.000000
0.373306 -1.774890 0 9.865560 -9.258710 196.320000 1793.640000 -13 114 1 0 1.000000
0.541215 0.831569 0 22.346800 19.332400 200.403000 1793.810000 -13 115 1 0 1.000000
0.458426 -3.546110 0 11.659900 10.565500 188.836000 1793.810000 -13 116 1 0 1.000000
-1.304350 -2.367620 0 9.876180 -0.167196 188.771000 1793.790000 -13 117 1 0 1.000000
0.355907 -1.560620 0 0.347082 10.741800 202.771000 1793.820000 -13 118 1 0 1.000000
-1.448080 -1.401320 0 -11.112500 -3.422960 185.275000 1793.950000 -13 119 1 0 1.000000
-4.898010 -2.786850 0 -3.533530 14.268300 197.368000 1793.830000 -13 120 1 0 1.000000
-3.415000 -2.282010 0 4.361850 -16.814800 191.809000 1793.800000 -13 121 1 0 1.000000
-4.058790 -0.527189 0 -9.867340 -25.919700 201.394000 1793.800000 -13 122 1 0 1.000000
-0.900879 0.076824 0 0.426361 -4.745520 199.616000 1793.940000 -13 123 1 0 1.000000
0.198584 -5.571170 0 5.376520 5.241600 192.986000 1793.720000 -13 124 1 0 1.000000
0.309381 -4.022190 0 6.755450 9.917240 209.604000 1793.670000 -13 125 1 0 1.000000
0.696929 -2.770340 0 9.781530 14.753900 194.696000 1793.880000 -13 126 1 0 1.000000
0.399406 -2.592380 0 -4.649460 3.408740 188.138000 1793.640000 -13 127 1 0 1.000000
-2.371090 2.081850 0 -19.537900 -13.325000 190.404000 1793.780000 -13 128 1 0 1.000000
-3.335070 -2.268840 0 2.919890 -6.902990 199.309000 1793.930000 -13 129 1 0 1.000000
0.521559 -1.686420 0 17.798100 -5.053650 198.744000 1793.760000 -13 130 1 0 1.000000
-1.535620 -3.397650 0 3.393600 0.281252 206.091000 1793.840000 -13 131 1 0 1.000000
-3.814410 0.939280 0 -13.413600 10.674000 188.638000 1793.720000 -13 132 1 0 1.000000
0.234320 -3.555210 0 9.254410 23.281300 199.273000 1793.800000 -13 133 1 0 1.000000
-1.465970 -0.296420 0 -2.547250 -7.149410 188.765000 1793.670000 -13 134 1 0 1.000000
-2.165800 -1.335440 0 -3.054760 -3.326500 189.906000 1793.900000 -13 135 1 0 1.000000
-0.837743 -1.699570 0 -9.653360 1.978140 195.551000 1793.880000 -13 136 1 0 1.000000
-3.350260 0.051100 0 -1.794100 -10.635000 199.345000 1793.840000 -13 137 1 0 1.000000
-0.478210 -2.133070 0 -4.959460 -1.985410 193.038000 1793.710000 -13 138 1 0 1.000000
-0.253266 0.431164 0 -7.119430 4.804180 189.947000 1793.700000 -13 139 1 0 1.000000
-0.088789 0.631846 0 13.318400 3.178480 192.889000 1793.920000 -13 140 1 0 1.000000
-2.374080 -2.047500 0 -17.225100 -0.891939 189.694000 1793.810000 -13 141 1 0 1.000000
-0.022058 -2.320220 0 12.090000 4.158200 184.011000 1793.660000 -13 142 1 0 1.000000
1.877260 -0.628595 0 6.402570 18.078900 187.293000 1793.830000 -13 143 1 0 1.000000
-1.546820 1.828580 0 -9.543370 -14.230900 185.423000 1793.890000 -13 144 1 0 1.000000
-1.998730 -0.742430 0 -7.992180 -2.416620 196.161000 1793.640000 -13 145 1 0 1.000000
-1.589350 0.899341 0 -17.548700 6.789850 214.323000 1793.750000 -13 146 1 0 1.000000
0.731979 -1.092620 0 -13.916100 10.434800 192.216000 1793.890000 -13 147 1 0 1.000000
-0.676798 -0.699120 0 -10.203000 4.478060 197.625000 1793.860000 -13 148 1 0 1.000000
1.535460 -1.241590 0 20.080000 -7.636050 197.872000 1793.660000 -13 149 1 0 1.000000
-1.316470 -2.631680 0 -4.983200 -0.214216 184.079000 1793.820000 -13 150 1 0 1.000000
-1.749590 -2.235660 0 1.556820 3.618010 202.406000 1793.760000 -13 151 1 0 1.000000
-0.426431 -1.918750 0 -4.604480 8.416270 202.739000 1793.900000 -13 152 1 0 1.000000
0.812269 -3.323950 0 -6.410570 12.240700 194.499000 1793.880000 -13 153 1 0 1.000000
-0.793142 -1.581300 0 -9.775350 -21.467200 202.645000 1793.660000 -13 154 1 0 1.000000
1.330190 -2.478420 0 5.558600 6.719750 201.683000 1793.840000 -13 155 1 0 1.000000
-0.364055 -1.361640 0 0.901784 1.745530 197.348000 1793.810000 -13 156 1 0 1.000000
0.047385 -0.949099 0 -2.128640 20.199200 197.588000 1793.850000 -13 157 1 0 1.000000
-1.681510 -0.292543 0 22.893700 25.255200 201.158000 1793.670000 -13 158 1 0 1.000000
-0.593361 1.413950 0 -8.790770 1.459600 185.128000 1793.750000 -13 159 1 0 1.000000
-0.551250 -0.473826 0 -15.387300 -5.225960 189.413000 1793.750000 -13 160 1 0 1.000000
-1.020370 -4.451240 0 7.092040 -11.206000 198.371000 1793.560000 -13 161 1 0 1.000000
0.374010 -0.815507 0 0.740604 1.969600 203.848000 1793.660000 -13 162 1 0 1.000000
0.136098 -1.592670 0 -2.765400 8.024970 180.551000 1793.810000 -13 163 1 0 1.000000
-2.136000 -3.346730 0 -7.271160 -2.911940 180.021000 1793.830000 -13 164 1 0 1.000000
-0.110075 -3.661260 0 -19.999400 -17.022300 197.683000 1793.700000 -13 165 1 0 1.000000
-0.631138 2.425120 0 -9.754110 -0.678931 202.783000 1793.930000 -13 166 1 0 1.000000
-1.173760 -0.209885 0 0.945360 -6.964560 190.753000 1793.700000 -13 167 1 0 1.000000
0.487562 -3.512690 0 -3.071370 17.203900 197.228000 1793.990000 -13 168 1 0 1.000000
-0.557720 -5.608490 0 5.097410 -8.793710 198.650000 1793.720000 -13 169 1 0 1.000000
1.282060 -0.842391 0 -4.903780 -1.783700 193.042000 1793.770000 -13 170 1 0 1.000000
0.145251 -3.094950 0 1.468400 -0.201758 188.253000 1793.820000 -13 171 1 0 1.000000
-3.432400 -2.185380 0 -10.885700 -1.014750 190.665000 1793.920000 -13 172 1 0 1.000000
0.432602 -0.009194 0 -1.477990 -13.903200 186.631000 1793.780000 -13 173 1 0 1.000000
-3.550230 0.402992 0 -18.326600 3.998410 186.071000 1793.670000 -13 174 1 0 1.000000
-3.639010 -1.551820 0 7.481210 16.468600 202.755000 1793.890000 -13 175 1 0 1.000000
-1.704160 -0.869057 0 -1.512420 2.130350 199.088000 1793.900000 -13 176 1 0 1.000000
2.966410 0.471112 0 -3.930910 13.997200 190.421000 1793.820000 -13 177 1 0 1.000000
1.386910 0.452691 0 -2.112170 16.305800 194.117000 1793.630000 -13 178 1 0 1.000000
-2.582650 -2.684250 0 2.752220 -10.080200 186.628000 1793.620000 -13 179 1 0 1.000000
1.899300 -4.114270 0 14.137100 2.972170 180.328000 1793.770000 -13 180 1 0 1.000000
-0.950610 -2.829250 0 -7.596340 2.440680 208.995000 1793.890000 -13 181 1 0 1.000000
-2.136480 -0.061084 0 -15.645200 7.028020 208.099000 1793.870000 -13 182 1 0 1.000000
-1.032500 -1.358340 0 -0.555004 4.866360 196.208000 1793.790000 -13 183 1 0 1.000000
-0.753999 -2.724970 0 -3.311670 0.340289 184.916000 1793.710000 -13 184 1 0 1.000000
0.025329 -4.712740 0 10.941400 5.239570 196.161000 1793.850000 -13 185 1 0 1.000000
-0.881718 -1.749650 0 -7.938050 -1.118590 206.638000 1793.940000 -13 186 1 0 1.000000
-1.869550 -1.354520 0 -8.803940 2.629800 202.703000 1793.870000 -13 187 1 0 1.000000
1.359930 -0.975676 0 -3.513320 10.451500 184.720000 1793.710000 -13 188 1 0 1.000000
-2.519330 1.425090 0 8.136630 -14.291000 207.773000 1793.830000 -13 189 1 0 1.000000
-1.360090 -2.799320 0 -20.469400 -6.706210 187.930000 1793.610000 -13 190 1 0 1.000000
2.280370 3.661400 0 10.635100 -7.470150 200.562000 1793.780000 -13 191 1 0 1.000000
-0.536964 -3.935300 0 -21.018300 3.239290 198.344000 1793.880000 -13 192 1 0 1.000000
-1.865930 -0.668421 0 0.329790 7.402300 192.134000 1793.820000 -13 193 1 0 1.000000
3.737330 -0.412405 0 -4.456790 -20.126300 192.150000 1793.840000 -13 194 1 0 1.000000
0.224628 0.150007 0 8.704100 3.746620 184.641000 1793.780000 -13 195 1 0 1.000000
-3.787700 -4.310780 0 -11.689600 1.235950 193.027000 1793.680000 -13 196 1 0 1.000000
1.062760 -0.154943 0 -8.368370 -0.845016 178.406000 1793.900000 -13 197 1 0 1.000000
-3.058910 -4.280380 0 -12.777300 -9.625220 197.114000 1793.970000 -13 198 1 0 1.000000
-3.716690 -0.965911 0 -6.039310 -21.775400 202.605000 1793.660000 -13 199 1 0 1.000000
-3.770170 -3.204310 0 4.966610 0.024364 188.440000 1793.810000 -13 200 1 0 1.000000
-1.902740 -2.867850 0 -10.029400 -4.597610 193.873000 1793.850000 -13 201 1 0 1.000000
-2.366550 -4.570020 0 0.242948 1.615100 192.174000 1793.910000 -13 202 1 0 1.000000
1.135480 -1.282290 0 10.366800 13.881400 176.763000 1793.780000 -13 203 1 0 1.000000
3.098000 -1.847350 0 -12.498500 2.984970 197.678000 1793.890000 -13 204 1 0 1.000000
-2.203900 -3.131350 0 1.111750 -21.049700 188.990000 1793.840000 -13 205 1 0 1.000000
1.846710 -0.242045 0 3.228300 -2.147960 196.934000 1793.800000 -13 206 1 0 1.000000
-1.063090 0.399791 0 8.796510 2.957710 201.027000 1793.830000 -13 207 1 0 1.000000
-2.601040 -0.756616 0 12.205300 -3.559240 193.583000 1793.740000 -13 208 1 0 1.000000
-2.081050 -0.595694 0 -14.965800 -4.175720 180.986000 1793.700000 -13 209 1 0 1.000000
1.949970 -3.808900 0 -11.211800 -18.907200 190.618000 1793.730000 -13 210 1 0 1.000000
-3.394540 -3.565630 0 -1.650200 -13.837600 201.991000 1793.770000 -13 211 1 0 1.000000
-1.677870 -2.906520 0 16.155700 10.233700 190.498000 1793.780000 -13 212 1 0 1.000000
-2.750020 3.436770 0 0.934378 -5.256100 202.785000 1793.910000 -13 213 1 0 1.000000
0.094377 -1.167770 0 16.755800 8.431060 184.523000 1793.680000 -13 214 1 0 1.000000
-1.990550 -1.298140 0 -4.313330 6.541780 187.506000 1793.620000 -13 215 1 0 1.000000
-1.978920 -1.312280 0 -7.293050 1.322420 194.088000 1793.680000 -13 216 1 0 1.000000
0.355082 -3.226500 0 -2.797310 7.141690 181.905000 1793.690000 -13 217 1 0 1.000000
-0.323973 -4.010870 0 -11.381600 9.946760 207.851000 1793.870000 -13 218 1 0 1.000000
-2.213720 -1.812510 0 5.689660 -19.612800 194.104000 1793.650000 -13 219 1 0 1.000000
-3.135510 0.724518 0 -12.172000 4.565150 193.081000 1793.810000 -13 220 1 0 1.000000
-4.188680 -3.213700 0 7.228850 23.057300 192.547000 1793.840000 -13 221 1 0 1.000000
-1.531630 -2.877200 0 -1.658710 -11.564100 187.623000 1793.840000 -13 222 1 0 1.000000
-1.640540 -2.932340 0 4.433930 9.384070 203.089000 1793.850000 -13 223 1 0 1.000000
0.507707 -0.216685 0 -11.234500 7.767650 193.557000 1793.760000 -13 224 1 0 1.000000
-1.100040 0.227330 0 5.500600 -12.968700 202.200000 1793.870000 -13 225 1 0 1.000000
-2.974590 1.377250 0 4.242120 -6.108310 183.171000 1793.890000 -13 226 1 0 1.000000
-1.593520 -4.854980 0 -14.147300 -4.554320 189.161000 1793.660000 -13 227 1 0 1.000000
-1.300010 0.302071 0 3.296360 31.898400 177.183000 1793.750000 -13 228 1 0 1.000000
1.283050 -3.066110 0 -6.451440 -4.053900 195.994000 1793.880000 -13 229 1 0 1.000000
-0.968876 -0.172212 0 4.217670 17.916500 188.128000 1793.780000 -13 230 1 0 1.000000
-2.446970 -2.790610 0 -5.351000 9.625130 205.903000 1793.870000 -13 231 1 0 1.000000
-2.464180 3.515020 0 0.412956 2.321190 201.599000 1793.920000 -13 232 1 0 1.000000
-2.293180 -1.123520 0 12.932100 10.883100 203.396000 1793.720000 -13 233 1 0 1.000000
-1.908170 -1.031760 0 21.234500 -15.790100 190.408000 1793.710000 -13 234 1 0 1.000000
1.215830 -1.454920 0 -6.455890 1.988980 187.169000 1793.820000 -13 235 1 0 1.000000
-4.214530 -0.587276 0 5.387270 7.741660 190.388000 1793.840000 -13 236 1 0 1.000000
-2.613010 0.163349 0 2.042240 -20.318900 192.955000 1793.780000 -13 237 1 0 1.000000
-0.462461 0.287478 0 -7.064400 2.011720 190.500000 1793.520000 -13 238 1 0 1.000000
-1.880720 -0.740442 0 17.500400 2.400730 211.062000 1793.990000 -13 239 1 0 1.000000
-2.028330 -2.241470 0 2.479040 0.445229 196.415000 1793.820000 -13 240 1 0 1.000000
0.745834 -4.024130 0 -9.800320 -0.110391 188.076000 1793.750000 -13 241 1 0 1.000000
-0.300857 0.699679 0 13.252200 -3.051520 202.906000 1793.750000 -13 242 1 0 1.000000
2.280090 -1.193630 0 -4.129000 4.549400 202.382000 1793.870000 -13 243 1 0 1.000000
-0.698455 0.018431 0 1.853650 -7.807890 190.085000 1793.680000 -13 244 1 0 1.000000
-1.655020 -1.319690 0 4.661670 -4.519030 186.167000 1793.730000 -13 245 1 0 1.000000
0.763875 -1.281050 0 -4.756820 -19.859100 200.243000 1793.890000 -13 246 1 0 1.000000
-2.093490 -5.302070 0 -18.294200 -7.069350 194.749000 1793.970000 -13 247 1 0 1.000000
-2.355010 -1.578790 0 -8.587700 4.389380 184.983000 1793.780000 -13 248 1 0 1.000000
0.438529 -2.086950 0 7.854840 20.052900 206.243000 1793.790000 -13 249 1 0 1.000000
-0.785558 0.022829 0 23.761200 -0.271411 185.755000 1793.810000 -13 250 1 0 1.000000
-0.590065 -3.917980 0 9.672960 -6.079220 197.103000 1793.800000 -13 251 1 0 1.000000
0.408640 -1.564060 0 -6.817480 -20.165300 200.032000 1793.870000 -13 252 1 0 1.000000
0.228358 -2.052410 0 9.375010 8.931650 192.057000 1793.790000 -13 253 1 0 1.000000
-0.003238 -2.030580 0 -16.240000 -20.295600 212.989000 1793.800000 -13 254 1 0 1.000000
2.839840 -3.980590 0 8.098700 9.250720 183.062000 1793.870000 -13 255 1 0 1.000000
-0.081567 -2.567530 0 -10.458400 -2.746560 206.125000 1793.810000 -13 256 1 0 1.000000
-4.779680 -1.106520 0 -8.036430 -24.672200 190.030000 1793.840000 -13 257 1 0 1.000000
-1.949780 -2.015590 0 -7.961920 0.443965 192.222000 1793.860000 -13 258 1 0 1.000000
-0.506178 -0.475126 0 4.912070 1.768830 198.340000 1793.740000 -13 259 1 0 1.000000
-1.434020 0.655150 0 1.947760 -6.791830 190.912000 1793.910000 -13 260 1 0 1.000000
-1.969060 -0.052933 0 -5.669170 -6.759730 187.683000 1793.880000 -13 261 1 0 1.000000
-2.394880 -0.044523 0 5.837550 -6.236230 183.975000 1793.700000 -13 262 1 0 1.000000
-2.930660 -0.962326 0 11.730200 0.871301 205.228000 1793.840000 -13 263 1 0 1.000000
-1.270140 1.657000 0 -8.779990 -6.325130 208.402000 1793.730000 -13 264 1 0 1.000000
-0.532185 -5.089030 0 17.380000 -15.067900 192.374000 1793.800000 -13 265 1 0 1.000000
-0.154402 0.317175 0 7.326780 -1.243050 186.337000 1793.870000 -13 266 1 0 1.000000
-0.294413 -0.677137 0 -6.253950 -6.037920 198.667000 1793.720000 -13 267 1 0 1.000000
3.679140 -0.052697 0 6.464980 -1.063890 189.433000 1793.870000 -13 268 1 0 1.000000
-0.563893 -0.016301 0 -6.787110 -0.914566 198.050000 1793.860000 -13 269 1 0 1.000000
-1.694880 -0.291273 0 -8.953330 3.067280 187.319000 1793.810000 -13 270 1 0 1.000000
-1.006930 1.121420 0 -12.073400 0.327890 186.877000 1793.770000 -13 271 1 0 1.000000
-3.714900 -1.219500 0 3.406230 18.198400 202.516000 1793.940000 -13 272 1 0 1.000000
2.074880 -0.446514 0 -7.696460 -25.342900 184.087000 1793.820000 -13 273 1 0 1.000000
-0.046717 -1.514030 0 5.705160 10.464500 185.629000 1793.710000 -13 274 1 0 1.000000
0.284122 -3.150160 0 2.663000 19.402800 179.991000 1793.910000 -13 275 1 0 1.000000
0.831343 0.364190 0 -7.250930 12.089200 187.787000 1793.930000 -13 276 1 0 1.000000
-1.307430 -1.644720 0 18.267000 -1.216650 198.335000 1793.790000 -13 277 1 0 1.000000
-1.393730 -4.003800 0 20.542900 -16.235800 202.977000 1793.910000 -13 278 1 0 1.000000
0.103092 -4.328780 0 11.455500 8.105450 196.447000 1793.660000 -13 279 1 0 1.000000
1.641320 -1.175670 0 3.550120 -29.350800 214.569000 1793.730000 -13 280 1 0 1.000000
-2.114130 2.731960 0 -8.513560 6.487050 194.047000 1793.810000 -13 281 1 0 1.000000
-2.489180 -3.681060 0 -0.477300 -13.575000 185.289000 1793.720000 -13 282 1 0 1.000000
-0.035644 1.627580 0 -10.069100 2.463530 197.049000 1793.860000 -13 283 1 0 1.000000
-1.106330 -3.864820 0 17.640300 -3.797650 190.913000 1793.710000 -13 284 1 0 1.000000
0.787309 -2.676760 0 7.789380 1.906760 189.173000 1793.770000 -13 285 1 0 1.000000
-4.251980 -3.916710 0 -0.150697 9.467540 194.272000 1793.800000 -13 286 1 0 1.000000
-1.468380 -1.578960 0 -1.507630 2.785130 203.231000 1793.850000 -13 287 1 0 1.000000
-1.205790 -0.292094 0 5.660830 -16.445700 195.748000 1793.620000 -13 288 1 0 1.000000
-5.629340 -0.888401 0 2.646830 -3.286670 203.210000 1793.910000 -13 289 1 0 1.000000
0.396839 0.666760 0 7.864250 -18.902800 203.807000 1793.750000 -13 290 1 0 1.000000
-2.778160 -1.999980 0 6.172020 -12.747900 201.164000 1793.900000 -13 291 1 0 1.000000
-2.064780 -5.024350 0 -4.530870 -11.843200 190.488000 1793.740000 -13 292 1 0 1.000000
-2.832280 -0.576351 0 4.913080 11.280800 195.634000 1793.930000 -13 293 1 0 1.000000
0.370251 -1.863580 0 2.257370 20.143500 178.402000 1793.720000 -13 294 1 0 1.000000
-0.428255 -0.831646 0 -18.691700 8.164580 197.908000 1793.680000 -13 295 1 0 1.000000
0.191525 -2.327020 0 -0.051695 -6.055300 194.468000 1793.760000 -13 296 1 0 1.000000
-0.203359 2.592220 0 -20.892600 -5.783310 213.507000 1793.750000 -13 297 1 0 1.000000
-0.691845 -1.855970 0 -7.008250 2.056420 196.243000 1793.620000 -13 298 1 0 1.000000
-0.551714 -0.638342 0 9.744080 11.009100 197.799000 1793.740000 -13 299 1 0 1.000000
-1.131000 -0.728681 0 8.367570 5.846030 189.518000 1793.830000 -13 300 1 0 1.000000
1.309930 -0.548330 0 -11.056500 -8.431960 204.678000 1793.810000 -13 301 1 0 1.000000
0.459167 -1.359360 0 -1.346240 -3.633910 196.849000 1793.820000 -13 302 1 0 1.000000
1.127060 -1.104880 0 17.714500 -7.714620 204.369000 1793.810000 -13 303 1 0 1.000000
-2.592040 -1.664890 0 -4.313960 -26.194400 199.750000 1793.780000 -13 304 1 0 1.000000
-2.684220 -2.120970 0 22.040000 2.803080 199.092000 1793.690000 -13 305 1 0 1.000000
-3.688120 3.194980 0 -1.989610 -10.478400 196.202000 1793.850000 -13 306 1 0 1.000000
-2.413740 -1.908450 0 2.731250 -10.895800 189.789000 1793.920000 -13 307 1 0 1.000000
-2.167810 -1.967200 0 -5.210410 6.299130 196.424000 1793.860000 -13 308 1 0 1.000000
2.200580 -2.966190 0 3.634080 -3.549720 201.569000 1793.820000 -13 309 1 0 1.000000
0.796498 -0.262166 0 -3.947150 20.834500 191.730000 1793.730000 -13 310 1 0 1.000000
-0.384576 -3.943440 0 8.174350 -14.128000 200.601000 1793.710000 -13 311 1 0 1.000000
-5.811000 -0.166295 0 -6.065880 -9.516490 200.851000 1793.860000 -13 312 1 0 1.000000
-2.344730 -1.274430 0 20.676300 -13.627200 199.254000 1793.910000 -13 313 1 0 1.000000
0.142061 -0.606058 0 13.266100 6.313050 197.476000 1793.750000 -13 314 1 0 1.000000
0.319308 0.122426 0 -7.022490 17.902200 197.642000 1793.950000 -13 315 1 0 1.000000
-0.587986 -2.140610 0 14.874700 11.409800 195.694000 1793.720000 -13 316 1 0 1.000000
-1.103770 -1.896140 0 -4.613820 -8.509900 192.854000 1793.750000 -13 317 1 0 1.000000
-1.739910 -1.666690 0 -2.300830 -6.104600 197.513000 1793.900000 -13 318 1 0 1.000000
-4.070570 -0.887803 0 -3.374850 -12.840500 198.613000 1793.790000 -13 319 1 0 1.000000
0.453427 -2.641440 0 -11.961100 -2.311210 190.491000 1793.870000 -13 320 1 0 1.000000
0.207501 -0.911033 0 -23.403400 4.851340 187.083000 1794.000000 -13 321 1 0 1.000000
-1.617460 -0.083618 0 -10.418500 19.630900 183.312000 1793.840000 -13 322 1 0 1.000000
-3.050270 -0.221595 0 -6.936450 2.533990 208.654000 1793.770000 -13 323 1 0 1.000000
-1.551820 2.444490 0 -9.847230 -10.829600 198.600000 1793.860000 -13 324 1 0 1.000000
-0.246641 0.709646 0 -3.861300 3.636720 189.842000 1793.850000 -13 325 1 0 1.000000
-1.826110 -1.009990 0 -15.355700 8.851680 201.797000 1793.720000 -13 326 1 0 1.000000
-2.418110 -3.985850 0 15.074300 -12.996400 205.322000 1793.820000 -13 327 1 0 1.000000
0.409620 -2.275190 0 -17.371900 11.351600 196.761000 1793.880000 -13 328 1 0 1.000000
-4.047710 -0.452391 0 1.029610 5.949170 191.374000 1793.760000 -13 329 1 0 1.000000
-3.683190 -3.852580 0 13.589300 -11.982700 196.275000 1793.930000 -13 330 1 0 1.000000
2.996700 -4.121310 0 1.874060 1.399460 198.051000 1793.850000 -13 331 1 0 1.000000
-3.199750 0.132516 0 -9.872240 9.756920 211.519000 1793.850000 -13 332 1 0 1.000000
0.574557 -2.147870 0 15.947200 -0.779116 207.548000 1793.620000 -13 333 1 0 1.000000
0.963613 -3.173050 0 7.388160 -11.380300 193.884000 1793.700000 -13 334 1 0 1.000000
-0.438517 -2.343460 0 -8.296300 11.622000 203.628000 1793.820000 -13 335 1 0 1.000000
-1.510840 -0.866850 0 1.819940 -6.921460 187.386000 1793.960000 -13 336 1 0 1.000000
-3.841280 -1.964750 0 -0.029354 -6.683480 200.396000 1793.920000 -13 337 1 0 1.000000
-3.360790 0.229688 0 19.992300 2.441150 198.133000 1793.820000 -13 338 1 0 1.000000
2.641820 2.536890 0 5.349590 -1.187650 200.064000 1793.810000 -13 339 1 0 1.000000
-0.346586 -3.105120 0 12.873900 2.994080 185.933000 1793.900000 -13 340 1 0 1.000000
-2.744460 -1.954590 0 8.795310 -23.060900 194.171000 1793.830000 -13 341 1 0 1.000000
-1.840810 0.458777 0 -27.673900 2.429370 185.287000 1793.890000 -13 342 1 0 1.000000
-1.372260 0.160839 0 12.838500 3.092810 199.699000 1793.900000 -13 343 1 0 1.000000
0.521463 -3.455000 0 18.658800 12.609000 184.464000 1793.740000 -13 344 1 0 1.000000
-2.803610 0.414164 0 11.864300 19.022400 190.061000 1793.870000 -13 345 1 0 1.000000
0.621619 -1.263340 0 -0.289242 12.018200 194.797000 1793.720000 -13 346 1 0 1.000000
-0.459766 -2.419140 0 -13.663700 11.508300 195.255000 1793.820000 -13 347 1 0 1.000000
-0.387420 -1.367280 0 -8.138840 -5.729970 185.986000 1793.750000 -13 348 1 0 1.000000
0.767521 -2.889170 0 -10.182600 21.175700 186.985000 1793.840000 -13 349 1 0 1.000000
-2.414650 -3.568050 0 14.414900 15.139400 178.558000 1793.920000 -13 350 1 0 1.000000
0.577051 -6.154160 0 5.464000 6.544230 188.367000 1793.770000 -13 351 1 0 1.000000
2.187470 0.769578 0 2.451410 -19.441500 197.602000 1793.900000 -13 352 1 0 1.000000
-2.578380 1.778080 0 -27.060100 -3.252900 195.607000 1793.800000 -13 353 1 0 1.000000
-0.626592 0.221430 0 19.586100 4.773780 194.325000 1793.800000 -13 354 1 0 1.000000
-3.684660 -3.094810 0 -4.131390 18.943200 186.365000 1793.810000 -13 355 1 0 1.000000
0.258721 -1.779740 0 -10.168600 12.575300 200.162000 1793.800000 -13 356 1 0 1.000000
-0.123057 -0.009640 0 -3.711540 1.822370 194.318000 1793.790000 -13 357 1 0 1.000000
-3.414550 2.017860 0 4.414110 5.684100 195.062000 1793.760000 -13 358 1 0 1.000000
-0.960585 -1.647680 0 -3.513940 -2.896750 209.421000 1793.820000 -13 359 1 0 1.000000
-2.833950 -1.189740 0 0.375975 -6.948540 191.228000 1793.870000 -13 360 1 0 1.000000
-0.371023 -2.397210 0 -1.523540 8.812530 204.140000 1793.810000 -13 361 1 0 1.000000
-3.352470 -0.460286 0 -9.478640 -12.446700 177.456000 1793.760000 -13 362 1 0 1.000000
0.658426 -0.894807 0 -19.285100 8.200380 189.602000 1793.820000 -13 363 1 0 1.000000
2.785860 -2.774610 0 -11.119000 3.573020 195.292000 1793.780000 -13 364 1 0 1.000000
-2.959960 -2.104440 0 -1.710900 11.027600 203.096000 1793.850000 -13 365 1 0 1.000000
-2.851700 -1.533680 0 13.477100 -4.372630 193.871000 1793.730000 -13 366 1 0 1.000000
0.070699 -1.467390 0 -15.536300 -7.143930 180.476000 1793.820000 -13 367 1 0 1.000000
-2.339650 0.883093 0 -11.177300 -15.361900 199.812000 1793.640000 -13 368 1 0 1.000000
-0.796086 1.533460 0 -13.095400 -4.322130 201.274000 1793.790000 -13 369 1 0 1.000000
1.924480 -3.578820 0 6.422830 4.318210 193.406000 1793.750000 -13 370 1 0 1.000000
3.611180 -2.525240 0 7.549780 7.605370 192.412000 1793.680000 -13 371 1 0 1.000000
-3.595810 -0.843136 0 13.929700 -3.466780 204.852000 1793.870000 -13 372 1 0 1.000000
-0.733799 -1.615770 0 11.368100 -10.163300 188.854000 1793.800000 -13 373 1 0 1.000000
-0.843081 -3.073380 0 -4.214770 6.176400 199.308000 1793.640000 -13 374 1 0 1.000000
-2.540520 -0.003975 0 -2.140050 -2.268080 200.435000 1793.810000 -13 375 1 0 1.000000
-0.769057 -1.774340 0 7.915410 6.412770 179.634000 1793.830000 -13 376 1 0 1.000000
-1.389580 -1.470790 0 -6.152540 7.726620 203.400000 1793.690000 -13 377 1 0 1.000000
-2.415900 -4.360980 0 5.748450 -12.310900 203.905000 1793.720000 -13 378 1 0 1.000000
-0.147112 -2.040130 0 5.223870 0.665307 182.260000 1793.810000 -13 379 1 0 1.000000
0.204454 -1.350930 0 6.640990 -8.756300 183.330000 1793.770000 -13 380 1 0 1.000000
-2.738510 -4.576250 0 13.547700 -12.310100 184.435000 1793.830000 -13 381 1 0 1.000000
-0.382821 2.341970 0 -11.063500 7.345230 200.469000 1793.860000 -13 382 1 0 1.000000
-2.871610 0.104784 0 7.969600 13.897900 196.958000 1793.850000 -13 383 1 0 1.000000
-3.532210 -4.041510 0 14.475500 -2.524490 206.824000 1793.860000 -13 384 1 0 1.000000
-2.195830 -1.087140 0 -10.439100 6.269840 196.322000 1793.720000 -13 385 1 0 1.000000
-3.086410 -0.176847 0 6.608370 -12.261100 199.152000 1793.960000 -13 386 1 0 1.000000
-2.600570 -1.268220 0 9.802560 -12.878500 183.047000 1793.810000 -13 387 1 0 1.000000
2.562090 -0.640638 0 5.849920 -3.705170 191.094000 1793.780000 -13 388 1 0 1.000000
-0.110604 -1.532460 0 4.144430 -3.020000 204.932000 1793.630000 -13 389 1 0 1.000000
-0.168754 -1.218770 0 5.994010 13.056500 185.846000 1793.810000 -13 390 1 0 1.000000
-1.323440 -3.525940 0 -1.685760 1.497230 193.119000 1793.600000 -13 391 1 0 1.000000
-1.731930 -1.033690 0 -14.346600 21.351100 199.231000 1793.800000 -13 392 1 0 1.000000
-1.787050 -0.716649 0 -2.971400 -1.267930 189.289000 1793.860000 -13 393 1 0 1.000000
-1.882300 -0.776646 0 8.867580 -3.557470 188.802000 1793.880000 -13 394 1 0 1.000000
1.444800 -2.604390 0 5.477390 12.020300 188.302000 1793.750000 -13 395 1 0 1.000000
-1.576040 -1.426560 0 17.249800 -1.058630 203.376000 1793.600000 -13 396 1 0 1.000000
-1.758680 -1.541450 0 -10.592000 1.140140 199.039000 1793.640000 -13 397 1 0 1.000000
-3.815190 -1.674470 0 4.565240 15.373700 181.938000 1793.730000 -13 398 1 0 1.000000
-2.561070 -1.509770 0 10.094100 -11.657700 181.289000 1793.880000 -13 399 1 0 1.000000
-4.713910 -0.721920 0 6.572970 -0.837386 191.642000 1793.720000 -13 400 1 0 1.000000
0.405823 -4.950620 0 4.623000 4.546040 193.309000 1793.660000 -13 401 1 0 1.000000
-3.012900 -4.003880 0 2.530230 6.182040 198.941000 1793.720000 -13 402 1 0 1.000000
-4.056720 -4.921830 0 22.504300 2.716720 202.386000 1793.840000 -13 403 1 0 1.000000
2.478960 -1.513120 0 -11.619200 1.403330 188.132000 1793.760000 -13 404 1 0 1.000000
-2.737560 -0.033841 0 -0.984098 3.520330 206.143000 1793.870000 -13 405 1 0 1.000000
-0.106455 -2.981980 0 -12.744100 1.550600 180.366000 1793.680000 -13 406 1 0 1.000000
1.892180 -3.276670 0 -8.354050 1.649600 212.043000 1793.680000 -13 407 1 0 1.000000
-1.295240 -1.184700 0 -15.218700 11.282500 211.750000 1793.610000 -13 408 1 0 1.000000
-1.455220 -1.787990 0 0.343418 6.128600 200.078000 1793.690000 -13 409 1 0 1.000000
-2.213260 -1.984530 0 2.498850 -7.226990 199.375000 1793.790000 -13 410 1 0 1.000000
0.619840 -0.378652 0 0.767198 -0.775683 174.078000 1793.800000 -13 411 1 0 1.000000
-0.708269 -3.087190 0 8.897830 -5.906340 193.617000 1793.850000 -13 412 1 0 1.000000
-3.229990 -2.847790 0 16.572500 -7.113250 190.291000 1793.830000 -13 413 1 0 1.000000
-1.832710 -4.048730 0 14.148600 -13.150500 189.025000 1793.810000 -13 414 1 0 1.000000
1.360960 -1.369920 0 7.105490 3.974180 186.835000 1793.850000 -13 415 1 0 1.000000
-1.156280 2.108540 0 -19.632800 18.296800 193.161000 1793.750000 -13 416 1 0 1.000000
0.124470 -6.443230 0 10.469500 6.894280 191.327000 1793.810000 -13 417 1 0 1.000000
-0.347895 -0.135958 0 1.545650 2.731310 188.238000 1793.670000 -13 418 1 0 1.000000
-4.259270 -4.172680 0 -17.458400 13.817500 193.575000 1793.690000 -13 419 1 0 1.000000
-1.180070 -1.053700 0 5.998330 26.819900 192.246000 1793.880000 -13 420 1 0 1.000000
-3.630730 2.193230 0 -10.511800 5.034210 201.806000 1793.890000 -13 421 1 0 1.000000
0.526905 -2.422030 0 10.739700 -1.654960 197.500000 1793.820000 -13 422 1 0 1.000000
-1.029640 -3.631520 0 7.590410 -6.152710 181.943000 1793.820000 -13 423 1 0 1.000000
0.920766 0.412668 0 -24.935700 -2.168960 176.966000 1793.810000 -13 424 1 0 1.000000
-1.387440 -4.141140 0 8.665880 9.299590 204.573000 1793.690000 -13 425 1 0 1.000000
-2.030410 -4.131150 0 17.682100 -1.024750 193.948000 1793.880000 -13 426 1 0 1.000000
0.063884 1.309260 0 -4.850460 5.063420 197.964000 1793.840000 -13 427 1 0 1.000000
-2.054680 1.497050 0 -8.464320 9.259290 200.797000 1793.700000 -13 428 1 0 1.000000
0.496924 -0.541409 0 -4.677750 23.000800 209.835000 1793.740000 -13 429 1 0 1.000000
-1.942320 0.146908 0 -6.889430 -6.037230 188.844000 1793.740000 -13 430 1 0 1.000000
3.037740 -3.806210 0 -2.432680 10.899800 197.065000 1793.770000 -13 431 1 0 1.000000
-3.602390 -3.833490 0 10.984000 -13.157800 196.885000 1793.770000 -13 432 1 0 1.000000
1.964110 -1.878880 0 -0.823122 -13.959400 196.682000 1793.700000 -13 433 1 0 1.000000
1.650890 -2.504620 0 -5.232390 16.252800 195.739000 1793.870000 -13 434 1 0 1.000000
1.096210 -0.921372 0 -10.881100 -0.323108 207.753000 1793.910000 -13 435 1 0 1.000000
-0.984306 -0.040958 0 -5.257450 1.620130 197.348000 1793.750000 -13 436 1 0 1.000000
-2.500660 -3.301740 0 4.457170 1.588980 181.694000 1793.810000 -13 437 1 0 1.000000
-1.022840 -0.066959 0 3.737700 -17.202500 186.861000 1793.790000 -13 438 1 0 1.000000
-2.284420 1.495950 0 -12.470700 -0.105030 199.905000 1793.810000 -13 439 1 0 1.000000
0.372070 -0.290160 0 0.188054 15.413100 192.898000 1793.640000 -13 440 1 0 1.000000
-3.239600 -1.129380 0 -3.211570 -2.629000 186.166000 1793.790000 -13 441 1 0 1.000000
-1.817930 -4.048210 0 -7.911240 3.899190 189.816000 1793.780000 -13 442 1 0 1.000000
1.957530 -3.539750 0 6.983920 5.880880 196.242000 1793.840000 -13 443 1 0 1.000000
-0.437286 -1.494260 0 -19.823000 6.816520 188.308000 1793.690000 -13 444 1 0 1.000000
-4.822020 1.336260 0 5.638600 -8.028500 188.756000 1793.790000 -13 445 1 0 1.000000
-1.570290 0.048359 0 -9.838830 7.785250 184.884000 1793.860000 -13 446 1 0 1.000000
-2.074770 -3.749490 0 -6.349280 -15.565600 189.772000 1793.850000 -13 447 1 0 1.000000
-2.351120 -1.334160 0 -2.927540 -2.341590 185.079000 1793.860000 -13 448 1 0 1.000000
-2.168830 -0.346254 0 12.596400 1.908080 187.626000 1793.670000 -13 449 1 0 1.000000
-4.520680 -1.860630 0 -4.501040 1.247090 195.313000 1793.860000 -13 450 1 0 1.000000
-1.689380 -1.289870 0 -3.266710 15.447400 195.988000 1793.870000 -13 451 1 0 1.000000
-2.713900 -0.350371 0 3.553460 -2.473240 209.044000 1793.810000 -13 452 1 0 1.000000
-2.265950 -1.479330 0 4.473390 -9.367530 192.320000 1793.930000 -13 453 1 0 1.000000
-1.714950 -2.838910 0 -2.143770 -1.428230 200.251000 1793.950000 -13 454 1 0 1.000000
1.543210 -4.109860 0 8.776380 8.346550 195.095000 1793.770000 -13 455 1 0 1.000000
-0.903995 -3.181980 0 -6.781480 -12.692200 195.065000 1793.910000 -13 456 1 0 1.000000
1.780240 -1.394350 0 -15.953300 14.413900 187.672000 1793.840000 -13 457 1 0 1.000000
-2.204760 -2.785980 0 9.569240 12.669600 203.718000 1793.880000 -13 458 1 0 1.000000
-1.289030 0.750804 0 3.462150 -26.102000 184.820000 1793.810000 -13 459 1 0 1.000000
-1.780450 -1.631940 0 6.794820 -13.176500 195.529000 1793.980000 -13 460 1 0 1.000000
1.031300 -0.680791 0 -9.499610 -19.798100 190.505000 1793.810000 -13 461 1 0 1.000000
1.172110 -2.505550 0 16.771900 -1.283020 185.693000 1793.850000 -13 462 1 0 1.000000
-0.137880 -2.212090 0 2.250450 2.567660 201.988000 1793.920000 -13 463 1 0 1.000000
-2.105770 -2.752730 0 -12.688000 20.531100 174.215000 1793.840000 -13 464 1 0 1.000000
1.149080 -3.108220 0 0.552272 -4.627030 198.050000 1793.870000 -13 465 1 0 1.000000
-2.573140 -1.837580 0 -14.602400 -2.668300 203.443000 1793.790000 -13 466 1 0 1.000000
-1.924710 -1.306430 0 1.742470 0.113519 189.428000 1793.820000 -13 467 1 0 1.000000
1.886320 -1.868350 0 -1.130380 14.566300 192.745000 1793.880000 -13 468 1 0 1.000000
0.964591 -0.595494 0 -7.416800 16.129500 192.742000 1793.820000 -13 469 1 0 1.000000
-4.563260 0.375145 0 -10.266200 -9.889590 194.273000 1793.660000 -13 470 1 0 1.000000
-0.606481 -2.629420 0 -19.068200 17.972300 201.039000 1793.840000 -13 471 1 0 1.000000
0.424049 -2.243990 0 -10.520900 -9.534380 197.680000 1793.780000 -13 472 1 0 1.000000
-4.585460 -1.723350 0 -5.004350 -4.256450 196.586000 1793.860000 -13 473 1 0 1.000000
-1.218350 -4.076560 0 -6.723820 0.919700 190.715000 1793.650000 -13 474 1 0 1.000000
-1.184710 -2.729590 0 -22.106000 -1.148420 188.482000 1793.930000 -13 475 1 0 1.000000
-0.771323 -3.382460 0 -2.722740 -3.342950 204.187000 1793.830000 -13 476 1 0 1.000000
2.753500 -4.073530 0 10.504200 0.701937 193.580000 1793.910000 -13 477 1 0 1.000000
-0.545903 -1.635380 0 -2.924450 0.441779 192.923000 1793.850000 -13 478 1 0 1.000000
-5.216000 -0.066498 0 6.575440 -23.010900 201.040000 1793.940000 -13 479 1 0 1.000000
1.750570 -1.167750 0 -0.575824 4.695020 192.166000 1793.910000 -13 480 1 0 1.000000
-0.856217 -3.799440 0 -8.233550 -5.940210 178.899000 1793.760000 -13 481 1 0 1.000000
-4.080350 -3.728500 0 8.182700 -22.696000 219.654000 1793.870000 -13 482 1 0 1.000000
-0.478866 -2.578340 0 -0.370007 5.724260 187.366000 1793.680000 -13 483 1 0 1.000000
-0.585104 1.117810 0 6.472730 4.517400 184.636000 1793.730000 -13 484 1 0 1.000000
-1.100490 -2.498850 0 -18.627100 -10.612800 205.408000 1793.850000 -13 485 1 0 1.000000
0.362373 -4.650300 0 -12.875300 -4.129360 198.536000 1793.820000 -13 486 1 0 1.000000
-2.058170 -4.146590 0 -0.791832 -3.295870 200.310000 1793.790000 -13 487 1 0 1.000000
-0.186546 -2.133610 0 -15.870800 14.257000 186.533000 1793.720000 -13 488 1 0 1.000000
2.445290 -4.879190 0 2.724710 17.588700 180.956000 1793.890000 -13 489 1 0 1.000000
0.939571 -2.935100 0 15.145700 -11.477000 179.256000 1793.820000 -13 490 1 0 1.000000
-2.322760 -3.101950 0 13.534900 -4.320030 202.520000 1793.780000 -13 491 1 0 1.000000
-0.994210 -0.967707 0 1.840170 -19.456300 190.758000 1793.980000 -13 492 1 0 1.000000
-2.333280 -3.495860 0 -0.540183 -12.883500 194.748000 1793.810000 -13 493 1 0 1.000000
-2.603610 -0.904716 0 -4.827060 -4.190520 186.048000 1793.900000 -13 494 1 0 1.000000
-2.090660 -0.660967 0 9.212330 -2.161660 194.700000 1793.690000 -13 495 1 0 1.000000
0.106789 -1.370410 0 6.411520 15.184100 210.447000 1793.800000 -13 496 1 0 1.000000
-0.732759 -1.535140 0 -4.601120 -6.265300 184.295000 1793.670000 -13 497 1 0 1.000000
-3.938660 0.232734 0 -3.636430 -5.079420 203.030000 1793.750000 -13 498 1 0 1.000000
0.539968 -2.155060 0 -13.348200 14.998400 195.649000 1793.810000 -13 499 1 0 1.000000
2.216890 -1.634620 0 11.444300 9.975370 195.982000 1793.900000 -13 500 1 0 1.000000
-2.450710 -0.649620 0 -0.489755 -0.051798 199.346000 1793.790000 -13 501 1 0 1.000000
-2.893490 -4.240250 0 -3.128670 6.672190 204.187000 1793.820000 -13 502 1 0 1.000000
-2.171990 2.555960 0 11.573800 -6.075270 197.092000 1793.850000 -13 503 1 0 1.000000
-1.148160 -2.010490 0 -11.342200 -3.075350 187.125000 1793.710000 -13 504 1 0 1.000000
-0.746020 1.109260 0 -13.493300 17.548200 184.329000 1793.890000 -13 505 1 0 1.000000
-3.000290 -2.065010 0 -2.868430 -6.605700 185.615000 1793.690000 -13 506 1 0 1.000000
3.168010 -0.856699 0 -11.016300 -5.593030 182.336000 1793.660000 -13 507 1 0 1.000000
-1.979460 1.740930 0 -7.678840 -4.382510 182.325000 1793.670000 -13 508 1 0 1.000000
-0.217775 -0.365498 0 -14.067300 6.041140 202.752000 1793.720000 -13 509 1 0 1.000000
-2.062160 -1.883040 0 3.163370 3.733090 194.326000 1793.780000 -13 510 1 0 1.000000
0.589967 -2.204580 0 4.998140 13.171200 181.397000 1793.710000 -13 511 1 0 1.000000
0.153638 -0.852008 0 4.223300 -7.404580 190.536000 1793.640000 -13 512 1 0 1.000000
-2.444990 -4.104060 0 -10.162400 7.227130 186.944000 1793.890000 -13 513 1 0 1.000000
-2.214070 -2.290030 0 0.463669 22.715500 212.814000 1793.900000 -13 514 1 0 1.000000
-0.387877 -0.067680 0 -9.550780 -13.352200 182.616000 1793.860000 -13 515 1 0 1.000000
0.270070 -5.101540 0 18.243400 -6.017980 209.331000 1793.720000 -13 516 1 0 1.000000
0.199738 -1.684560 0 -5.289930 7.722770 189.339000 1793.690000 -13 517 1 0 1.000000
-3.500660 -2.940680 0 7.492790 17.515500 207.986000 1793.830000 -13 518 1 0 1.000000
0.246632 -0.685227 0 -20.086000 -12.067100 190.704000 1793.780000 -13 519 1 0 1.000000
-4.835690 0.789543 0 -14.362300 -28.482600 186.807000 1793.840000 -13 520 1 0 1.000000
-1.301850 -1.457100 0 -12.674500 15.235200 195.176000 1793.880000 -13 521 1 0 1.000000
-0.326802 -6.193470 0 17.617800 3.212590 198.274000 1793.760000 -13 522 1 0 1.000000
-4.361910 -0.368995 0 10.928100 -17.659200 200.114000 1793.760000 -13 523 1 0 1.000000
0.825866 -0.457897 0 -0.766989 -9.196510 189.756000 1793.820000 -13 524 1 0 1.000000
-0.464685 0.026553 0 7.587680 -0.172671 183.494000 1793.760000 -13 525 1 0 1.000000
-3.229710 -2.568750 0 -4.839950 1.602010 185.616000 1793.820000 -13 526 1 0 1.000000
1.249310 -1.890950 0 12.365100 -9.130730 199.878000 1793.760000 -13 527 1 0 1.000000
0.183193 -2.185200 0 3.922110 30.281200 201.840000 1793.660000 -13 528 1 0 1.000000
-3.652660 -2.884530 0 -6.516860 -15.405500 193.881000 1793.880000 -13 529 1 0 1.000000
0.886752 0.025088 0 -3.715150 13.926300 200.369000 1793.820000 -13 530 1 0 1.000000
-5.341100 0.766474 0 4.944110 -4.329960 197.319000 1793.650000 -13 531 1 0 1.000000
1.137060 -3.401020 0 -20.360500 -2.089500 188.195000 1793.870000 -13 532 1 0 1.000000
-1.681430 -1.034510 0 5.475360 -4.375720 207.195000 1793.730000 -13 533 1 0 1.000000
-3.549290 -1.215570 0 -5.195380 -0.051778 192.829000 1793.880000 -13 534 1 0 1.000000
-2.170150 -1.822110 0 -20.864200 -0.397004 195.541000 1793.740000 -13 535 1 0 1.000000
-2.234630 -1.514670 0 3.675680 11.092300 186.232000 1793.750000 -13 536 1 0 1.000000
1.717260 -3.255760 0 0.038382 8.326440 196.851000 1793.810000 -13 537 1 0 1.000000
0.059133 -1.013190 0 -17.677100 -14.456400 191.764000 1793.920000 -13 538 1 0 1.000000
-3.168830 1.561550 0 2.748790 -5.671820 196.739000 1793.960000 -13 539 1 0 1.000000
-1.717170 -1.620510 0 7.059330 -17.428200 204.330000 1793.850000 -13 540 1 0 1.000000
-1.300480 -4.873740 0 -20.154300 -7.521350 195.072000 1793.770000 -13 541 1 0 1.000000
-0.296827 -3.998340 0 -11.295300 -15.276600 184.736000 1793.890000 -13 542 1 0 1.000000
-4.474420 -2.741500 0 -4.813230 -13.100600 193.878000 1793.630000 -13 543 1 0 1.000000
-2.403950 -3.778270 0 2.711500 -8.516240 203.825000 1793.830000 -13 544 1 0 1.000000
-0.979412 -1.907750 0 19.177600 -15.981600 187.760000 1793.670000 -13 545 1 0 1.000000
-0.802913 -4.224590 0 -0.360686 -6.918070 198.117000 1793.850000 -13 546 1 0 1.000000
-0.782846 -0.620716 0 -4.731530 5.084830 200.816000 1793.810000 -13 547 1 0 1.000000
0.564454 -0.986074 0 23.494100 7.896300 194.171000 1793.770000 -13 548 1 0 1.000000
-1.409900 -4.884390 0 15.742600 -13.685300 195.606000 1793.670000 -13 549 1 0 1.000000
-3.910070 -1.234040 0 7.072670 -15.828500 185.103000 1793.820000 -13 550 1 0 1.000000
-2.757440 -0.174129 0 -8.034430 3.703380 206.409000 1793.760000 -13 551 1 0 1.000000
-0.147163 -1.514910 0 -6.336880 -8.230460 177.781000 1793.800000 -13 552 1 0 1.000000
1.026950 -4.471490 0 -3.327910 20.012900 203.821000 1793.840000 -13 553 1 0 1.000000
-0.318161 -1.091330 0 -9.192400 -8.071610 200.769000 1793.810000 -13 554 1 0 1.000000
0.798832 -1.749720 0 -7.033100 10.405200 192.405000 1793.730000 -13 555 1 0 1.000000
-3.389310 -1.237100 0 9.484820 5.300440 200.303000 1793.710000 -13 556 1 0 1.000000
-2.436170 -1.979140 0 -8.568950 1.419460 187.964000 1793.800000 -13 557 1 0 1.000000
-0.327710 -2.442930 0 3.585510 8.931020 208.908000 1793.800000 -13 558 1 0 1.000000
-2.647350 0.036412 0 11.605300 -3.821840 191.667000 1793.900000 -13 559 1 0 1.000000
0.855759 -4.726980 0 10.123500 6.223530 197.661000 1793.830000 -13 560 1 0 1.000000
-0.909039 -2.051420 0 5.982560 -3.143700 195.698000 1793.800000 -13 561 1 0 1.000000
0.098266 0.437878 0 -5.101630 6.237590 185.371000 1793.750000 -13 562 1 0 1.000000
-1.054230 -3.391960 0 -8.059420 -3.305140 209.229000 1793.630000 -13 563 1 0 1.000000
-1.878600 -4.145400 0 4.672660 -7.635080 178.454000 1793.810000 -13 564 1 0 1.000000
