#BLTrackFile solenoid_cooling_channel
#x y z Px Py Pz t PDGid EvNum TrkId Parent weight
-1.686440 -2.261040 0 0.000000 0.000000 203.000000 1492.610000 -13 1 1 0 1.000000
-0.356048 -1.520100 0 -8.933360 11.132000 207.325000 1492.640000 -13 2 1 0 1.000000
-1.808720 -3.840470 0 7.887960 2.296190 200.130000 1492.630000 -13 3 1 0 1.000000
-6.945700 -1.125160 0 -7.745090 0.007667 197.701000 1492.510000 -13 4 1 0 1.000000
-2.135580 -2.201080 0 18.155100 3.377820 201.063000 1492.540000 -13 5 1 0 1.000000
-3.522040 1.099150 0 -3.844320 -9.487860 207.626000 1492.630000 -13 6 1 0 1.000000
-4.026220 -0.222023 0 1.260680 0.137280 188.849000 1492.600000 -13 7 1 0 1.000000
-6.207350 0.705059 0 7.243980 -8.448750 193.433000 1492.620000 -13 8 1 0 1.000000
-3.259470 -2.465980 0 -14.655900 22.295700 196.331000 1492.640000 -13 9 1 0 1.000000
-2.004810 0.318602 0 6.612540 6.029280 205.634000 1492.460000 -13 10 1 0 1.000000
-9.122580 -2.377150 0 17.209700 -22.103600 203.358000 1492.600000 -13 11 1 0 1.000000
-0.355273 -0.350094 0 11.041200 -21.895900 193.771000 1492.670000 -13 12 1 0 1.000000
-3.668260 -7.349250 0 -6.570390 -17.221800 201.810000 1492.520000 -13 13 1 0 1.000000
-1.022460 -6.931290 0 10.327400 10.564800 211.965000 1492.640000 -13 14 1 0 1.000000
-1.318030 -10.416300 0 -11.873000 3.064180 199.012000 1492.490000 -13 15 1 0 1.000000
-3.321580 1.920730 0 -3.266850 2.022160 191.220000 1492.490000 -13 16 1 0 1.000000
0.647105 -0.080750 0 -6.981790 21.710400 200.178000 1492.680000 -13 17 1 0 1.000000
2.974930 2.135710 0 5.601380 -4.324820 206.192000 1492.400000 -13 18 1 0 1.000000
-0.705359 0.970291 0 -1.390160 -1.465810 201.675000 1492.700000 -13 19 1 0 1.000000
-3.024770 -4.939010 0 8.805820 -10.572300 208.375000 1492.700000 -13 20 1 0 1.000000
-1.682790 -0.730124 0 7.452940 -7.185030 212.814000 1492.590000 -13 21 1 0 1.000000
-3.163910 -0.546478 0 15.345800 -1.687460 205.503000 1492.630000 -13 22 1 0 1.000000
-4.485480 -4.258830 0 -13.382400 -15.477500 193.813000 1492.590000 -13 23 1 0 1.000000
2.972410 -0.076524 0 1.768180 10.688400 188.681000 1492.570000 -13 24 1 0 1.000000
-0.790551 -1.611430 0 -4.090040 5.908590 197.384000 1492.540000 -13 25 1 0 1.000000
0.837405 -2.462600 0 2.541990 5.065140 215.013000 1492.650000 -13 26 1 0 1.000000
0.662138 -3.494480 0 -4.929700 -9.735310 199.782000 1492.620000 -13 27 1 0 1.000000
2.321270 9.684540 0 -10.543100 7.897280 213.036000 1492.630000 -13 28 1 0 1.000000
4.391440 -2.044090 0 7.740950 2.654260 182.972000 1492.560000 -13 29 1 0 1.000000
-4.149140 0.775610 0 2.090000 -0.868299 217.833000 1492.420000 -13 30 1 0 1.000000
-4.894850 -3.395490 0 0.593383 -7.485460 197.218000 1492.590000 -13 31 1 0 1.000000
-1.695430 -4.020300 0 13.410600 -1.961430 204.895000 1492.470000 -13 32 1 0 1.000000
3.851190 -5.795130 0 12.448700 1.581740 195.225000 1492.670000 -13 33 1 0 1.000000
-5.806330 -6.123930 0 -3.211130 11.165000 207.426000 1492.560000 -13 34 1 0 1.000000
-0.989217 -2.119520 0 6.762490 11.013500 199.087000 1492.460000 -13 35 1 0 1.000000
-2.535190 -3.807210 0 4.127180 -2.468110 217.669000 1492.620000 -13 36 1 0 1.000000
-3.331880 -5.875660 0 1.565380 -7.173220 192.668000 1492.560000 -13 37 1 0 1.000000
-4.903580 -2.114350 0 9.937330 -7.408000 196.337000 1492.630000 -13 38 1 0 1.000000
-1.243360 -0.427794 0 -19.180200 21.938600 220.296000 1492.590000 -13 39 1 0 1.000000
3.429670 -2.199700 0 -4.334570 0.250770 180.400000 1492.590000 -13 40 1 0 1.000000
-4.748260 -6.250080 0 13.365300 -13.927400 197.344000 1492.470000 -13 41 1 0 1.000000
-0.994217 -2.636040 0 -12.984700 7.779900 199.402000 1492.600000 -13 42 1 0 1.000000
-0.673114 0.133780 0 -32.252800 -10.946900 212.385000 1492.570000 -13 43 1 0 1.000000
-4.425930 2.216400 0 7.975010 2.042810 194.807000 1492.570000 -13 44 1 0 1.000000
-1.266690 -2.521260 0 7.408610 11.712400 203.938000 1492.590000 -13 45 1 0 1.000000
-0.086848 -1.589370 0 -20.167000 7.655030 202.933000 1492.670000 -13 46 1 0 1.000000
4.394990 -3.972380 0 -29.949000 1.364800 196.746000 1492.670000 -13 47 1 0 1.000000
-5.810460 1.933330 0 11.729000 -21.844500 235.136000 1492.520000 -13 48 1 0 1.000000
-6.730380 0.981984 0 -25.398100 -0.741500 219.877000 1492.480000 -13 49 1 0 1.000000
1.053150 -0.693933 0 -12.004400 42.921900 197.255000 1492.570000 -13 50 1 0 1.000000
2.445370 -0.052671 0 -17.004500 -16.651800 197.715000 1492.680000 -13 51 1 0 1.000000
-2.126200 -1.983610 0 -11.383400 27.194600 226.935000 1492.540000 -13 52 1 0 1.000000
-0.114993 -2.262660 0 -6.796110 17.354200 197.192000 1492.520000 -13 53 1 0 1.000000
-7.917280 0.424532 0 5.812320 -15.378000 199.547000 1492.600000 -13 54 1 0 1.000000
0.122048 0.229094 0 2.149480 5.682880 217.255000 1492.410000 -13 55 1 0 1.000000
-1.544440 2.304280 0 1.216880 -4.367400 193.228000 1492.530000 -13 56 1 0 1.000000
0.761034 -7.800550 0 1.651610 17.991500 211.860000 1492.450000 -13 57 1 0 1.000000
-5.187770 -6.225930 0 -2.799560 -3.954450 197.282000 1492.660000 -13 58 1 0 1.000000
-3.012700 -1.470900 0 -8.295670 -0.902948 193.154000 1492.580000 -13 59 1 0 1.000000
-2.483440 -3.114590 0 -15.421200 0.463117 217.512000 1492.820000 -13 60 1 0 1.000000
-1.608490 -7.394220 0 -2.102760 -23.524200 209.015000 1492.480000 -13 61 1 0 1.000000
-3.768220 1.826290 0 -11.814000 -16.274400 212.280000 1492.740000 -13 62 1 0 1.000000
-7.954400 0.941040 0 -13.988800 -6.963440 212.565000 1492.480000 -13 63 1 0 1.000000
-0.357495 -1.489070 0 2.595620 3.554160 195.233000 1492.600000 -13 64 1 0 1.000000
-1.209910 6.735530 0 0.426874 -4.937290 199.267000 1492.590000 -13 65 1 0 1.000000
1.289910 -8.830550 0 8.918140 0.586657 204.152000 1492.600000 -13 66 1 0 1.000000
-3.983010 -7.794110 0 11.357600 -1.426620 210.763000 1492.510000 -13 67 1 0 1.000000
-3.080960 -2.221600 0 -2.675900 0.542710 202.999000 1492.720000 -13 68 1 0 1.000000
2.333530 -5.889380 0 9.038340 14.492300 205.058000 1492.710000 -13 69 1 0 1.000000
-1.097930 -3.995810 0 1.610100 -9.430520 190.858000 1492.690000 -13 70 1 0 1.000000
0.113479 -5.712190 0 1.704920 -7.314130 201.145000 1492.580000 -13 71 1 0 1.000000
1.761570 0.654790 0 8.318660 -7.086480 204.710000 1492.660000 -13 72 1 0 1.000000
2.133180 -1.524540 0 3.709160 36.129500 212.889000 1492.560000 -13 73 1 0 1.000000
3.217990 -1.533030 0 1.891080 -2.814040 208.255000 1492.550000 -13 74 1 0 1.000000
-4.863880 -4.024490 0 -4.168620 -1.219910 212.901000 1492.630000 -13 75 1 0 1.000000
-3.807760 2.158560 0 1.902080 -5.087680 195.976000 1492.730000 -13 76 1 0 1.000000
-0.796983 -3.218690 0 -15.148400 16.540200 226.498000 1492.480000 -13 77 1 0 1.000000
-0.566428 -3.523550 0 7.779680 -24.056600 197.870000 1492.610000 -13 78 1 0 1.000000
2.426400 -4.304760 0 20.795200 -19.350800 216.733000 1492.570000 -13 79 1 0 1.000000
0.260350 -3.426230 0 5.045120 -2.441910 197.712000 1492.570000 -13 80 1 0 1.000000
-1.817660 -1.083100 0 29.378500 19.252600 204.164000 1492.690000 -13 81 1 0 1.000000
4.817800 -2.577970 0 -19.571700 -16.251500 201.844000 1492.570000 -13 82 1 0 1.000000
-6.115690 -3.098130 0 4.838440 -7.763700 199.855000 1492.690000 -13 83 1 0 1.000000
2.719660 -1.857900 0 14.287400 -8.569110 199.091000 1492.460000 -13 84 1 0 1.000000
-6.772610 -4.562130 0 -7.959450 1.080660 212.517000 1492.580000 -13 85 1 0 1.000000
-6.476870 -3.452760 0 0.507766 -19.601500 198.630000 1492.710000 -13 86 1 0 1.000000
1.113820 -7.065560 0 20.399100 12.183400 200.205000 1492.490000 -13 87 1 0 1.000000
0.636299 -4.144850 0 2.062890 2.138730 215.261000 1492.630000 -13 88 1 0 1.000000
-7.452700 -2.678540 0 -17.289000 12.039800 203.160000 1492.660000 -13 89 1 0 1.000000
-5.149810 0.852238 0 -12.619400 17.361600 209.983000 1492.410000 -13 90 1 0 1.000000
-0.656723 -0.238708 0 4.084620 13.771800 200.177000 1492.640000 -13 91 1 0 1.000000
-3.197860 0.255034 0 -6.497850 30.409400 199.769000 1492.530000 -13 92 1 0 1.000000
3.000050 -5.370910 0 9.516360 13.761500 195.411000 1492.660000 -13 93 1 0 1.000000
-2.873370 -2.983130 0 19.303600 -2.317710 188.795000 1492.660000 -13 94 1 0 1.000000
-6.356610 -4.368030 0 36.771500 6.215370 221.991000 1492.640000 -13 95 1 0 1.000000
0.841005 3.394950 0 -10.278800 -0.219950 187.216000 1492.630000 -13 96 1 0 1.000000
-0.744833 -4.743090 0 4.401530 27.103300 225.508000 1492.500000 -13 97 1 0 1.000000
-1.759350 -3.158830 0 10.066500 16.463100 210.222000 1492.650000 -13 98 1 0 1.000000
-10.709200 -1.635050 0 8.056370 -12.417800 203.136000 1492.660000 -13 99 1 0 1.000000
-0.540905 -0.067744 0 4.803800 21.895300 194.307000 1492.600000 -13 100 1 0 1.000000
-2.516980 -4.312160 0 -3.232910 6.703500 210.068000 1492.630000 -13 101 1 0 1.000000
-0.406332 -4.535370 0 9.509920 33.763300 210.604000 1492.470000 -13 102 1 0 1.000000
0.919301 -2.689800 0 -8.336280 -17.035400 207.777000 1492.610000 -13 103 1 0 1.000000
-2.749680 -3.806940 0 -6.760380 -0.532034 212.841000 1492.620000 -13 104 1 0 1.000000
-0.766273 -1.244320 0 -9.868780 1.567950 196.052000 1492.730000 -13 105 1 0 1.000000
-4.068320 -1.110300 0 -0.927213 0.184739 189.924000 1492.700000 -13 106 1 0 1.000000
3.203070 -0.409249 0 11.939700 -24.338600 202.641000 1492.620000 -13 107 1 0 1.000000
-0.361415 -0.116081 0 0.131513 4.089640 182.779000 1492.560000 -13 108 1 0 1.000000
-0.744748 -6.718920 0 14.634700 -12.180400 196.758000 1492.550000 -13 109 1 0 1.000000
-9.010270 0.783222 0 -5.090560 -4.145210 219.895000 1492.520000 -13 110 1 0 1.000000
-1.313580 -9.107910 0 10.493700 -11.842300 217.012000 1492.700000 -13 111 1 0 1.000000
-0.797005 -2.958110 0 -10.199700 11.750000 206.205000 1492.620000 -13 112 1 0 1.000000
2.884750 -2.123900 0 -0.957101 5.206860 206.757000 1492.630000 -13 113 1 0 1.000000
-7.687210 -1.608510 0 3.542480 5.861800 202.566000 1492.600000 -13 114 1 0 1.000000
-6.102830 -1.055580 0 0.160001 0.152371 222.636000 1492.620000 -13 115 1 0 1.000000
3.325740 -0.951323 0 -11.772700 25.969400 201.522000 1492.500000 -13 116 1 0 1.000000
-3.918320 -7.017000 0 -15.069700 16.065200 200.098000 1492.730000 -13 117 1 0 1.000000
-0.984685 -1.448620 0 -2.119940 0.691107 201.213000 1492.700000 -13 118 1 0 1.000000
-0.021477 1.902290 0 0.622294 -7.856150 220.587000 1492.620000 -13 119 1 0 1.000000
-2.559000 -0.967736 0 1.076700 0.565895 196.437000 1492.520000 -13 120 1 0 1.000000
-1.830980 -3.942680 0 -1.225580 18.390500 207.085000 1492.580000 -13 121 1 0 1.000000
-2.845220 -1.118190 0 1.447450 9.307360 212.360000 1492.610000 -13 122 1 0 1.000000
2.533850 -10.836700 0 -8.644480 -11.939700 195.675000 1492.620000 -13 123 1 0 1.000000
-8.852090 -2.194210 0 -17.727200 0.592741 198.325000 1492.480000 -13 124 1 0 1.000000
-5.914200 -0.222964 0 -1.639410 -11.101000 211.599000 1492.720000 -13 125 1 0 1.000000
-3.396370 -1.063790 0 11.382900 -18.798600 190.626000 1492.620000 -13 126 1 0 1.000000
0.124114 -2.558480 0 -6.682450 7.454780 205.269000 1492.610000 -13 127 1 0 1.000000
-2.390860 -1.186310 0 -14.745900 -0.941009 204.813000 1492.500000 -13 128 1 0 1.000000
-4.048440 0.055540 0 -2.295510 -20.047200 230.009000 1492.580000 -13 129 1 0 1.000000
0.247780 -0.208534 0 3.106900 -0.927310 198.597000 1492.540000 -13 130 1 0 1.000000
-3.352760 -2.260930 0 -10.408300 0.619890 202.516000 1492.630000 -13 131 1 0 1.000000
-8.134710 -1.557980 0 -18.270100 -2.765020 216.057000 1492.620000 -13 132 1 0 1.000000
-2.537780 1.546550 0 -5.137810 -8.148520 196.937000 1492.540000 -13 133 1 0 1.000000
-3.395340 1.960410 0 21.304800 -9.582430 217.221000 1492.670000 -13 134 1 0 1.000000
-4.457830 0.296069 0 17.432700 28.791800 206.215000 1492.630000 -13 135 1 0 1.000000
1.982670 1.120870 0 -5.003110 -13.864200 183.789000 1492.610000 -13 136 1 0 1.000000
-7.979740 0.264229 0 -15.267800 19.827500 218.479000 1492.460000 -13 137 1 0 1.000000
-1.727900 4.026370 0 2.179470 -15.800100 212.915000 1492.590000 -13 138 1 0 1.000000
1.686060 -3.282340 0 -10.643800 -0.324521 195.696000 1492.460000 -13 139 1 0 1.000000
0.693586 -6.479610 0 6.873550 14.642800 204.703000 1492.690000 -13 140 1 0 1.000000
-5.125460 1.719710 0 7.523340 -11.884800 193.608000 1492.630000 -13 141 1 0 1.000000
-1.093630 -1.724080 0 2.754210 -8.927790 207.948000 1492.700000 -13 142 1 0 1.000000
1.171380 -2.603100 0 4.080770 0.839203 206.005000 1492.660000 -13 143 1 0 1.000000
-6.324930 0.576005 0 9.688590 -0.756934 208.886000 1492.530000 -13 144 1 0 1.000000
-5.080380 -4.306760 0 -17.793900 3.479580 194.063000 1492.530000 -13 145 1 0 1.000000
-4.606300 -2.743540 0 26.791700 -6.794110 220.937000 1492.520000 -13 146 1 0 1.000000
-2.345790 -3.883460 0 -46.969300 6.696120 228.554000 1492.640000 -13 147 1 0 1.000000
-2.094310 -2.876530 0 9.920030 23.345900 197.922000 1492.760000 -13 148 1 0 1.000000
-0.896429 -0.321697 0 12.530500 6.550690 199.419000 1492.710000 -13 149 1 0 1.000000
-1.473110 -7.824690 0 -22.373700 -12.249700 213.866000 1492.750000 -13 150 1 0 1.000000
-2.969690 0.258605 0 -11.241600 2.920930 214.265000 1492.440000 -13 151 1 0 1.000000
-1.769910 -0.560605 0 -2.878730 12.565500 215.894000 1492.670000 -13 152 1 0 1.000000
-0.539315 -0.501883 0 -13.296000 10.058700 213.982000 1492.710000 -13 153 1 0 1.000000
-7.613950 -7.072160 0 5.975600 -0.329593 204.242000 1492.580000 -13 154 1 0 1.000000
-2.168090 1.213590 0 21.670800 9.082030 198.320000 1492.480000 -13 155 1 0 1.000000
-5.522170 -2.194180 0 1.019360 -21.426300 203.177000 1492.670000 -13 156 1 0 1.000000
-0.271835 -1.366720 0 -6.346040 10.146200 198.368000 1492.520000 -13 157 1 0 1.000000
-3.974150 -0.849278 0 -3.572310 -7.291010 187.578000 1492.670000 -13 158 1 0 1.000000
0.800945 -1.010670 0 -12.917400 4.990110 216.817000 1492.730000 -13 159 1 0 1.000000
0.649188 -5.197690 0 1.775100 1.586460 200.186000 1492.690000 -13 160 1 0 1.000000
-3.899900 0.392987 0 -1.028400 -39.368800 220.770000 1492.630000 -13 161 1 0 1.000000
-3.778480 -7.317980 0 -12.346700 7.157700 217.108000 1492.690000 -13 162 1 0 1.000000
-0.976322 -1.808120 0 -15.638100 12.979200 211.055000 1492.610000 -13 163 1 0 1.000000
-3.310620 -5.310750 0 -12.058700 -3.017200 203.482000 1492.620000 -13 164 1 0 1.000000
2.359450 -5.098870 0 8.210170 17.673400 180.739000 1492.620000 -13 165 1 0 1.000000
-3.574820 -4.168750 0 12.879400 5.588010 191.566000 1492.620000 -13 166 1 0 1.000000
-6.028640 -1.640560 0 -23.887900 -14.073400 219.240000 1492.530000 -13 167 1 0 1.000000
1.496700 -3.724130 0 -15.416200 8.141660 200.006000 1492.760000 -13 168 1 0 1.000000
-3.410900 -1.389450 0 12.977200 1.924830 204.293000 1492.710000 -13 169 1 0 1.000000
0.337378 -2.079120 0 1.757130 0.371685 193.378000 1492.670000 -13 170 1 0 1.000000
-1.233170 -5.018230 0 1.161790 11.479800 194.360000 1492.540000 -13 171 1 0 1.000000
-1.485650 0.462340 0 -6.672180 -5.253160 212.459000 1492.560000 -13 172 1 0 1.000000
-2.915280 -1.767690 0 11.913500 -4.560820 207.713000 1492.590000 -13 173 1 0 1.000000
-6.240050 -4.919270 0 -9.697630 -20.640900 220.017000 1492.590000 -13 174 1 0 1.000000
0.472112 -4.138500 0 -8.110580 13.558600 199.991000 1492.600000 -13 175 1 0 1.000000
0.144601 -0.704349 0 6.370580 11.256000 215.451000 1492.540000 -13 176 1 0 1.000000
6.371660 -2.556990 0 1.882330 13.132400 197.404000 1492.660000 -13 177 1 0 1.000000
0.370805 -0.698062 0 9.517270 -4.980660 189.249000 1492.640000 -13 178 1 0 1.000000
-0.399950 -3.276690 0 12.778500 5.212430 195.148000 1492.550000 -13 179 1 0 1.000000
0.998908 5.323150 0 -9.305930 8.558010 196.045000 1492.580000 -13 180 1 0 1.000000
0.507263 -2.016690 0 -22.110100 22.481800 189.967000 1492.670000 -13 181 1 0 1.000000
-3.343430 -6.860390 0 -3.361610 17.384900 201.932000 1492.670000 -13 182 1 0 1.000000
2.210530 -6.587420 0 28.803600 14.415000 198.243000 1492.590000 -13 183 1 0 1.000000
2.201010 -2.828990 0 6.946900 10.780700 189.150000 1492.530000 -13 184 1 0 1.000000
4.558480 -3.652200 0 -1.301540 -0.926647 209.914000 1492.440000 -13 185 1 0 1.000000
-7.331520 -6.120230 0 -2.952130 -4.540700 208.277000 1492.540000 -13 186 1 0 1.000000
-1.097090 0.610534 0 -0.172043 -10.279800 210.024000 1492.600000 -13 187 1 0 1.000000
-0.126395 0.241274 0 2.646790 6.781210 204.832000 1492.590000 -13 188 1 0 1.000000
1.594600 -3.082310 0 -23.934800 -10.080200 208.461000 1492.640000 -13 189 1 0 1.000000
-0.719543 3.571940 0 5.210410 -10.779400 188.788000 1492.660000 -13 190 1 0 1.000000
-4.121510 -10.116700 0 6.305380 -20.587500 203.495000 1492.580000 -13 191 1 0 1.000000
3.037030 -2.533030 0 -19.351600 10.451700 191.117000 1492.690000 -13 192 1 0 1.000000
-1.095290 -1.526390 0 -9.055950 -3.060350 194.790000 1492.500000 -13 193 1 0 1.000000
-0.653128 -4.385230 0 -10.874500 1.335520 197.827000 1492.640000 -13 194 1 0 1.000000
-3.181740 -3.580720 0 16.221100 -9.913080 195.591000 1492.720000 -13 195 1 0 1.000000
-4.758610 -2.411520 0 5.836650 -8.926460 203.534000 1492.470000 -13 196 1 0 1.000000
0.549356 2.538070 0 10.658200 -9.610940 212.054000 1492.610000 -13 197 1 0 1.000000
-3.099040 -3.422160 0 29.851300 31.177800 196.008000 1492.580000 -13 198 1 0 1.000000
-4.169310 4.799160 0 -0.612389 -13.429600 204.118000 1492.640000 -13 199 1 0 1.000000
0.456540 -1.839550 0 -0.996066 12.640900 198.166000 1492.540000 -13 200 1 0 1.000000
-1.241990 0.492948 0 5.404460 -3.152930 186.656000 1492.500000 -13 201 1 0 1.000000
-2.045340 -1.902940 0 2.674380 2.497640 210.189000 1492.640000 -13 202 1 0 1.000000
0.806980 -4.770800 0 -19.661700 -23.133900 197.972000 1492.410000 -13 203 1 0 1.000000
-8.079910 0.998188 0 -2.063370 4.212050 212.068000 1492.730000 -13 204 1 0 1.000000
0.009705 -1.088200 0 6.874080 4.448540 201.873000 1492.650000 -13 205 1 0 1.000000
0.833641 2.098420 0 -19.995800 -7.161070 208.230000 1492.640000 -13 206 1 0 1.000000
-5.886160 -3.397610 0 -2.987460 -15.395000 203.251000 1492.520000 -13 207 1 0 1.000000
1.298580 -3.934700 0 6.261730 -15.400400 185.502000 1492.530000 -13 208 1 0 1.000000
1.743350 -5.382640 0 10.822400 19.225400 197.599000 1492.700000 -13 209 1 0 1.000000
-2.943070 1.446380 0 8.322660 2.743770 208.134000 1492.680000 -13 210 1 0 1.000000
-2.206280 -0.438904 0 7.739380 0.972415 204.660000 1492.460000 -13 211 1 0 1.000000
1.351720 -0.499944 0 9.629860 -2.391980 208.834000 1492.520000 -13 212 1 0 1.000000
-6.706660 -0.789428 0 5.979480 -11.840700 201.141000 1492.490000 -13 213 1 0 1.000000
-3.506120 -1.164180 0 5.080450 -11.833900 209.017000 1492.720000 -13 214 1 0 1.000000
-0.146980 -0.623826 0 11.128200 9.031840 202.318000 1492.600000 -13 215 1 0 1.000000
-3.087880 -0.778636 0 14.713400 -6.409520 185.192000 1492.490000 -13 216 1 0 1.000000
-1.765070 -2.143660 0 6.238190 -1.514480 195.944000 1492.790000 -13 217 1 0 1.000000
1.748560 2.498850 0 -6.642190 4.927700 211.589000 1492.660000 -13 218 1 0 1.000000
-2.862110 -5.223270 0 12.059200 0.751066 203.005000 1492.500000 -13 219 1 0 1.000000
-4.112440 -5.687290 0 11.910300 10.980300 206.088000 1492.480000 -13 220 1 0 1.000000
1.154220 1.312690 0 -27.366500 -6.912150 200.761000 1492.650000 -13 221 1 0 1.000000
-0.254049 0.588472 0 -4.291490 -3.818550 207.706000 1492.510000 -13 222 1 0 1.000000
-2.254730 -1.623140 0 -0.623174 -23.888800 201.977000 1492.590000 -13 223 1 0 1.000000
1.259370 -1.028380 0 -4.279800 -16.563000 214.015000 1492.660000 -13 224 1 0 1.000000
-1.113850 -2.539330 0 22.928000 -7.185260 206.728000 1492.670000 -13 225 1 0 1.000000
-4.760610 -7.642160 0 -3.931750 3.631860 201.564000 1492.570000 -13 226 1 0 1.000000
0.440600 -4.688510 0 12.915700 8.462700 206.142000 1492.510000 -13 227 1 0 1.000000
-0.524392 -1.186670 0 -1.827130 -9.078890 191.602000 1492.530000 -13 228 1 0 1.000000
-3.207870 -1.426050 0 -7.253640 -27.062100 213.339000 1492.600000 -13 229 1 0 1.000000
-4.499630 -3.674910 0 18.555100 17.707900 205.715000 1492.630000 -13 230 1 0 1.000000
-0.617153 -2.108980 0 2.315080 7.981880 191.058000 1492.500000 -13 231 1 0 1.000000
0.638377 -1.168800 0 -12.647800 4.265150 204.153000 1492.500000 -13 232 1 0 1.000000
-4.244710 -5.839130 0 -17.726100 9.032020 217.860000 1492.740000 -13 233 1 0 1.000000
0.167221 -0.429630 0 18.879400 1.983470 197.531000 1492.710000 -13 234 1 0 1.000000
2.661910 -1.465490 0 16.950700 13.626600 205.645000 1492.760000 -13 235 1 0 1.000000
0.255230 -1.695660 0 6.820220 -3.510340 214.243000 1492.540000 -13 236 1 0 1.000000
-2.532480 -1.034210 0 -17.512100 30.040100 197.957000 1492.510000 -13 237 1 0 1.000000
4.334840 -0.762602 0 -0.509462 5.867580 194.398000 1492.460000 -13 238 1 0 1.000000
2.752090 -6.209030 0 -4.966560 0.842943 206.638000 1492.610000 -13 239 1 0 1.000000
0.252780 -3.904760 0 -0.332136 9.596550 213.854000 1492.550000 -13 240 1 0 1.000000
-4.328740 -6.406190 0 5.769570 2.064320 218.112000 1492.530000 -13 241 1 0 1.000000
-5.014830 2.755530 0 -6.349710 20.055800 196.575000 1492.680000 -13 242 1 0 1.000000
-6.075890 -3.406030 0 -14.872300 -6.573070 191.824000 1492.520000 -13 243 1 0 1.000000
-5.260780 -4.873770 0 14.911600 -19.089600 201.477000 1492.490000 -13 244 1 0 1.000000
0.235779 -1.861170 0 -26.575900 -16.769100 188.621000 1492.570000 -13 245 1 0 1.000000
-1.701690 -2.613880 0 6.099390 22.357100 203.560000 1492.560000 -13 246 1 0 1.000000
-1.162070 -1.877550 0 -7.752070 2.290810 205.964000 1492.590000 -13 247 1 0 1.000000
4.782290 -3.293940 0 -26.940500 -16.412800 199.703000 1492.680000 -13 248 1 0 1.000000
-4.448660 -4.013230 0 -28.170700 -34.171400 220.582000 1492.560000 -13 249 1 0 1.000000
-2.560540 -3.885180 0 2.276510 -18.345900 213.624000 1492.440000 -13 250 1 0 1.000000
-7.609220 -5.710540 0 4.425820 9.503620 214.369000 1492.700000 -13 251 1 0 1.000000
-6.342890 -1.159430 0 12.090400 -3.425650 213.196000 1492.630000 -13 252 1 0 1.000000
-5.381640 -4.174770 0 -9.889130 7.164480 200.232000 1492.720000 -13 253 1 0 1.000000
0.930331 -5.871840 0 19.466400 3.824710 204.379000 1492.690000 -13 254 1 0 1.000000
-0.494937 -3.714420 0 2.047590 20.673600 210.101000 1492.620000 -13 255 1 0 1.000000
0.667039 -0.403815 0 3.680980 -12.030400 193.876000 1492.570000 -13 256 1 0 1.000000
-4.053070 -6.462620 0 7.597650 -8.772180 203.776000 1492.480000 -13 257 1 0 1.000000
-10.309800 -2.190270 0 10.387100 5.987100 201.369000 1492.750000 -13 258 1 0 1.000000
-2.352260 -1.530200 0 -7.088390 3.294170 200.048000 1492.690000 -13 259 1 0 1.000000
0.194723 1.555520 0 0.260585 -3.745070 194.930000 1492.480000 -13 260 1 0 1.000000
-0.869468 -0.102612 0 -6.499080 2.021090 194.522000 1492.560000 -13 261 1 0 1.000000
-0.370514 0.613679 0 21.473000 -6.523330 223.296000 1492.540000 -13 262 1 0 1.000000
-0.361793 -8.300650 0 0.160133 8.556490 203.086000 1492.580000 -13 263 1 0 1.000000
-1.239020 -0.052793 0 -21.850600 -48.146500 228.058000 1492.770000 -13 264 1 0 1.000000
-1.523290 -6.930670 0 4.546070 -6.165930 198.833000 1492.670000 -13 265 1 0 1.000000
-1.009670 -2.732560 0 -10.186800 18.784600 210.640000 1492.670000 -13 266 1 0 1.000000
-2.643000 -5.178200 0 1.568770 -6.820070 207.788000 1492.660000 -13 267 1 0 1.000000
-2.870460 -1.443240 0 -10.104900 8.535770 197.822000 1492.680000 -13 268 1 0 1.000000
1.311190 -4.046930 0 -10.544300 -3.973670 187.667000 1492.690000 -13 269 1 0 1.000000
0.277618 -1.209290 0 20.144300 9.040970 195.147000 1492.510000 -13 270 1 0 1.000000
-3.007460 2.835600 0 -17.124200 5.803880 220.172000 1492.570000 -13 271 1 0 1.000000
6.129990 -5.108330 0 -30.163700 3.527420 199.411000 1492.570000 -13 272 1 0 1.000000
0.941037 -2.362180 0 -12.439100 10.410800 188.364000 1492.620000 -13 273 1 0 1.000000
-2.924150 -6.387060 0 -14.802300 -13.342400 213.304000 1492.610000 -13 274 1 0 1.000000
-3.101230 -0.025395 0 14.605700 18.655400 200.268000 1492.460000 -13 275 1 0 1.000000
0.840209 -0.874879 0 6.571180 -27.927300 191.565000 1492.570000 -13 276 1 0 1.000000
-2.869480 -1.014910 0 4.939730 3.840700 196.174000 1492.470000 -13 277 1 0 1.000000
-3.823320 2.556400 0 4.220440 -12.667400 198.404000 1492.630000 -13 278 1 0 1.000000
0.287689 -8.547570 0 0.511087 10.515000 190.026000 1492.590000 -13 279 1 0 1.000000
-4.332460 0.104966 0 -6.212990 10.706400 198.922000 1492.680000 -13 280 1 0 1.000000
-1.322730 -3.389950 0 -6.397860 14.185900 200.149000 1492.590000 -13 281 1 0 1.000000
1.486910 -6.093500 0 3.363920 1.683170 192.224000 1492.600000 -13 282 1 0 1.000000
-3.109110 -5.087540 0 -1.994260 -16.862000 205.834000 1492.450000 -13 283 1 0 1.000000
-4.754220 -6.012010 0 0.560337 -2.895180 209.570000 1492.540000 -13 284 1 0 1.000000
-1.812240 -5.974940 0 0.681000 2.380560 198.794000 1492.630000 -13 285 1 0 1.000000
-1.964240 7.197500 0 22.325800 -4.139750 194.465000 1492.500000 -13 286 1 0 1.000000
-3.048940 -7.114270 0 -9.111140 1.543500 200.363000 1492.450000 -13 287 1 0 1.000000
0.901833 -2.902740 0 3.704160 -22.733600 219.457000 1492.700000 -13 288 1 0 1.000000
-0.153233 -5.125010 0 -1.557840 21.837200 204.382000 1492.690000 -13 289 1 0 1.000000
-6.121690 -4.237750 0 -23.466300 -8.383690 217.369000 1492.540000 -13 290 1 0 1.000000
-4.344950 2.909680 0 5.166700 37.111500 211.651000 1492.610000 -13 291 1 0 1.000000
-5.008830 -3.537180 0 -2.448360 6.529000 208.426000 1492.710000 -13 292 1 0 1.000000
-1.728110 -0.602890 0 -12.898400 2.748700 209.613000 1492.480000 -13 293 1 0 1.000000
-1.875390 -1.031280 0 1.222280 14.241500 213.453000 1492.400000 -13 294 1 0 1.000000
-3.969970 -2.139290 0 5.741720 39.907800 229.297000 1492.540000 -13 295 1 0 1.000000
-1.854260 -1.589410 0 14.309600 -5.452780 190.560000 1492.520000 -13 296 1 0 1.000000
-2.383640 1.187760 0 12.044000 -0.310203 211.287000 1492.610000 -13 297 1 0 1.000000
-1.035120 -4.292820 0 -25.511900 -1.613530 193.758000 1492.450000 -13 298 1 0 1.000000
-2.699170 -9.394510 0 14.534800 14.528200 205.047000 1492.480000 -13 299 1 0 1.000000
-5.847940 -3.455620 0 -7.815980 -5.205090 205.188000 1492.510000 -13 300 1 0 1.000000
-6.539640 -1.636350 0 -4.750680 5.991220 211.617000 1492.660000 -13 301 1 0 1.000000
-7.494430 -2.203740 0 -22.712000 -1.963430 220.100000 1492.540000 -13 302 1 0 1.000000
2.137650 -3.725220 0 3.749130 -3.927560 210.986000 1492.480000 -13 303 1 0 1.000000
-1.365410 -6.404900 0 15.038700 40.428400 218.076000 1492.570000 -13 304 1 0 1.000000
-4.512720 4.199360 0 -18.791600 11.989700 191.133000 1492.590000 -13 305 1 0 1.000000
-1.412050 0.504582 0 -16.221300 -18.152000 193.477000 1492.650000 -13 306 1 0 1.000000
-3.138560 -3.152430 0 4.915600 12.908900 213.174000 1492.500000 -13 307 1 0 1.000000
-6.480740 -5.137460 0 4.682470 0.816032 215.988000 1492.550000 -13 308 1 0 1.000000
-6.554140 4.029510 0 -0.455294 -17.292000 190.018000 1492.590000 -13 309 1 0 1.000000
0.607947 -1.322420 0 3.148270 -31.362400 226.730000 1492.530000 -13 310 1 0 1.000000
-2.448370 -0.465072 0 -7.286310 -7.232170 198.392000 1492.540000 -13 311 1 0 1.000000
-7.695530 -2.119070 0 -10.320100 -19.461800 212.401000 1492.540000 -13 312 1 0 1.000000
0.947117 -1.380690 0 -4.793930 -4.792760 206.959000 1492.600000 -13 313 1 0 1.000000
-2.522460 -2.417900 0 -13.348300 23.974300 212.763000 1492.550000 -13 314 1 0 1.000000
-8.193730 1.201300 0 20.044600 -12.799400 201.518000 1492.700000 -13 315 1 0 1.000000
-2.962610 -2.036340 0 -0.973801 -6.659230 199.111000 1492.690000 -13 316 1 0 1.000000
-1.309040 -4.283870 0 14.585900 -11.006500 212.669000 1492.470000 -13 317 1 0 1.000000
-4.346790 2.614260 0 -8.582710 -11.384900 208.648000 1492.440000 -13 318 1 0 1.000000
3.527160 -2.391590 0 3.296540 23.196200 205.715000 1492.700000 -13 319 1 0 1.000000
-5.451290 -1.202570 0 -13.973100 -3.583590 198.652000 1492.660000 -13 320 1 0 1.000000
-1.833050 -5.899160 0 -9.383520 2.902790 212.282000 1492.600000 -13 321 1 0 1.000000
-7.176640 -1.608170 0 -5.135170 -13.917300 210.587000 1492.700000 -13 322 1 0 1.000000
-7.944340 -1.854480 0 -14.835500 10.580700 197.498000 1492.570000 -13 323 1 0 1.000000
-0.550186 -4.370010 0 -6.699120 -20.536900 210.622000 1492.730000 -13 324 1 0 1.000000
1.349660 -6.102110 0 11.198300 -16.186600 196.413000 1492.580000 -13 325 1 0 1.000000
0.999203 -4.470330 0 -4.769130 -9.179730 187.536000 1492.710000 -13 326 1 0 1.000000
-5.972610 -3.735090 0 -3.567040 9.911700 197.847000 1492.630000 -13 327 1 0 1.000000
-5.688550 -6.479800 0 10.839100 -16.591700 200.361000 1492.510000 -13 328 1 0 1.000000
1.201620 -4.091020 0 10.671800 -7.274880 197.421000 1492.770000 -13 329 1 0 1.000000
-3.337250 0.069884 0 -5.276810 -19.672800 201.314000 1492.680000 -13 330 1 0 1.000000
-5.783740 0.432130 0 19.735100 -25.951300 221.439000 1492.570000 -13 331 1 0 1.000000
0.483603 -0.700704 0 14.176100 -14.535600 184.861000 1492.540000 -13 332 1 0 1.000000
-4.338840 3.975140 0 14.008900 0.602535 203.509000 1492.550000 -13 333 1 0 1.000000
-0.310719 -3.737660 0 25.211100 14.498600 205.134000 1492.580000 -13 334 1 0 1.000000
0.794447 -6.061860 0 0.572062 4.513270 203.253000 1492.680000 -13 335 1 0 1.000000
7.913210 -0.762742 0 -9.989650 1.893530 195.583000 1492.650000 -13 336 1 0 1.000000
-5.942670 -3.334200 0 1.530240 3.980120 204.300000 1492.600000 -13 337 1 0 1.000000
-1.353570 0.951162 0 0.264773 2.884670 196.350000 1492.650000 -13 338 1 0 1.000000
-4.221040 -4.473330 0 -13.688400 11.207700 201.801000 1492.570000 -13 339 1 0 1.000000
-2.977020 4.229960 0 10.806400 -9.425090 195.760000 1492.490000 -13 340 1 0 1.000000
-2.555790 -6.371420 0 26.195000 -1.342920 202.812000 1492.550000 -13 341 1 0 1.000000
-3.919920 -5.711700 0 6.655940 -12.493400 195.933000 1492.630000 -13 342 1 0 1.000000
-3.542220 2.989370 0 -8.972300 11.379700 200.989000 1492.640000 -13 343 1 0 1.000000
2.192030 -3.646450 0 13.543100 -2.641600 200.337000 1492.540000 -13 344 1 0 1.000000
-4.118420 -0.161687 0 -6.329050 -19.327300 229.541000 1492.660000 -13 345 1 0 1.000000
-2.470140 -9.223390 0 -5.766490 5.024540 199.342000 1492.590000 -13 346 1 0 1.000000
-0.601962 -5.990410 0 -2.075010 -11.223500 217.672000 1492.630000 -13 347 1 0 1.000000
-0.440264 4.189060 0 4.266370 -17.508700 203.527000 1492.570000 -13 348 1 0 1.000000
-1.685710 -0.303105 0 10.256500 -4.493960 199.492000 1492.640000 -13 349 1 0 1.000000
-5.494410 -0.888058 0 0.968350 -5.422810 205.661000 1492.680000 -13 350 1 0 1.000000
-1.327610 -6.753890 0 27.420200 -4.076490 199.234000 1492.710000 -13 351 1 0 1.000000
-2.879650 -0.982817 0 18.396900 2.640820 206.983000 1492.650000 -13 352 1 0 1.000000
-3.776310 -5.202300 0 13.422800 11.864900 194.461000 1492.580000 -13 353 1 0 1.000000
0.926561 -3.174270 0 -9.808170 15.709900 188.156000 1492.660000 -13 354 1 0 1.000000
0.005340 -6.728610 0 8.409350 1.769420 206.091000 1492.610000 -13 355 1 0 1.000000
-5.536320 -5.634920 0 11.750100 2.831040 213.770000 1492.480000 -13 356 1 0 1.000000
-9.098310 0.082606 0 -5.817130 25.082900 205.572000 1492.520000 -13 357 1 0 1.000000
-3.634470 -7.550470 0 -14.261600 20.495900 208.628000 1492.600000 -13 358 1 0 1.000000
-2.077280 -0.021789 0 -7.781780 22.062200 198.377000 1492.660000 -13 359 1 0 1.000000
-0.511983 0.628018 0 6.850790 -3.638020 219.867000 1492.460000 -13 360 1 0 1.000000
3.429130 -5.710970 0 1.194870 19.033900 212.537000 1492.480000 -13 361 1 0 1.000000
3.218280 5.989630 0 -0.634656 12.715500 216.258000 1492.510000 -13 362 1 0 1.000000
-6.347790 -7.980600 0 9.683120 0.488670 208.919000 1492.690000 -13 363 1 0 1.000000
-0.792454 -0.663450 0 -15.001700 5.884350 188.753000 1492.620000 -13 364 1 0 1.000000
-0.544127 -10.045300 0 2.881620 -11.288800 200.328000 1492.510000 -13 365 1 0 1.000000
3.941300 -0.329415 0 17.348400 6.402250 190.918000 1492.560000 -13 366 1 0 1.000000
-1.169510 -4.236240 0 3.112090 -12.319600 188.534000 1492.660000 -13 367 1 0 1.000000
0.004549 -3.175880 0 12.110700 14.548400 194.921000 1492.510000 -13 368 1 0 1.000000
2.752460 2.260870 0 -16.774900 15.548800 203.326000 1492.730000 -13 369 1 0 1.000000
0.493007 2.798850 0 -5.807380 17.200300 196.028000 1492.520000 -13 370 1 0 1.000000
-0.773399 -5.710770 0 4.688710 -9.615550 209.916000 1492.480000 -13 371 1 0 1.000000
-3.134710 -0.794341 0 20.868300 5.020840 214.184000 1492.710000 -13 372 1 0 1.000000
-0.313215 -7.628440 0 26.386200 3.050340 205.042000 1492.650000 -13 373 1 0 1.000000
2.282260 1.985970 0 -13.086400 8.209840 211.954000 1492.590000 -13 374 1 0 1.000000
-3.266430 -3.590110 0 7.417560 0.138065 228.613000 1492.490000 -13 375 1 0 1.000000
0.607482 -4.474890 0 4.094950 -3.203290 192.152000 1492.670000 -13 376 1 0 1.000000
-0.398405 0.551767 0 -15.949400 19.451600 202.521000 1492.730000 -13 377 1 0 1.000000
2.892560 -5.592910 0 -8.619870 7.125700 204.481000 1492.530000 -13 378 1 0 1.000000
-2.014210 -3.393300 0 -2.012740 -23.020100 212.986000 1492.650000 -13 379 1 0 1.000000
-5.306080 4.075540 0 -7.158220 -11.541700 222.268000 1492.760000 -13 380 1 0 1.000000
-6.269150 -2.702750 0 0.918663 28.797500 213.180000 1492.520000 -13 381 1 0 1.000000
-5.527670 -8.142840 0 10.616000 13.606300 199.814000 1492.690000 -13 382 1 0 1.000000
-2.085090 -3.442660 0 5.562180 -2.035650 183.733000 1492.670000 -13 383 1 0 1.000000
-2.956290 -1.332050 0 13.470600 14.366300 224.936000 1492.540000 -13 384 1 0 1.000000
-8.496970 2.734930 0 -5.803980 -0.647665 208.507000 1492.440000 -13 385 1 0 1.000000
-8.355440 0.259476 0 6.259960 -21.241600 204.860000 1492.690000 -13 386 1 0 1.000000
-5.371920 -1.718810 0 0.653392 -12.821900 208.850000 1492.580000 -13 387 1 0 1.000000
1.622490 -3.911590 0 -10.984400 7.737280 199.395000 1492.570000 -13 388 1 0 1.000000
-9.483480 -1.244970 0 25.289200 -1.074880 194.948000 1492.660000 -13 389 1 0 1.000000
-0.269952 3.449710 0 -15.121800 -14.346300 194.997000 1492.680000 -13 390 1 0 1.000000
-1.387420 2.367520 0 17.488100 8.329390 196.901000 1492.560000 -13 391 1 0 1.000000
-9.561210 -0.866552 0 -4.037550 8.903030 214.448000 1492.550000 -13 392 1 0 1.000000
2.719670 1.010130 0 -4.381350 -6.500760 203.068000 1492.570000 -13 393 1 0 1.000000
0.429258 -2.981620 0 10.168800 -16.555800 205.204000 1492.610000 -13 394 1 0 1.000000
-2.973310 -2.620360 0 -40.057200 0.493602 200.190000 1492.480000 -13 395 1 0 1.000000
-2.348050 -3.291090 0 8.290980 -9.457050 193.868000 1492.540000 -13 396 1 0 1.000000
-4.985350 -1.046930 0 5.875990 -0.614330 212.234000 1492.630000 -13 397 1 0 1.000000
-0.504456 -1.608880 0 0.511454 19.061100 208.839000 1492.700000 -13 398 1 0 1.000000
-1.345560 -0.884968 0 -14.165200 -10.763200 209.267000 1492.570000 -13 399 1 0 1.000000
-1.006850 -4.155500 0 -17.295600 15.651900 222.936000 1492.660000 -13 400 1 0 1.000000
3.021460 -0.693216 0 17.638000 21.831600 218.406000 1492.480000 -13 401 1 0 1.000000
1.598810 -2.523720 0 2.391270 17.952200 197.662000 1492.600000 -13 402 1 0 1.000000
-4.477420 1.608630 0 -10.359500 -9.565260 191.634000 1492.700000 -13 403 1 0 1.000000
-3.917250 -6.159220 0 11.897600 -3.704610 196.871000 1492.570000 -13 404 1 0 1.000000
6.667200 -0.034642 0 -16.645500 -8.893640 203.750000 1492.630000 -13 405 1 0 1.000000
-5.185530 -2.025570 0 3.487870 9.943820 203.742000 1492.500000 -13 406 1 0 1.000000
1.102390 -4.279900 0 -14.636900 0.466769 201.765000 1492.610000 -13 407 1 0 1.000000
-4.165460 0.111510 0 8.572410 -25.262600 207.565000 1492.540000 -13 408 1 0 1.000000
-1.948480 7.239190 0 27.749800 15.121100 211.592000 1492.550000 -13 409 1 0 1.000000
-4.840530 -5.039000 0 -1.558190 1.374220 216.871000 1492.660000 -13 410 1 0 1.000000
-3.662800 1.761680 0 -1.568520 -6.544660 197.245000 1492.730000 -13 411 1 0 1.000000
1.791320 -1.805400 0 27.029900 -4.120000 212.349000 1492.560000 -13 412 1 0 1.000000
-1.619370 -0.533987 0 11.897500 -15.504800 196.262000 1492.410000 -13 413 1 0 1.000000
-0.013341 -5.783780 0 -12.547400 8.023730 205.044000 1492.640000 -13 414 1 0 1.000000
0.901305 -1.262150 0 30.272600 -8.228350 223.415000 1492.500000 -13 415 1 0 1.000000
-5.488150 -3.523570 0 16.347000 -16.270000 206.591000 1492.610000 -13 416 1 0 1.000000
1.662680 -2.698260 0 0.093598 4.179190 199.907000 1492.620000 -13 417 1 0 1.000000
3.720230 -4.965210 0 5.828800 -5.016940 215.455000 1492.580000 -13 418 1 0 1.000000
0.232779 -8.925000 0 19.730200 18.834200 199.205000 1492.750000 -13 419 1 0 1.000000
-1.069370 1.390030 0 -20.557600 -5.452850 194.754000 1492.610000 -13 420 1 0 1.000000
1.624490 -7.913160 0 -9.089000 13.589100 200.213000 1492.660000 -13 421 1 0 1.000000
-1.927800 -3.257570 0 7.316960 10.657400 212.046000 1492.750000 -13 422 1 0 1.000000
-4.565170 1.152250 0 8.592090 4.095550 208.413000 1492.650000 -13 423 1 0 1.000000
-3.317210 -3.900150 0 13.147800 10.726900 229.065000 1492.530000 -13 424 1 0 1.000000
-3.569140 -7.247640 0 7.604340 7.059260 210.813000 1492.470000 -13 425 1 0 1.000000
0.361879 3.425080 0 -10.246300 10.838200 215.123000 1492.640000 -13 426 1 0 1.000000
-1.894830 -0.610326 0 1.801630 6.647430 220.523000 1492.530000 -13 427 1 0 1.000000
-0.093788 0.231046 0 -8.794220 1.949050 219.134000 1492.510000 -13 428 1 0 1.000000
3.278760 -1.868150 0 -3.696450 -2.241600 196.009000 1492.590000 -13 429 1 0 1.000000
-1.689640 3.753400 0 -22.385800 -12.474400 206.304000 1492.660000 -13 430 1 0 1.000000
-3.944450 -4.751680 0 0.045305 -5.187370 204.754000 1492.480000 -13 431 1 0 1.000000
-2.792460 -0.262932 0 12.366000 -16.192700 200.890000 1492.480000 -13 432 1 0 1.000000
-0.972901 0.892131 0 -5.776410 15.182100 216.660000 1492.600000 -13 433 1 0 1.000000
-4.713890 -0.062865 0 -11.472600 -5.660560 209.038000 1492.660000 -13 434 1 0 1.000000
-2.013050 -2.442940 0 23.522700 0.674033 204.225000 1492.620000 -13 435 1 0 1.000000
-4.098590 -6.350780 0 -7.330690 -9.113100 194.441000 1492.580000 -13 436 1 0 1.000000
-1.924590 1.893130 0 9.312860 6.750150 219.310000 1492.520000 -13 437 1 0 1.000000
0.598256 0.233495 0 6.604510 -3.528610 195.204000 1492.540000 -13 438 1 0 1.000000
-4.449690 -3.863270 0 16.939300 -10.995700 194.226000 1492.690000 -13 439 1 0 1.000000
-4.041040 -1.099260 0 14.556600 0.143967 211.456000 1492.540000 -13 440 1 0 1.000000
0.522378 -2.074020 0 9.666640 26.938600 199.572000 1492.640000 -13 441 1 0 1.000000
-0.541983 2.958540 0 -5.212270 2.070810 204.760000 1492.540000 -13 442 1 0 1.000000
-1.145110 3.274910 0 -3.226240 -1.730340 197.145000 1492.620000 -13 443 1 0 1.000000
-0.753658 -0.660585 0 -25.610200 -21.853800 194.905000 1492.640000 -13 444 1 0 1.000000
-5.289820 -8.087860 0 9.856920 -1.616840 199.347000 1492.660000 -13 445 1 0 1.000000
-7.614090 -3.043670 0 6.911620 -2.790330 210.303000 1492.520000 -13 446 1 0 1.000000
7.127000 2.206550 0 -1.637100 -11.414000 219.640000 1492.660000 -13 447 1 0 1.000000
-5.046390 -2.875910 0 -3.378540 -3.544920 206.013000 1492.440000 -13 448 1 0 1.000000
-6.032130 0.925160 0 0.369673 -14.149100 193.708000 1492.580000 -13 449 1 0 1.000000
-0.097773 -7.718150 0 29.802700 -7.108040 208.193000 1492.490000 -13 450 1 0 1.000000
-0.882876 -1.199760 0 -6.759000 -16.458100 213.639000 1492.570000 -13 451 1 0 1.000000
-5.926470 -2.181430 0 2.202080 8.444860 198.379000 1492.660000 -13 452 1 0 1.000000
-12.114600 -3.505570 0 3.782330 -2.544270 206.672000 1492.490000 -13 453 1 0 1.000000
-2.097010 -3.807030 0 0.803990 10.267300 195.087000 1492.660000 -13 454 1 0 1.000000
-2.677590 -0.873087 0 27.068900 17.500000 200.600000 1492.720000 -13 455 1 0 1.000000
0.203314 -3.520420 0 1.407490 -22.080400 194.142000 1492.520000 -13 456 1 0 1.000000
-4.296230 -1.708170 0 2.333930 -7.090250 204.955000 1492.590000 -13 457 1 0 1.000000
-0.208980 -0.217435 0 -21.873000 -13.915800 233.788000 1492.510000 -13 458 1 0 1.000000
4.145520 0.155454 0 -1.697830 -33.235700 195.914000 1492.660000 -13 459 1 0 1.000000
-7.215800 5.270400 0 10.738600 -17.419900 196.948000 1492.650000 -13 460 1 0 1.000000
-3.036130 3.590190 0 18.148500 -10.234800 199.535000 1492.600000 -13 461 1 0 1.000000
-4.873230 1.461990 0 16.478900 20.844600 213.629000 1492.580000 -13 462 1 0 1.000000
-2.373680 -1.916670 0 -7.073960 -14.892400 198.207000 1492.560000 -13 463 1 0 1.000000
0.289742 -5.867430 0 -5.336870 5.026280 201.598000 1492.620000 -13 464 1 0 1.000000
1.539040 -2.225040 0 34.797800 9.372640 201.368000 1492.700000 -13 465 1 0 1.000000
2.172580 -2.858940 0 11.634300 -15.129200 206.150000 1492.620000 -13 466 1 0 1.000000
-2.969970 -2.061090 0 -6.267060 10.110500 203.208000 1492.760000 -13 467 1 0 1.000000
-2.196980 -6.123440 0 9.664650 17.618200 199.462000 1492.650000 -13 468 1 0 1.000000
4.380600 -4.261010 0 -14.288900 -1.710960 215.550000 1492.650000 -13 469 1 0 1.000000
-0.842823 -10.797000 0 -6.365260 1.490230 220.612000 1492.640000 -13 470 1 0 1.000000
-5.581180 -2.319740 0 -10.943400 14.353200 198.767000 1492.540000 -13 471 1 0 1.000000
-6.224500 -2.290610 0 5.940810 13.205800 204.214000 1492.700000 -13 472 1 0 1.000000
-5.260470 0.918140 0 6.528220 -24.483500 205.521000 1492.430000 -13 473 1 0 1.000000
-4.453960 -2.790020 0 -2.728920 4.416090 204.278000 1492.520000 -13 474 1 0 1.000000
-1.786270 -0.894160 0 1.660060 8.276190 202.875000 1492.540000 -13 475 1 0 1.000000
-3.616100 -3.547420 0 -16.367000 16.705200 192.901000 1492.670000 -13 476 1 0 1.000000
0.183832 -0.617077 0 2.948730 -0.920750 191.765000 1492.600000 -13 477 1 0 1.000000
-1.268740 -6.872470 0 9.784850 -4.046840 208.793000 1492.610000 -13 478 1 0 1.000000
-4.853780 -5.608140 0 9.359670 -12.145400 208.448000 1492.750000 -13 479 1 0 1.000000
-5.313530 -4.277430 0 3.065870 -13.861100 198.031000 1492.630000 -13 480 1 0 1.000000
-3.497070 -6.058700 0 9.691460 -11.279400 199.067000 1492.550000 -13 481 1 0 1.000000
1.717910 2.806020 0 15.300800 -4.993860 198.641000 1492.520000 -13 482 1 0 1.000000
-3.746010 -1.582150 0 5.635380 -17.997900 202.117000 1492.460000 -13 483 1 0 1.000000
-0.418436 -4.369250 0 7.334060 22.412800 211.183000 1492.640000 -13 484 1 0 1.000000
-3.402690 -1.962570 0 -6.753210 -7.981790 222.167000 1492.600000 -13 485 1 0 1.000000
-1.111990 -5.273530 0 -0.101760 13.640200 204.710000 1492.630000 -13 486 1 0 1.000000
-3.939530 -0.635256 0 -0.187609 -9.885600 202.372000 1492.550000 -13 487 1 0 1.000000
0.128772 -5.586410 0 -36.826900 5.568870 212.187000 1492.540000 -13 488 1 0 1.000000
0.342261 -0.870068 0 6.557480 -15.643900 200.697000 1492.640000 -13 489 1 0 1.000000
-1.255090 -4.206260 0 7.936550 7.079680 205.629000 1492.630000 -13 490 1 0 1.000000
-5.503360 5.848640 0 -28.162700 8.533560 208.996000 1492.630000 -13 491 1 0 1.000000
-2.504200 -0.095749 0 -18.748400 2.928280 203.401000 1492.550000 -13 492 1 0 1.000000
2.067100 -2.317750 0 -21.876600 10.113700 202.658000 1492.600000 -13 493 1 0 1.000000
1.345850 2.917990 0 4.485090 -7.548680 201.063000 1492.710000 -13 494 1 0 1.000000
-3.153050 4.098090 0 -9.137730 2.341440 202.519000 1492.670000 -13 495 1 0 1.000000
-1.501630 2.756720 0 19.447900 -15.067000 208.537000 1492.550000 -13 496 1 0 1.000000
3.791650 -0.131639 0 -7.613570 29.740700 192.214000 1492.520000 -13 497 1 0 1.000000
3.219350 -6.214510 0 5.632870 -17.560000 223.401000 1492.510000 -13 498 1 0 1.000000
-1.278800 -2.688090 0 -18.457800 -4.647170 187.334000 1492.550000 -13 499 1 0 1.000000
-3.246250 3.199250 0 13.086600 -14.405500 208.938000 1492.570000 -13 500 1 0 1.000000
-4.034300 -0.592077 0 -2.692420 -11.577800 211.721000 1492.660000 -13 501 1 0 1.000000
-7.153010 1.820430 0 -12.109200 18.188300 201.412000 1492.620000 -13 502 1 0 1.000000
-1.590810 -3.600890 0 -2.516490 14.524000 197.564000 1492.570000 -13 503 1 0 1.000000
1.034820 -1.852050 0 -14.337500 20.525600 200.215000 1492.580000 -13 504 1 0 1.000000
-0.225860 -6.302250 0 17.019100 -6.619080 194.312000 1492.600000 -13 505 1 0 1.000000
-0.344669 1.082340 0 4.805700 16.619800 195.130000 1492.680000 -13 506 1 0 1.000000
-0.390887 -4.438340 0 -12.967600 14.969400 196.659000 1492.550000 -13 507 1 0 1.000000
-3.534610 -1.795360 0 -1.432000 -6.626460 183.258000 1492.550000 -13 508 1 0 1.000000
0.948072 -0.514783 0 -21.727500 -12.745500 207.066000 1492.670000 -13 509 1 0 1.000000
-2.435770 -3.349910 0 10.265600 6.205900 188.796000 1492.590000 -13 510 1 0 1.000000
1.943780 1.362860 0 -24.725100 -2.406270 222.619000 1492.630000 -13 511 1 0 1.000000
5.653020 -5.180250 0 -13.846000 7.975650 203.646000 1492.610000 -13 512 1 0 1.000000
-3.932170 -5.093950 0 2.799570 -43.333600 212.013000 1492.530000 -13 513 1 0 1.000000
2.411050 0.022894 0 1.773430 -13.835900 199.535000 1492.530000 -13 514 1 0 1.000000
-3.294140 -3.305540 0 -9.191940 -6.240710 203.184000 1492.660000 -13 515 1 0 1.000000
-0.421137 -1.244520 0 -0.971000 -19.313400 202.290000 1492.600000 -13 516 1 0 1.000000
-4.987290 -2.018970 0 -9.162590 -16.791700 204.670000 1492.700000 -13 517 1 0 1.000000
-5.509870 -6.333810 0 -13.973500 -6.500530 205.618000 1492.590000 -13 518 1 0 1.000000
5.134420 3.734520 0 2.944400 4.843170 203.019000 1492.780000 -13 519 1 0 1.000000
-1.405060 -9.672220 0 4.647960 12.573600 195.353000 1492.530000 -13 520 1 0 1.000000
1.489160 0.962639 0 5.466020 11.521200 217.275000 1492.570000 -13 521 1 0 1.000000
1.026050 -3.958160 0 -13.482500 -5.034250 205.090000 1492.510000 -13 522 1 0 1.000000
-1.741590 -3.128390 0 -19.293600 19.640200 219.992000 1492.630000 -13 523 1 0 1.000000
-2.435900 -5.425020 0 9.671710 5.571320 197.011000 1492.550000 -13 524 1 0 1.000000
-1.647950 -4.632750 0 7.666340 -8.618420 188.957000 1492.640000 -13 525 1 0 1.000000
-6.624690 -4.875460 0 -1.060990 -23.301100 214.810000 1492.620000 -13 526 1 0 1.000000
-5.735920 4.571170 0 -4.079290 15.507200 217.886000 1492.480000 -13 527 1 0 1.000000
-2.172140 -0.841306 0 1.690930 -0.487051 196.436000 1492.680000 -13 528 1 0 1.000000
-8.415070 -0.596781 0 -14.733700 -3.273440 216.767000 1492.440000 -13 529 1 0 1.000000
-2.190620 1.247800 0 -0.406384 0.528790 210.166000 1492.490000 -13 530 1 0 1.000000
-4.151100 -1.187210 0 -40.430500 5.155330 217.469000 1492.480000 -13 531 1 0 1.000000
2.952430 -1.917220 0 3.700830 -15.482300 198.576000 1492.650000 -13 532 1 0 1.000000
-2.007290 -1.383520 0 5.996830 6.833240 206.503000 1492.580000 -13 533 1 0 1.000000
0.254820 -7.405880 0 -7.643320 10.716900 184.167000 1492.590000 -13 534 1 0 1.000000
0.067105 -0.170668 0 16.173900 -1.085210 205.486000 1492.620000 -13 535 1 0 1.000000
0.436318 -2.532270 0 -9.663370 14.940000 199.961000 1492.630000 -13 536 1 0 1.000000
2.026410 0.600934 0 3.500460 13.525400 192.677000 1492.560000 -13 537 1 0 1.000000
-3.297560 -4.674280 0 -2.593980 -2.322780 195.160000 1492.600000 -13 538 1 0 1.000000
-1.466000 -1.269620 0 10.557100 -17.860900 199.101000 1492.550000 -13 539 1 0 1.000000
-2.513130 -5.470310 0 3.347930 16.889800 199.890000 1492.580000 -13 540 1 0 1.000000
7.488990 -9.098560 0 -3.012490 3.503140 198.609000 1492.520000 -13 541 1 0 1.000000
-6.451240 0.105443 0 10.300000 -4.914000 206.928000 1492.740000 -13 542 1 0 1.000000
-1.716750 -4.868540 0 5.460180 -2.876060 190.414000 1492.580000 -13 543 1 0 1.000000
4.641720 -5.819910 0 28.698800 -9.793360 210.962000 1492.460000 -13 544 1 0 1.000000
1.153040 1.614430 0 16.147100 -12.284500 207.183000 1492.650000 -13 545 1 0 1.000000
0.000498 0.175843 0 -11.924400 6.559970 194.400000 1492.600000 -13 546 1 0 1.000000
-0.555498 -6.944790 0 21.055700 21.309400 212.017000 1492.740000 -13 547 1 0 1.000000
-0.523081 -4.366870 0 13.428000 1.508890 192.118000 1492.600000 -13 548 1 0 1.000000
-0.827442 -0.443093 0 -16.309400 2.339430 206.941000 1492.700000 -13 549 1 0 1.000000
2.049040 -1.273970 0 -5.110820 6.596050 211.716000 1492.480000 -13 550 1 0 1.000000
1.273450 -3.514230 0 -2.565190 1.891540 198.156000 1492.480000 -13 551 1 0 1.000000
0.188071 6.030350 0 -4.339430 -0.435338 196.046000 1492.470000 -13 552 1 0 1.000000
-1.595270 1.576870 0 -18.978200 21.407400 227.965000 1492.570000 -13 553 1 0 1.000000
-3.942460 -8.194470 0 -10.248000 5.086310 210.435000 1492.460000 -13 554 1 0 1.000000
-2.130290 -2.202990 0 15.127100 15.652000 215.372000 1492.450000 -13 555 1 0 1.000000
2.611760 -6.013830 0 11.731200 -11.987200 220.761000 1492.620000 -13 556 1 0 1.000000
5.296140 -4.347560 0 25.964700 -3.692740 198.534000 1492.500000 -13 557 1 0 1.000000
3.365620 -0.775780 0 -2.735010 17.695900 194.157000 1492.530000 -13 558 1 0 1.000000
-2.555910 -2.494240 0 2.752000 29.453600 196.226000 1492.710000 -13 559 1 0 1.000000
-3.627080 -5.229170 0 -1.837010 -5.905380 205.107000 1492.510000 -13 560 1 0 1.000000
-3.987050 0.513593 0 -5.206350 29.626800 212.719000 1492.550000 -13 561 1 0 1.000000
0.822844 -3.629470 0 -1.394080 2.469060 210.720000 1492.480000 -13 562 1 0 1.000000
-3.118790 -3.112490 0 -10.688100 25.330700 190.538000 1492.670000 -13 563 1 0 1.000000
-2.033750 -6.648330 0 -6.115470 14.194800 187.272000 1492.510000 -13 564 1 0 1.000000
-2.859940 1.131680 0 -2.791600 7.880510 192.744000 1492.520000 -13 565 1 0 1.000000
-7.321500 -3.984420 0 26.276500 -17.180100 208.166000 1492.690000 -13 566 1 0 1.000000
-0.327266 -1.779660 0 -4.049150 7.575210 203.564000 1492.510000 -13 567 1 0 1.000000
-0.447331 -3.563150 0 3.380970 -5.641390 208.565000 1492.480000 -13 568 1 0 1.000000
0.585299 2.737750 0 -14.855100 0.680851 212.916000 1492.640000 -13 569 1 0 1.000000
-1.705910 -3.030630 0 -14.431600 1.357280 204.357000 1492.680000 -13 570 1 0 1.000000
1.808780 -5.124430 0 -8.348860 11.185000 187.053000 1492.530000 -13 571 1 0 1.000000
2.271690 -3.844020 0 -6.014580 3.328450 183.157000 1492.530000 -13 572 1 0 1.000000
1.816030 -3.897540 0 -20.694200 19.601000 195.337000 1492.570000 -13 573 1 0 1.000000
-0.607943 -5.930400 0 -17.223500 -3.811120 213.274000 1492.660000 -13 574 1 0 1.000000
4.597790 -5.578460 0 0.350129 3.984000 194.876000 1492.550000 -13 575 1 0 1.000000
0.920439 1.952160 0 4.253010 0.770653 200.234000 1492.700000 -13 576 1 0 1.000000
2.658820 -2.965190 0 6.188100 -6.151810 200.935000 1492.400000 -13 577 1 0 1.000000
2.077730 -7.199060 0 -1.054450 -12.589300 199.882000 1492.670000 -13 578 1 0 1.000000
0.388762 -5.165780 0 14.249500 0.617214 199.091000 1492.530000 -13 579 1 0 1.000000
1.466610 -2.879060 0 -12.263300 -5.871440 209.464000 1492.730000 -13 580 1 0 1.000000
1.770390 0.453359 0 -9.390000 6.849230 191.126000 1492.600000 -13 581 1 0 1.000000
-4.287340 -2.208900 0 12.517400 -1.597740 195.295000 1492.640000 -13 582 1 0 1.000000
-7.096740 -1.968780 0 11.076600 -19.165200 202.687000 1492.520000 -13 583 1 0 1.000000
-5.038820 -4.432690 0 -8.809430 -15.430300 216.201000 1492.590000 -13 584 1 0 1.000000
0.932480 -1.274910 0 -8.704740 6.320020 215.775000 1492.500000 -13 585 1 0 1.000000
-3.322790 -2.048760 0 -4.876920 -3.798730 188.408000 1492.650000 -13 586 1 0 1.000000
-0.401223 -1.905190 0 -3.144610 -0.888099 201.153000 1492.560000 -13 587 1 0 1.000000
-1.392470 -5.010910 0 -11.020600 23.366100 200.955000 1492.510000 -13 588 1 0 1.000000
-0.199423 -2.318700 0 -11.806200 2.637740 192.254000 1492.570000 -13 589 1 0 1.000000
