#BLTrackFile solenoid_cooling_channel
#x y z Px Py Pz t PDGid EvNum TrkId Parent weight
-5.455090 -7.138310 0 0.000000 0.000000 203.000000 1037.230000 -13 1 1 0 1.000000
-15.364700 -25.069500 0 -0.434582 1.125160 209.698000 1037.570000 -13 2 1 0 1.000000
-5.988240 -16.610500 0 -16.154100 -8.506590 209.138000 1037.730000 -13 3 1 0 1.000000
1.509220 9.934670 0 -2.522480 -1.403340 216.167000 1037.220000 -13 4 1 0 1.000000
-4.787760 -17.320700 0 8.657180 14.837900 194.660000 1037.700000 -13 5 1 0 1.000000
-14.802700 -28.521100 0 8.750970 -1.651280 203.219000 1037.580000 -13 6 1 0 1.000000
10.440800 5.060390 0 -17.372700 -18.006200 200.351000 1037.520000 -13 7 1 0 1.000000
-12.673800 28.375800 0 1.400290 6.650800 205.803000 1037.300000 -13 8 1 0 1.000000
-4.838360 -2.215210 0 -1.789530 -8.633430 224.802000 1037.560000 -13 9 1 0 1.000000
-3.752040 -11.110700 0 -26.652800 -26.917300 222.211000 1037.610000 -13 10 1 0 1.000000
1.184450 -16.237800 0 -3.528770 -0.862795 212.575000 1037.750000 -13 11 1 0 1.000000
-18.801600 -1.077790 0 -10.415800 -0.718276 224.808000 1037.580000 -13 12 1 0 1.000000
-6.410170 -8.155730 0 -19.519600 -9.189220 200.097000 1037.400000 -13 13 1 0 1.000000
-23.825700 -2.474620 0 6.284180 -0.376017 203.010000 1037.570000 -13 14 1 0 1.000000
18.953500 -7.727250 0 -14.797900 -3.223840 202.096000 1037.490000 -13 15 1 0 1.000000
-36.831600 -10.010900 0 33.002600 3.654610 223.579000 1037.700000 -13 16 1 0 1.000000
-2.749850 -11.272600 0 12.167300 -18.738900 210.187000 1037.630000 -13 17 1 0 1.000000
2.359560 1.921320 0 -17.797100 -7.681150 187.860000 1037.550000 -13 18 1 0 1.000000
-6.744640 3.951590 0 -19.078800 -8.145930 230.916000 1037.490000 -13 19 1 0 1.000000
1.244960 -6.948850 0 -11.765500 1.596350 200.570000 1037.710000 -13 20 1 0 1.000000
-0.158460 -7.153290 0 36.932600 -5.556640 212.393000 1037.730000 -13 21 1 0 1.000000
-15.655200 -37.332400 0 14.016600 25.763300 221.864000 1037.510000 -13 22 1 0 1.000000
-2.095900 -0.934811 0 -1.903890 -11.500200 198.387000 1037.700000 -13 23 1 0 1.000000
-15.691500 0.123968 0 1.082810 17.676700 216.294000 1037.460000 -13 24 1 0 1.000000
-9.262070 -15.773900 0 13.832900 -3.762920 199.652000 1037.450000 -13 25 1 0 1.000000
-11.392800 8.264080 0 4.268100 -1.833190 210.550000 1037.530000 -13 26 1 0 1.000000
-2.853540 -0.565773 0 32.575400 -42.405600 211.842000 1037.500000 -13 27 1 0 1.000000
-19.285700 -24.640900 0 -3.913610 -9.678690 203.916000 1037.510000 -13 28 1 0 1.000000
-9.307400 -1.073090 0 -11.832900 23.375800 218.017000 1037.490000 -13 29 1 0 1.000000
0.860649 2.670360 0 9.678820 4.701530 214.487000 1037.550000 -13 30 1 0 1.000000
-13.474200 4.638290 0 24.832600 4.109970 224.939000 1037.530000 -13 31 1 0 1.000000
-11.587900 -7.659370 0 -4.015410 -4.743530 222.175000 1037.490000 -13 32 1 0 1.000000
-0.027450 7.123150 0 -11.155700 -9.224500 228.849000 1037.490000 -13 33 1 0 1.000000
6.452230 3.476940 0 19.882500 -3.629360 205.048000 1037.460000 -13 34 1 0 1.000000
-3.401530 -11.133000 0 21.577500 -3.580980 204.124000 1037.530000 -13 35 1 0 1.000000
-10.569000 -19.017300 0 -2.057440 7.193060 214.844000 1037.690000 -13 36 1 0 1.000000
-7.877090 -19.756100 0 8.387950 19.844100 217.724000 1037.700000 -13 37 1 0 1.000000
-19.505000 -12.699200 0 0.286560 -13.334900 193.236000 1037.430000 -13 38 1 0 1.000000
3.363640 -5.400080 0 -9.450600 11.646700 200.344000 1037.600000 -13 39 1 0 1.000000
-2.203970 9.380010 0 18.641400 -29.614000 204.173000 1037.370000 -13 40 1 0 1.000000
-17.298800 3.524530 0 -3.290180 -3.502330 222.809000 1037.460000 -13 41 1 0 1.000000
-7.026550 -18.425000 0 -9.120610 21.164400 201.230000 1037.640000 -13 42 1 0 1.000000
-7.668290 -12.946200 0 -0.863657 9.137680 219.633000 1037.570000 -13 43 1 0 1.000000
14.823800 7.800630 0 -14.195400 -14.486600 222.677000 1037.380000 -13 44 1 0 1.000000
-7.935130 -3.240260 0 12.113600 -3.503000 213.211000 1037.600000 -13 45 1 0 1.000000
5.422110 -24.822000 0 -8.634720 -5.915810 201.234000 1037.500000 -13 46 1 0 1.000000
16.507000 -9.598240 0 -16.282000 0.345738 211.751000 1037.520000 -13 47 1 0 1.000000
-10.750500 13.144300 0 -12.474300 -1.951690 228.279000 1037.240000 -13 48 1 0 1.000000
-20.101800 11.503200 0 -9.584330 39.912300 215.980000 1037.300000 -13 49 1 0 1.000000
-22.622600 -17.583700 0 -11.187300 8.486820 221.282000 1037.580000 -13 50 1 0 1.000000
13.655200 -4.241930 0 11.789000 9.145110 209.671000 1037.050000 -13 51 1 0 1.000000
-4.198880 12.943500 0 7.863240 -13.773500 197.687000 1037.480000 -13 52 1 0 1.000000
4.557140 -6.143940 0 -36.174300 -13.912000 186.552000 1037.380000 -13 53 1 0 1.000000
-23.474200 5.255130 0 -12.973500 18.521500 211.199000 1037.410000 -13 54 1 0 1.000000
-11.138800 1.073380 0 -1.370790 -13.670200 227.648000 1037.320000 -13 55 1 0 1.000000
-2.949840 -13.092700 0 -7.905870 -10.898300 217.508000 1037.510000 -13 56 1 0 1.000000
-11.811000 -0.397156 0 0.510708 -5.392930 224.077000 1037.350000 -13 57 1 0 1.000000
-7.903700 -7.729060 0 14.360000 7.421250 179.633000 1037.330000 -13 58 1 0 1.000000
-20.660800 -0.374814 0 4.593200 -3.487920 207.808000 1037.420000 -13 59 1 0 1.000000
-23.931800 -9.249220 0 -2.371690 -10.436300 216.213000 1037.640000 -13 60 1 0 1.000000
-19.343300 -3.070820 0 5.553220 -4.096150 211.489000 1037.770000 -13 61 1 0 1.000000
2.509210 -12.802000 0 -8.055540 1.131930 219.714000 1037.510000 -13 62 1 0 1.000000
14.061800 -4.577740 0 6.045630 0.915081 229.011000 1037.310000 -13 63 1 0 1.000000
-4.400390 3.723850 0 5.480330 2.959320 186.949000 1037.660000 -13 64 1 0 1.000000
-9.186990 -3.205240 0 -8.962810 -23.210300 227.158000 1037.470000 -13 65 1 0 1.000000
-17.147800 -11.809200 0 24.785100 -14.054800 219.133000 1037.470000 -13 66 1 0 1.000000
-9.172160 -7.130920 0 -8.977110 2.187820 231.610000 1037.280000 -13 67 1 0 1.000000
-1.291890 -8.734580 0 4.459690 11.055400 219.773000 1037.520000 -13 68 1 0 1.000000
5.263310 -1.524310 0 -6.620190 0.788613 216.193000 1037.670000 -13 69 1 0 1.000000
-6.157530 -17.514200 0 -9.440460 4.008650 205.012000 1037.810000 -13 70 1 0 1.000000
-20.262500 2.786270 0 14.280900 2.353970 223.500000 1037.530000 -13 71 1 0 1.000000
-7.334790 -2.886440 0 -4.358200 -18.350700 218.962000 1037.460000 -13 72 1 0 1.000000
-20.296700 -10.212400 0 16.643200 21.248000 218.040000 1037.490000 -13 73 1 0 1.000000
11.635800 -8.295390 0 -14.602000 -6.967720 194.660000 1037.450000 -13 74 1 0 1.000000
-11.990900 -2.822610 0 7.462340 -13.891300 227.690000 1037.580000 -13 75 1 0 1.000000
-15.453200 -20.531200 0 12.652000 -19.088000 204.380000 1037.780000 -13 76 1 0 1.000000
-14.037200 -4.541420 0 -10.884200 0.551762 212.168000 1037.460000 -13 77 1 0 1.000000
7.807070 -6.319180 0 42.471000 -10.993400 214.778000 1037.420000 -13 78 1 0 1.000000
-4.489740 3.603060 0 16.208700 28.168000 192.827000 1037.550000 -13 79 1 0 1.000000
-1.293070 -3.445610 0 2.483410 -10.259000 218.400000 1037.290000 -13 80 1 0 1.000000
-22.471900 -3.652690 0 4.732100 -6.292400 225.192000 1037.500000 -13 81 1 0 1.000000
10.001900 -30.535000 0 8.143160 -4.421180 225.489000 1037.440000 -13 82 1 0 1.000000
-8.936590 -8.249210 0 -21.146700 -37.917500 219.262000 1037.580000 -13 83 1 0 1.000000
7.698650 -14.649300 0 2.021010 11.206900 197.261000 1037.440000 -13 84 1 0 1.000000
19.718200 3.018480 0 6.643450 20.846700 202.414000 1037.220000 -13 85 1 0 1.000000
-11.796100 -20.146000 0 17.229600 34.360600 214.794000 1037.590000 -13 86 1 0 1.000000
-0.143303 0.599190 0 -8.364590 -11.680800 208.849000 1037.760000 -13 87 1 0 1.000000
-33.218900 3.654720 0 -22.672900 4.554300 207.914000 1037.520000 -13 88 1 0 1.000000
5.157570 -15.760600 0 12.385700 -6.517300 210.469000 1037.670000 -13 89 1 0 1.000000
-16.785100 12.921500 0 13.376700 -10.108000 205.898000 1037.600000 -13 90 1 0 1.000000
9.843660 2.123730 0 12.750800 -9.722750 221.966000 1037.480000 -13 91 1 0 1.000000
-1.925410 -4.059190 0 -20.762600 -0.206921 180.620000 1037.470000 -13 92 1 0 1.000000
-3.232660 -14.341600 0 -7.629060 7.222870 224.044000 1037.500000 -13 93 1 0 1.000000
-23.039500 -14.993600 0 11.177800 17.315300 216.525000 1037.270000 -13 94 1 0 1.000000
-10.758000 -5.568110 0 19.361600 4.519270 191.831000 1037.680000 -13 95 1 0 1.000000
-8.595110 -2.929910 0 14.078300 7.977420 218.094000 1037.620000 -13 96 1 0 1.000000
-4.502990 3.549190 0 -2.313310 11.929200 208.893000 1037.670000 -13 97 1 0 1.000000
-20.072600 11.830900 0 28.193100 1.484240 212.793000 1037.560000 -13 98 1 0 1.000000
1.744770 -9.329870 0 7.217530 12.683300 195.733000 1037.600000 -13 99 1 0 1.000000
-0.856622 -3.069260 0 21.690200 -2.533780 206.646000 1037.700000 -13 100 1 0 1.000000
-11.848900 -1.406240 0 -22.796600 5.193900 224.175000 1037.500000 -13 101 1 0 1.000000
-17.317100 -9.921150 0 -39.281400 21.336500 220.780000 1037.590000 -13 102 1 0 1.000000
-15.205300 -12.613400 0 -7.417210 16.396100 221.546000 1037.660000 -13 103 1 0 1.000000
-1.598060 -3.963980 0 7.490320 -3.148610 215.837000 1037.870000 -13 104 1 0 1.000000
-33.042300 -12.944900 0 12.497400 3.118090 221.608000 1037.550000 -13 105 1 0 1.000000
7.603480 1.680840 0 0.759660 -5.050310 223.728000 1037.390000 -13 106 1 0 1.000000
-0.316790 2.349480 0 3.950450 1.254430 220.627000 1037.610000 -13 107 1 0 1.000000
-7.522960 -5.948330 0 -7.228450 -2.479550 215.504000 1037.740000 -13 108 1 0 1.000000
-25.710700 -7.165300 0 -14.063500 8.061390 231.618000 1037.470000 -13 109 1 0 1.000000
-9.137840 -6.677330 0 -0.767809 -17.041000 200.531000 1037.750000 -13 110 1 0 1.000000
-5.850840 -8.214470 0 -6.099560 10.564200 209.761000 1037.580000 -13 111 1 0 1.000000
-10.344600 -8.041590 0 -6.150140 -11.373500 223.142000 1037.350000 -13 112 1 0 1.000000
5.560970 -14.403900 0 -16.088900 11.164300 207.156000 1037.590000 -13 113 1 0 1.000000
-4.551850 -4.773440 0 13.227700 5.562570 219.369000 1037.280000 -13 114 1 0 1.000000
-30.370100 19.203700 0 -6.478390 4.846120 207.751000 1037.600000 -13 115 1 0 1.000000
-6.461100 -17.227800 0 -12.798400 11.751500 216.693000 1037.430000 -13 116 1 0 1.000000
-5.734080 -5.559910 0 -7.629470 -28.084500 192.992000 1037.350000 -13 117 1 0 1.000000
-3.897680 -17.652500 0 10.450400 6.846520 222.626000 1037.620000 -13 118 1 0 1.000000
23.358300 3.379320 0 -18.260000 -12.103200 207.432000 1037.730000 -13 119 1 0 1.000000
-2.455900 -6.361120 0 7.039370 35.889500 207.800000 1037.390000 -13 120 1 0 1.000000
-5.157450 -11.481400 0 -7.791690 7.974190 217.539000 1037.660000 -13 121 1 0 1.000000
-9.029250 -14.139800 0 6.548340 19.205900 224.872000 1037.430000 -13 122 1 0 1.000000
-3.911410 -17.207800 0 -19.351200 22.219100 215.204000 1037.780000 -13 123 1 0 1.000000
-39.988500 0.029000 0 -15.732800 1.100820 214.083000 1037.630000 -13 124 1 0 1.000000
16.563200 -17.295500 0 1.039370 -9.329930 199.086000 1037.520000 -13 125 1 0 1.000000
-16.840400 -7.102890 0 -8.711760 -16.219000 201.828000 1037.460000 -13 126 1 0 1.000000
-15.463500 -34.869500 0 -16.456200 -12.395300 207.481000 1037.570000 -13 127 1 0 1.000000
29.919500 -8.329420 0 -44.006500 6.608930 200.724000 1037.510000 -13 128 1 0 1.000000
-5.814080 -0.877943 0 -8.972720 16.251000 215.495000 1037.520000 -13 129 1 0 1.000000
-4.871460 -10.803200 0 -30.789200 -9.923190 223.345000 1037.270000 -13 130 1 0 1.000000
14.738200 -13.884900 0 -36.675000 15.593600 229.966000 1037.560000 -13 131 1 0 1.000000
-4.854950 -18.744800 0 23.474300 -32.236300 208.489000 1037.580000 -13 132 1 0 1.000000
-7.981950 -8.903180 0 -1.565930 24.179900 206.172000 1037.670000 -13 133 1 0 1.000000
-1.558840 -12.394200 0 -4.227720 -3.481480 217.357000 1037.620000 -13 134 1 0 1.000000
-1.891980 -13.981600 0 -8.291890 4.530370 217.517000 1037.530000 -13 135 1 0 1.000000
-8.289510 -7.518590 0 24.780900 13.192600 198.523000 1037.670000 -13 136 1 0 1.000000
6.781960 -11.574900 0 3.835920 -10.029400 178.443000 1037.140000 -13 137 1 0 1.000000
-8.449190 -15.253300 0 -0.993337 0.184349 215.662000 1037.650000 -13 138 1 0 1.000000
-17.341100 -18.001200 0 3.519330 12.408500 219.687000 1037.750000 -13 139 1 0 1.000000
1.106820 -12.356700 0 0.143508 0.675179 213.784000 1037.350000 -13 140 1 0 1.000000
0.247942 -2.263680 0 42.770400 5.260690 194.216000 1037.520000 -13 141 1 0 1.000000
7.808050 -0.473802 0 5.931330 -27.213900 214.477000 1037.320000 -13 142 1 0 1.000000
-23.577900 -8.128970 0 0.833636 2.791830 214.212000 1037.350000 -13 143 1 0 1.000000
11.108200 14.357200 0 -23.709300 -22.289300 196.254000 1037.330000 -13 144 1 0 1.000000
-13.758200 -5.262780 0 -13.301700 -17.752600 224.330000 1037.540000 -13 145 1 0 1.000000
5.404970 -4.968500 0 4.227870 -21.329100 221.703000 1037.550000 -13 146 1 0 1.000000
-12.913800 -6.512600 0 -4.069310 -19.272400 202.266000 1037.610000 -13 147 1 0 1.000000
-32.221500 -2.187870 0 20.895000 -9.984360 225.214000 1037.310000 -13 148 1 0 1.000000
0.876460 32.144200 0 3.474650 -16.239300 211.528000 1037.310000 -13 149 1 0 1.000000
-2.136100 -2.035930 0 -12.127400 0.277124 226.238000 1037.340000 -13 150 1 0 1.000000
5.016100 -24.032700 0 -39.527800 -34.617900 213.810000 1037.250000 -13 151 1 0 1.000000
-5.834620 -7.444820 0 4.663910 -14.963200 225.222000 1037.550000 -13 152 1 0 1.000000
-13.961600 -38.645500 0 -18.034200 -8.167470 203.518000 1037.280000 -13 153 1 0 1.000000
-9.696730 -12.274100 0 -7.535180 -3.532000 230.653000 1037.510000 -13 154 1 0 1.000000
-1.702900 -10.764500 0 -17.987700 2.269520 223.292000 1037.410000 -13 155 1 0 1.000000
2.860510 13.573100 0 -4.137430 -23.844000 211.511000 1037.500000 -13 156 1 0 1.000000
-14.601500 -19.289300 0 2.921490 17.654000 219.072000 1037.680000 -13 157 1 0 1.000000
7.082540 -25.195100 0 10.245600 -1.714240 200.871000 1037.400000 -13 158 1 0 1.000000
-0.865951 -0.549984 0 6.625360 -0.936276 212.753000 1037.630000 -13 159 1 0 1.000000
-3.283170 -2.161010 0 21.907700 -6.116280 216.366000 1037.690000 -13 160 1 0 1.000000
-21.705200 -4.972610 0 2.999550 -5.805880 214.260000 1037.800000 -13 161 1 0 1.000000
4.221340 -5.480930 0 39.665500 7.717510 188.349000 1037.510000 -13 162 1 0 1.000000
-7.877060 -16.657800 0 15.219900 -20.851200 223.285000 1037.360000 -13 163 1 0 1.000000
-10.125400 -4.420430 0 4.288330 -11.787600 220.456000 1037.240000 -13 164 1 0 1.000000
1.139690 -6.005890 0 18.620100 3.738510 200.459000 1037.560000 -13 165 1 0 1.000000
10.251000 -12.723400 0 7.366260 -10.262200 218.120000 1037.750000 -13 166 1 0 1.000000
-7.120490 -15.659000 0 -4.110040 1.858100 210.238000 1037.630000 -13 167 1 0 1.000000
-6.361310 -2.190220 0 12.770800 10.079100 205.313000 1037.430000 -13 168 1 0 1.000000
-24.810200 5.154970 0 24.586000 -4.968130 211.820000 1037.560000 -13 169 1 0 1.000000
-10.811200 -11.542500 0 -1.315260 -1.186620 214.229000 1037.700000 -13 170 1 0 1.000000
3.679880 -15.126100 0 -2.947480 -3.115750 222.239000 1037.430000 -13 171 1 0 1.000000
-1.628670 -11.945400 0 -19.832500 0.803971 213.477000 1037.760000 -13 172 1 0 1.000000
2.197060 -7.750000 0 -0.712352 0.608189 222.251000 1037.550000 -13 173 1 0 1.000000
-11.833400 -9.801550 0 -17.694100 28.919600 217.531000 1037.540000 -13 174 1 0 1.000000
-34.536400 -6.899790 0 -19.317400 -4.762820 206.548000 1037.540000 -13 175 1 0 1.000000
-0.132690 -7.503530 0 -10.067100 -10.684500 210.799000 1037.500000 -13 176 1 0 1.000000
-4.335750 -13.531200 0 -24.050600 -9.164260 206.084000 1037.600000 -13 177 1 0 1.000000
-2.924500 -9.089480 0 1.546390 48.376200 204.204000 1037.470000 -13 178 1 0 1.000000
-14.830400 -7.376440 0 -23.272800 -10.491700 211.386000 1037.540000 -13 179 1 0 1.000000
4.460880 -3.838170 0 -29.273400 -9.162970 189.166000 1037.370000 -13 180 1 0 1.000000
-20.685000 -2.054620 0 14.901500 -1.854290 212.873000 1037.750000 -13 181 1 0 1.000000
-2.161450 -7.056860 0 6.693100 -7.395530 196.905000 1037.490000 -13 182 1 0 1.000000
-14.103800 -16.175600 0 -1.479970 -6.264760 215.847000 1037.380000 -13 183 1 0 1.000000
3.849950 -24.307900 0 -14.880200 21.567900 198.959000 1037.320000 -13 184 1 0 1.000000
-26.479800 -2.676450 0 1.704920 -5.799070 207.322000 1037.430000 -13 185 1 0 1.000000
3.228510 -20.835900 0 -1.020910 -10.317800 215.410000 1037.340000 -13 186 1 0 1.000000
-1.574200 4.303180 0 -6.100780 -0.900505 218.112000 1037.500000 -13 187 1 0 1.000000
-7.282300 5.699650 0 7.112150 -18.970700 209.644000 1037.620000 -13 188 1 0 1.000000
-7.333240 -14.742100 0 -11.009000 11.023300 205.530000 1037.490000 -13 189 1 0 1.000000
-4.207580 -9.742410 0 -13.016100 12.867600 211.295000 1037.460000 -13 190 1 0 1.000000
-3.258810 -1.502480 0 -0.457885 9.281780 201.252000 1037.600000 -13 191 1 0 1.000000
7.804270 -8.703200 0 -1.719400 -7.151500 214.586000 1037.660000 -13 192 1 0 1.000000
-4.406690 -7.751990 0 59.336000 1.465410 198.256000 1037.510000 -13 193 1 0 1.000000
-1.710770 -3.378480 0 -6.318830 -33.424700 207.045000 1037.670000 -13 194 1 0 1.000000
-10.833500 -11.796100 0 -7.513870 -0.731018 216.170000 1037.610000 -13 195 1 0 1.000000
-4.360830 -18.634100 0 -14.498100 10.492800 219.356000 1037.540000 -13 196 1 0 1.000000
7.838410 -10.595000 0 -13.629000 3.225520 207.625000 1037.480000 -13 197 1 0 1.000000
10.895800 -12.997000 0 5.264020 -8.567120 201.893000 1037.460000 -13 198 1 0 1.000000
-7.224580 -14.970400 0 -2.370540 -4.467400 214.598000 1037.700000 -13 199 1 0 1.000000
-2.672390 -6.025280 0 9.133930 -17.597500 208.695000 1037.610000 -13 200 1 0 1.000000
-3.969630 1.960600 0 -3.212020 5.307430 201.884000 1037.700000 -13 201 1 0 1.000000
16.631800 -0.951145 0 11.135500 4.445780 192.481000 1037.450000 -13 202 1 0 1.000000
2.142090 -13.036700 0 -26.553000 -1.233470 207.129000 1037.610000 -13 203 1 0 1.000000
5.717600 -22.816200 0 -13.943000 18.282400 209.725000 1037.630000 -13 204 1 0 1.000000
-10.485900 -17.938800 0 -11.100100 6.333540 217.887000 1037.580000 -13 205 1 0 1.000000
-4.194610 -6.345930 0 1.270710 -9.692470 223.525000 1037.510000 -13 206 1 0 1.000000
-15.658600 -7.217220 0 14.966100 4.894430 225.671000 1037.440000 -13 207 1 0 1.000000
-24.557400 -10.549300 0 7.329990 9.693760 222.089000 1037.380000 -13 208 1 0 1.000000
-7.396910 -7.745550 0 -7.238250 -10.162900 218.604000 1037.310000 -13 209 1 0 1.000000
-4.296950 -3.885230 0 -3.827370 -14.834500 226.501000 1037.380000 -13 210 1 0 1.000000
5.201270 -12.496600 0 -25.154700 4.039850 221.475000 1037.250000 -13 211 1 0 1.000000
-2.520860 -2.904650 0 -5.142570 -2.247690 216.091000 1037.200000 -13 212 1 0 1.000000
-5.739640 -8.225760 0 -17.999900 -4.313210 220.661000 1037.720000 -13 213 1 0 1.000000
-4.266860 -3.143210 0 0.874341 0.150228 225.136000 1037.500000 -13 214 1 0 1.000000
-0.543446 -7.927550 0 -9.485200 -7.358870 208.460000 1037.660000 -13 215 1 0 1.000000
-11.583500 8.994070 0 13.767800 4.443850 200.425000 1037.430000 -13 216 1 0 1.000000
-10.036400 -4.620950 0 5.477120 -4.605640 205.500000 1037.840000 -13 217 1 0 1.000000
15.771900 3.169220 0 0.705761 9.821390 220.594000 1037.710000 -13 218 1 0 1.000000
-12.286600 3.791970 0 -9.356630 -10.760800 220.909000 1037.450000 -13 219 1 0 1.000000
-9.336210 -15.166500 0 2.915560 -0.890601 221.981000 1037.440000 -13 220 1 0 1.000000
-9.380300 0.543836 0 -11.327600 3.938470 216.786000 1037.470000 -13 221 1 0 1.000000
-5.046710 1.944720 0 36.210200 -45.615200 215.315000 1037.460000 -13 222 1 0 1.000000
0.258621 -0.439353 0 3.991580 0.053445 215.135000 1037.400000 -13 223 1 0 1.000000
-9.330340 -11.277300 0 17.462600 -6.282380 211.673000 1037.700000 -13 224 1 0 1.000000
-2.790490 -4.050950 0 -3.902110 -22.368100 216.613000 1037.590000 -13 225 1 0 1.000000
-8.552650 -11.730800 0 22.858500 22.345600 203.275000 1037.350000 -13 226 1 0 1.000000
-7.194530 -17.393600 0 -13.243100 -9.387900 223.050000 1037.560000 -13 227 1 0 1.000000
-14.258700 4.482580 0 -10.382700 -12.947300 206.310000 1037.650000 -13 228 1 0 1.000000
-30.000000 18.064500 0 1.040570 -3.753630 207.083000 1037.350000 -13 229 1 0 1.000000
-6.497560 -19.163600 0 13.379200 32.643600 205.271000 1037.470000 -13 230 1 0 1.000000
-2.819400 -17.783000 0 -12.737200 1.265820 222.842000 1037.290000 -13 231 1 0 1.000000
-11.973500 -13.986700 0 -7.704220 3.503120 217.640000 1037.790000 -13 232 1 0 1.000000
7.305610 -3.415980 0 0.883809 -1.266320 210.664000 1037.710000 -13 233 1 0 1.000000
-12.501200 -12.703900 0 23.499600 4.431040 205.058000 1037.560000 -13 234 1 0 1.000000
-8.786550 9.942640 0 -2.654390 13.292300 182.466000 1037.200000 -13 235 1 0 1.000000
-8.832630 -26.968400 0 -2.557210 17.173800 209.522000 1037.570000 -13 236 1 0 1.000000
-24.622900 -2.198780 0 20.585900 -11.431400 218.204000 1037.690000 -13 237 1 0 1.000000
-17.296900 -15.450700 0 -38.548100 -5.930660 214.569000 1037.650000 -13 238 1 0 1.000000
-7.978790 -18.184600 0 9.281060 -34.788000 196.835000 1037.230000 -13 239 1 0 1.000000
-10.807300 -38.196900 0 8.083790 -25.074900 203.819000 1037.170000 -13 240 1 0 1.000000
18.181400 3.530960 0 -6.710560 1.271040 205.344000 1037.450000 -13 241 1 0 1.000000
6.174520 -4.894150 0 13.333400 14.686700 196.957000 1037.560000 -13 242 1 0 1.000000
-10.942900 -5.414580 0 -7.378220 8.556990 224.116000 1037.510000 -13 243 1 0 1.000000
-14.456500 -11.285400 0 -13.184300 -2.714110 219.317000 1037.280000 -13 244 1 0 1.000000
3.952190 -2.090330 0 -27.985100 0.830777 222.300000 1037.480000 -13 245 1 0 1.000000
-13.409200 -2.771270 0 4.988420 -3.849780 220.006000 1037.550000 -13 246 1 0 1.000000
-16.882100 -8.302020 0 -4.203560 -3.374480 228.241000 1037.430000 -13 247 1 0 1.000000
-0.933179 0.189128 0 -2.648860 13.841300 208.210000 1037.610000 -13 248 1 0 1.000000
0.648042 -1.176270 0 -11.084400 1.629280 177.114000 1037.510000 -13 249 1 0 1.000000
0.661464 -19.713400 0 22.305500 21.213100 200.035000 1037.060000 -13 250 1 0 1.000000
-27.087700 -7.819330 0 -21.910800 10.763200 196.902000 1037.510000 -13 251 1 0 1.000000
-9.859290 -8.696850 0 -3.756450 -7.818800 226.198000 1037.380000 -13 252 1 0 1.000000
-22.178900 -17.681500 0 17.723000 4.568480 219.866000 1037.560000 -13 253 1 0 1.000000
12.322500 -9.546560 0 -2.716680 -8.405600 204.908000 1037.860000 -13 254 1 0 1.000000
-2.863400 -18.709500 0 -21.662200 13.774400 224.486000 1037.430000 -13 255 1 0 1.000000
-8.575400 -9.573180 0 -0.915744 2.864420 209.132000 1037.450000 -13 256 1 0 1.000000
-28.796600 -5.735790 0 -26.123200 2.694890 215.930000 1037.840000 -13 257 1 0 1.000000
-35.539000 -16.200400 0 28.000900 13.135700 205.886000 1037.120000 -13 258 1 0 1.000000
-8.342390 -8.458120 0 3.883880 1.201570 214.297000 1037.810000 -13 259 1 0 1.000000
-2.084650 -12.052600 0 7.314830 -3.785460 224.111000 1037.390000 -13 260 1 0 1.000000
-2.547250 -5.298760 0 45.212200 1.945190 225.041000 1037.620000 -13 261 1 0 1.000000
-4.773380 -10.667500 0 -16.556200 18.010100 211.713000 1037.610000 -13 262 1 0 1.000000
-11.355200 -21.020200 0 14.211400 6.967180 230.044000 1037.320000 -13 263 1 0 1.000000
-7.250720 -16.863500 0 -0.149480 3.730610 211.799000 1037.460000 -13 264 1 0 1.000000
-14.534300 -7.551520 0 -31.530500 -3.639500 214.417000 1037.600000 -13 265 1 0 1.000000
-10.240000 -7.678230 0 1.210470 8.394470 220.179000 1037.580000 -13 266 1 0 1.000000
-13.909100 -3.473420 0 41.452300 15.692600 195.145000 1037.290000 -13 267 1 0 1.000000
1.276030 -19.061000 0 -7.553940 13.080200 217.933000 1037.740000 -13 268 1 0 1.000000
-0.077616 -1.042850 0 -3.377660 41.471000 199.252000 1037.530000 -13 269 1 0 1.000000
-3.676490 -10.156500 0 -16.589000 2.127620 225.428000 1037.310000 -13 270 1 0 1.000000
-10.499200 -0.622934 0 24.264200 12.658700 197.248000 1037.750000 -13 271 1 0 1.000000
0.154089 -18.161800 0 5.035900 -10.266100 222.072000 1037.470000 -13 272 1 0 1.000000
19.107400 -2.837440 0 -15.715100 -18.299600 231.185000 1037.410000 -13 273 1 0 1.000000
1.410630 -10.231600 0 -25.182700 -7.415690 201.153000 1037.630000 -13 274 1 0 1.000000
11.553900 3.269680 0 -26.120900 -7.656680 208.866000 1037.490000 -13 275 1 0 1.000000
-17.845900 -14.018200 0 2.089380 17.531600 217.893000 1037.670000 -13 276 1 0 1.000000
-9.884480 -6.474610 0 3.464470 -11.827000 225.184000 1037.340000 -13 277 1 0 1.000000
-9.908420 6.619290 0 -15.510400 -13.190900 221.141000 1037.440000 -13 278 1 0 1.000000
6.896430 -2.622120 0 6.191890 28.634600 187.239000 1037.510000 -13 279 1 0 1.000000
-8.041300 -4.118470 0 -11.644000 8.278860 217.668000 1037.530000 -13 280 1 0 1.000000
28.233100 17.308500 0 -15.005700 4.449860 217.051000 1037.620000 -13 281 1 0 1.000000
-14.496100 -8.126930 0 1.490850 5.897590 205.283000 1037.820000 -13 282 1 0 1.000000
-8.219780 -25.536200 0 -7.187010 -8.068440 205.748000 1037.520000 -13 283 1 0 1.000000
-3.503850 -15.658600 0 -6.180590 7.413030 211.610000 1037.500000 -13 284 1 0 1.000000
8.573720 -1.921980 0 5.939280 9.269610 196.182000 1037.500000 -13 285 1 0 1.000000
11.508800 18.395000 0 -0.900399 -6.653680 209.575000 1037.510000 -13 286 1 0 1.000000
-15.721400 -12.482000 0 -16.584900 -0.399182 225.627000 1037.420000 -13 287 1 0 1.000000
-5.832050 -12.028300 0 -12.368200 -4.020630 219.455000 1037.350000 -13 288 1 0 1.000000
-13.240900 5.804990 0 -4.937180 11.809600 200.642000 1037.450000 -13 289 1 0 1.000000
-8.508150 -12.208900 0 4.464180 -15.105200 218.018000 1037.580000 -13 290 1 0 1.000000
5.762660 -23.340300 0 -20.636800 -17.518700 202.137000 1037.200000 -13 291 1 0 1.000000
-7.597100 -2.461350 0 12.962200 22.302600 191.508000 1037.290000 -13 292 1 0 1.000000
-20.746900 -5.356000 0 -14.038600 12.252700 222.765000 1037.290000 -13 293 1 0 1.000000
3.561170 -27.477000 0 -15.403200 -24.513900 201.803000 1037.070000 -13 294 1 0 1.000000
-11.232900 -7.029550 0 -5.426760 17.254000 225.996000 1037.550000 -13 295 1 0 1.000000
-7.662130 6.037200 0 4.627390 -22.079500 208.091000 1037.640000 -13 296 1 0 1.000000
-19.375800 -8.433210 0 11.503700 5.683550 190.131000 1037.650000 -13 297 1 0 1.000000
-5.464490 -13.693300 0 -5.693790 -3.977720 220.057000 1037.410000 -13 298 1 0 1.000000
-17.889200 -19.661500 0 -0.926609 -12.968700 219.250000 1037.720000 -13 299 1 0 1.000000
-16.168600 -9.140240 0 -2.464780 -32.140400 216.970000 1037.640000 -13 300 1 0 1.000000
-4.756820 -7.151900 0 5.213740 12.289100 214.445000 1037.260000 -13 301 1 0 1.000000
-8.750430 -10.276400 0 -5.924080 -8.152900 218.641000 1037.560000 -13 302 1 0 1.000000
-6.008010 -10.980500 0 -11.466800 -21.725200 207.030000 1037.340000 -13 303 1 0 1.000000
-5.769590 -25.360600 0 -26.943100 -18.642600 192.369000 1037.560000 -13 304 1 0 1.000000
-14.153300 -4.017250 0 8.628770 -3.483900 221.303000 1037.510000 -13 305 1 0 1.000000
-7.875910 -23.628600 0 -4.095820 4.510960 197.506000 1037.580000 -13 306 1 0 1.000000
-2.628540 -14.223100 0 -13.916500 -6.082020 216.440000 1037.560000 -13 307 1 0 1.000000
0.745186 -6.220360 0 -1.380230 -15.520800 195.692000 1037.690000 -13 308 1 0 1.000000
-25.180100 -9.211980 0 16.622400 5.876880 225.040000 1037.540000 -13 309 1 0 1.000000
-0.026111 1.323310 0 31.074800 -16.013400 224.366000 1037.550000 -13 310 1 0 1.000000
0.301382 -3.764910 0 6.149760 27.489100 188.058000 1037.380000 -13 311 1 0 1.000000
3.468390 -10.995300 0 -15.547100 18.981900 220.372000 1037.390000 -13 312 1 0 1.000000
4.124640 -18.004900 0 -7.545570 2.970520 212.636000 1037.620000 -13 313 1 0 1.000000
-18.610600 -13.523600 0 12.800500 -13.138300 204.893000 1037.600000 -13 314 1 0 1.000000
3.472870 -1.938650 0 -17.223200 9.670650 225.169000 1037.430000 -13 315 1 0 1.000000
-6.731010 -12.846200 0 -5.427180 -0.331823 218.246000 1037.540000 -13 316 1 0 1.000000
-6.436540 -5.872710 0 12.524500 3.969360 218.723000 1037.400000 -13 317 1 0 1.000000
-23.452700 -16.496600 0 29.052600 9.118150 216.790000 1037.660000 -13 318 1 0 1.000000
-31.970400 -0.282983 0 10.429300 5.857660 227.975000 1037.470000 -13 319 1 0 1.000000
-0.363812 -1.237700 0 3.979700 -5.709420 222.823000 1037.320000 -13 320 1 0 1.000000
-4.230590 3.561390 0 24.026700 -24.661700 200.633000 1037.360000 -13 321 1 0 1.000000
-3.513820 -14.527500 0 -0.143035 1.962110 223.390000 1037.580000 -13 322 1 0 1.000000
13.526900 -17.402900 0 -37.388500 1.564630 211.079000 1037.720000 -13 323 1 0 1.000000
-6.797550 1.309630 0 -9.970330 17.596100 212.093000 1037.660000 -13 324 1 0 1.000000
8.635740 11.425300 0 -18.594000 -24.407200 195.748000 1037.740000 -13 325 1 0 1.000000
-7.272520 9.342730 0 -20.946800 -43.640100 215.125000 1037.550000 -13 326 1 0 1.000000
9.503930 -2.608650 0 -2.476060 6.017130 212.642000 1037.570000 -13 327 1 0 1.000000
-0.267348 -8.614750 0 6.602100 -26.164200 225.270000 1037.490000 -13 328 1 0 1.000000
-7.411730 -18.204400 0 5.036610 15.067800 206.693000 1037.520000 -13 329 1 0 1.000000
-8.434890 -12.143200 0 9.889410 19.898100 207.201000 1037.580000 -13 330 1 0 1.000000
-19.023800 5.796170 0 12.924800 -4.923080 196.920000 1037.640000 -13 331 1 0 1.000000
5.911970 -19.162900 0 -9.911020 2.376070 197.468000 1037.580000 -13 332 1 0 1.000000
-1.917560 -8.067710 0 7.714010 7.063960 200.209000 1037.330000 -13 333 1 0 1.000000
1.098150 8.961130 0 -3.655700 6.482600 221.751000 1037.590000 -13 334 1 0 1.000000
-1.905640 -22.412200 0 6.305600 -6.649270 191.597000 1037.400000 -13 335 1 0 1.000000
-9.884230 -13.480700 0 11.820500 5.263920 215.681000 1037.700000 -13 336 1 0 1.000000
-12.162500 -7.019520 0 5.876150 -13.511500 227.369000 1037.480000 -13 337 1 0 1.000000
3.881320 10.015100 0 -9.292660 -24.055800 189.926000 1037.270000 -13 338 1 0 1.000000
-0.919792 -8.427550 0 4.308810 -17.411400 206.080000 1037.700000 -13 339 1 0 1.000000
-9.589860 2.922680 0 26.891400 0.192352 205.057000 1037.770000 -13 340 1 0 1.000000
0.460159 -6.085590 0 -14.476100 -0.473559 219.154000 1037.590000 -13 341 1 0 1.000000
-3.134000 6.205060 0 -0.090838 0.087410 219.653000 1037.710000 -13 342 1 0 1.000000
-2.189200 -15.063600 0 -7.621970 10.591200 191.436000 1037.660000 -13 343 1 0 1.000000
-7.291920 -6.263460 0 17.730200 -4.097950 205.707000 1037.630000 -13 344 1 0 1.000000
-6.738180 0.311749 0 -0.150347 -7.651610 221.840000 1037.570000 -13 345 1 0 1.000000
-21.157100 -16.029000 0 28.320900 -31.685300 213.406000 1037.860000 -13 346 1 0 1.000000
9.820110 1.528860 0 4.261550 1.686820 217.172000 1037.520000 -13 347 1 0 1.000000
-4.408050 5.301700 0 2.879430 -0.810662 223.229000 1037.530000 -13 348 1 0 1.000000
5.930930 -16.245900 0 -24.526800 17.823900 224.804000 1037.440000 -13 349 1 0 1.000000
1.826860 -4.317770 0 17.393500 -14.120400 225.863000 1037.320000 -13 350 1 0 1.000000
-9.745380 -17.652200 0 16.269500 24.139400 211.609000 1037.400000 -13 351 1 0 1.000000
-0.401436 -14.406000 0 -20.414700 3.770000 226.722000 1037.320000 -13 352 1 0 1.000000
-20.087700 -7.046110 0 -7.121850 0.414832 208.331000 1037.670000 -13 353 1 0 1.000000
-2.876440 -11.772500 0 2.916200 -15.562400 222.814000 1037.550000 -13 354 1 0 1.000000
-0.703693 -3.818640 0 -8.108360 21.975900 226.789000 1037.340000 -13 355 1 0 1.000000
-23.102200 -3.274160 0 16.408600 -5.562140 208.307000 1037.550000 -13 356 1 0 1.000000
12.949900 -9.379240 0 -32.195700 -3.017470 216.563000 1037.460000 -13 357 1 0 1.000000
-11.826300 6.912910 0 16.688300 -20.214400 220.048000 1037.390000 -13 358 1 0 1.000000
-17.087200 -11.383200 0 3.404160 5.731500 216.962000 1037.580000 -13 359 1 0 1.000000
0.085283 -4.819160 0 -19.914300 12.153000 222.764000 1037.440000 -13 360 1 0 1.000000
-13.193200 -7.254880 0 20.779300 7.364710 221.520000 1037.460000 -13 361 1 0 1.000000
-14.703100 -19.717600 0 -15.259300 26.936700 216.177000 1037.450000 -13 362 1 0 1.000000
4.294250 -6.603760 0 -18.066000 9.167360 208.858000 1037.460000 -13 363 1 0 1.000000
3.126820 0.456252 0 27.419600 -34.672700 218.930000 1037.530000 -13 364 1 0 1.000000
-6.639980 -3.853220 0 -40.685800 -6.837360 210.903000 1037.430000 -13 365 1 0 1.000000
-4.185370 -24.620900 0 4.042830 11.098300 224.704000 1037.580000 -13 366 1 0 1.000000
-12.387000 -9.899470 0 -2.305650 3.332420 222.945000 1037.440000 -13 367 1 0 1.000000
3.890960 -6.843680 0 18.446800 -18.506000 197.189000 1037.400000 -13 368 1 0 1.000000
-2.330380 -18.193700 0 -14.227800 13.406900 231.377000 1037.510000 -13 369 1 0 1.000000
-3.558140 21.365200 0 7.421090 1.944740 231.535000 1037.070000 -13 370 1 0 1.000000
10.032700 37.645200 0 -15.224400 -14.404500 217.060000 1037.400000 -13 371 1 0 1.000000
-21.280700 -2.201790 0 2.085500 -14.098400 226.947000 1037.330000 -13 372 1 0 1.000000
-10.384200 -1.670880 0 26.074000 -21.696000 223.927000 1037.390000 -13 373 1 0 1.000000
-31.263800 -15.284000 0 32.346000 6.883320 221.053000 1037.500000 -13 374 1 0 1.000000
-10.293800 -17.612200 0 18.201900 5.106000 215.175000 1037.590000 -13 375 1 0 1.000000
-22.986400 -21.461800 0 -1.989120 -7.584750 208.874000 1037.590000 -13 376 1 0 1.000000
-5.324530 -7.820800 0 -7.915170 -2.952870 224.314000 1037.290000 -13 377 1 0 1.000000
-8.051560 -14.087400 0 -9.523880 12.789000 217.359000 1037.350000 -13 378 1 0 1.000000
-19.369800 -8.743590 0 16.819600 -14.757400 213.618000 1037.580000 -13 379 1 0 1.000000
-16.772000 -7.220890 0 -0.141772 1.991370 215.565000 1037.650000 -13 380 1 0 1.000000
10.304200 4.266570 0 -15.544100 3.773480 213.385000 1037.440000 -13 381 1 0 1.000000
15.441400 -2.255040 0 15.728100 20.192900 226.491000 1037.730000 -13 382 1 0 1.000000
7.087920 -11.978900 0 2.225230 26.636800 218.216000 1037.530000 -13 383 1 0 1.000000
-28.060700 -3.802970 0 6.917440 -21.258200 206.612000 1037.070000 -13 384 1 0 1.000000
1.795590 -9.587150 0 -29.159900 3.566430 206.295000 1037.650000 -13 385 1 0 1.000000
-15.794300 -9.874570 0 17.205700 1.928200 229.560000 1037.410000 -13 386 1 0 1.000000
-8.734760 -4.162800 0 -14.412700 -14.164800 218.313000 1037.210000 -13 387 1 0 1.000000
-8.834480 -1.145400 0 9.244080 -15.613300 210.300000 1037.550000 -13 388 1 0 1.000000
-4.753170 4.488770 0 5.008000 -15.313200 227.149000 1037.270000 -13 389 1 0 1.000000
1.500010 -22.183100 0 -17.222900 -11.563800 218.505000 1037.810000 -13 390 1 0 1.000000
-0.287649 11.435800 0 -5.215780 -24.572900 212.532000 1037.470000 -13 391 1 0 1.000000
-8.084800 -6.614720 0 4.989230 -12.616000 208.617000 1037.270000 -13 392 1 0 1.000000
31.353500 -6.558740 0 -15.196100 -9.035570 213.378000 1037.610000 -13 393 1 0 1.000000
-16.217500 22.610500 0 6.154720 -1.388460 201.152000 1037.250000 -13 394 1 0 1.000000
-11.339900 -6.227250 0 -19.872600 3.957290 205.591000 1037.550000 -13 395 1 0 1.000000
-18.705200 -15.848300 0 -18.094300 -14.248000 206.975000 1037.470000 -13 396 1 0 1.000000
0.226205 -0.899322 0 16.939000 -27.585100 203.359000 1037.770000 -13 397 1 0 1.000000
-13.763300 -8.457920 0 5.211300 -13.271500 224.255000 1037.490000 -13 398 1 0 1.000000
10.078200 -7.030680 0 -6.393740 -14.391500 202.829000 1037.760000 -13 399 1 0 1.000000
-16.395700 -26.807600 0 -6.149840 0.401869 183.893000 1037.260000 -13 400 1 0 1.000000
-6.149190 -11.179900 0 -17.640800 -1.151270 223.731000 1037.540000 -13 401 1 0 1.000000
-4.626120 -3.563630 0 -0.659658 10.871500 216.382000 1037.690000 -13 402 1 0 1.000000
-15.806800 -4.032280 0 37.379000 -14.381200 214.143000 1037.590000 -13 403 1 0 1.000000
3.275910 0.690414 0 4.514440 -11.286300 220.398000 1037.480000 -13 404 1 0 1.000000
-11.266200 -11.131000 0 1.046400 5.320740 230.010000 1037.500000 -13 405 1 0 1.000000
-5.553220 -29.498600 0 19.489900 14.568100 211.931000 1037.550000 -13 406 1 0 1.000000
-6.252860 -0.710682 0 -12.393500 -12.139800 228.936000 1037.440000 -13 407 1 0 1.000000
11.435200 -0.012933 0 0.975801 11.623400 178.897000 1037.170000 -13 408 1 0 1.000000
-10.619500 -8.838280 0 16.988300 -10.393400 218.106000 1037.740000 -13 409 1 0 1.000000
10.146300 -16.981500 0 -31.588900 5.698070 197.969000 1037.330000 -13 410 1 0 1.000000
-18.896300 6.031020 0 -6.181040 -19.643500 218.244000 1037.420000 -13 411 1 0 1.000000
-20.635600 -3.944750 0 -13.890700 17.365200 218.143000 1037.620000 -13 412 1 0 1.000000
-20.202400 -7.160490 0 -3.900370 15.125900 218.903000 1037.400000 -13 413 1 0 1.000000
11.982000 2.838120 0 1.680320 -9.987530 212.299000 1037.450000 -13 414 1 0 1.000000
-16.417800 -6.162700 0 -20.080100 14.044600 222.798000 1037.640000 -13 415 1 0 1.000000
-7.632910 20.898200 0 -3.707020 2.397540 213.101000 1037.500000 -13 416 1 0 1.000000
5.169390 -3.707650 0 0.139912 10.058100 214.082000 1037.560000 -13 417 1 0 1.000000
-13.522900 -12.554000 0 12.033000 9.243590 223.975000 1037.490000 -13 418 1 0 1.000000
-0.080097 -24.595300 0 8.825380 5.771250 190.173000 1037.470000 -13 419 1 0 1.000000
-12.633300 -8.053130 0 -4.105100 -10.658300 225.692000 1037.400000 -13 420 1 0 1.000000
-19.831100 -7.567620 0 -11.095600 3.674700 193.969000 1037.460000 -13 421 1 0 1.000000
-7.995300 -10.802500 0 16.629200 27.329300 205.670000 1037.670000 -13 422 1 0 1.000000
20.245200 0.735679 0 35.452900 16.944800 208.303000 1037.240000 -13 423 1 0 1.000000
-4.740410 4.397010 0 -4.245010 -31.285300 228.501000 1037.610000 -13 424 1 0 1.000000
1.164360 10.014800 0 -9.185870 -22.451600 201.354000 1037.570000 -13 425 1 0 1.000000
17.144400 -6.104530 0 -17.449400 -1.006070 207.730000 1037.610000 -13 426 1 0 1.000000
-2.953180 -10.645000 0 -6.571370 -10.191600 209.074000 1037.510000 -13 427 1 0 1.000000
-2.414160 -12.871000 0 0.973553 -3.577040 210.037000 1037.260000 -13 428 1 0 1.000000
-4.043870 0.289612 0 -12.736500 -7.204520 220.859000 1037.510000 -13 429 1 0 1.000000
3.771980 -11.834900 0 4.730510 -4.436100 201.329000 1037.810000 -13 430 1 0 1.000000
-8.956070 3.489200 0 -0.035875 19.691000 214.914000 1037.580000 -13 431 1 0 1.000000
4.353480 -4.718170 0 -20.480600 -7.962260 223.788000 1037.530000 -13 432 1 0 1.000000
-21.887400 -9.912830 0 1.814940 2.700580 221.181000 1037.670000 -13 433 1 0 1.000000
3.779060 -6.245530 0 -6.528870 -0.906864 176.603000 1037.500000 -13 434 1 0 1.000000
-10.667000 -10.666200 0 3.038700 5.498160 226.475000 1037.410000 -13 435 1 0 1.000000
-1.494590 11.457600 0 5.607270 -1.149670 217.346000 1037.560000 -13 436 1 0 1.000000
0.712714 -3.809520 0 -3.675610 6.561740 224.632000 1037.510000 -13 437 1 0 1.000000
-7.515530 -0.522095 0 -8.540670 13.769400 229.278000 1037.540000 -13 438 1 0 1.000000
7.325280 -2.252600 0 0.079042 3.163290 224.436000 1037.290000 -13 439 1 0 1.000000
-9.075600 -17.680100 0 -11.511100 0.641720 207.966000 1037.490000 -13 440 1 0 1.000000
-39.459700 0.007290 0 0.583520 14.380300 224.685000 1037.490000 -13 441 1 0 1.000000
-12.638000 -6.164640 0 11.567400 5.964600 200.238000 1037.900000 -13 442 1 0 1.000000
0.442690 -8.907410 0 7.715710 -15.753600 219.388000 1037.510000 -13 443 1 0 1.000000
-12.855400 -10.601100 0 -27.232100 2.142900 218.826000 1037.630000 -13 444 1 0 1.000000
-8.835660 -12.409000 0 -1.366270 7.166880 222.716000 1037.410000 -13 445 1 0 1.000000
6.182150 0.904623 0 -16.989100 0.337471 226.794000 1037.430000 -13 446 1 0 1.000000
13.610000 2.751120 0 -0.732304 5.001460 186.895000 1037.090000 -13 447 1 0 1.000000
-11.774000 -5.244350 0 6.257670 -2.317190 219.082000 1037.590000 -13 448 1 0 1.000000
-20.528600 -25.715800 0 -2.976650 2.136400 203.055000 1037.380000 -13 449 1 0 1.000000
-18.564000 -19.419400 0 31.280700 14.730600 211.998000 1037.480000 -13 450 1 0 1.000000
-12.438700 0.938486 0 2.633170 -13.493500 228.636000 1037.370000 -13 451 1 0 1.000000
-3.326980 -4.672680 0 -10.302300 -12.011700 213.166000 1037.820000 -13 452 1 0 1.000000
15.896800 -4.790440 0 -0.565253 -15.089100 224.354000 1037.350000 -13 453 1 0 1.000000
-10.875200 0.329115 0 2.193530 6.680750 222.103000 1037.480000 -13 454 1 0 1.000000
-1.891780 10.105600 0 -11.669500 -8.158040 229.546000 1037.360000 -13 455 1 0 1.000000
-8.412050 3.660010 0 -14.550900 -39.149400 225.019000 1037.430000 -13 456 1 0 1.000000
-0.750000 6.101420 0 -11.067100 -4.585280 194.915000 1037.580000 -13 457 1 0 1.000000
-18.380000 -1.513310 0 38.128800 -2.792040 212.776000 1037.710000 -13 458 1 0 1.000000
-20.243900 15.430000 0 -6.964140 5.455630 204.128000 1038.130000 -13 459 1 0 1.000000
-16.694700 4.270560 0 24.918100 -2.361680 207.176000 1037.610000 -13 460 1 0 1.000000
-2.613670 -6.333880 0 -23.453300 4.149470 224.691000 1037.550000 -13 461 1 0 1.000000
-8.499020 -1.993280 0 1.660070 1.320330 207.647000 1037.780000 -13 462 1 0 1.000000
-2.933770 -4.150050 0 -7.001710 11.416400 192.135000 1037.790000 -13 463 1 0 1.000000
13.762600 16.729400 0 -49.385500 -28.819200 234.114000 1037.650000 -13 464 1 0 1.000000
6.016250 7.632070 0 4.524640 11.522900 221.570000 1037.580000 -13 465 1 0 1.000000
-26.830700 7.340150 0 1.389970 -1.236850 231.102000 1037.420000 -13 466 1 0 1.000000
-19.675800 -1.823160 0 14.604600 -0.576614 213.351000 1037.740000 -13 467 1 0 1.000000
-0.928625 2.107060 0 16.645000 2.377180 207.881000 1037.530000 -13 468 1 0 1.000000
-11.520700 -16.563700 0 -2.514380 -6.674510 215.024000 1037.590000 -13 469 1 0 1.000000
2.990860 15.785200 0 -35.585200 -27.586900 213.507000 1037.390000 -13 470 1 0 1.000000
-8.154520 -3.740370 0 -19.016400 7.608330 221.793000 1037.380000 -13 471 1 0 1.000000
-11.748000 -3.519560 0 11.064300 -10.388900 226.657000 1037.350000 -13 472 1 0 1.000000
-7.254010 -19.196800 0 10.724500 -7.405560 222.414000 1037.420000 -13 473 1 0 1.000000
-3.380490 5.132370 0 1.804710 -2.695820 201.599000 1037.700000 -13 474 1 0 1.000000
-7.051010 -5.101630 0 -7.955620 12.660700 202.515000 1037.780000 -13 475 1 0 1.000000
-4.113530 3.503960 0 -26.851800 0.947205 210.833000 1037.600000 -13 476 1 0 1.000000
4.943040 -3.815780 0 -2.481800 18.921500 197.157000 1037.310000 -13 477 1 0 1.000000
-10.041700 -17.049300 0 2.958450 18.225400 206.230000 1037.510000 -13 478 1 0 1.000000
-4.728540 -12.654100 0 18.094700 5.401730 216.416000 1037.500000 -13 479 1 0 1.000000
-3.262520 -3.812780 0 15.920600 -42.213900 224.853000 1037.490000 -13 480 1 0 1.000000
-21.723900 -13.165000 0 -20.363600 23.221900 229.235000 1037.740000 -13 481 1 0 1.000000
-19.605600 3.606450 0 -8.370780 10.079100 200.860000 1037.630000 -13 482 1 0 1.000000
-7.545580 -8.515470 0 -3.728470 14.254700 228.520000 1037.290000 -13 483 1 0 1.000000
-4.686040 -4.519940 0 -17.446200 -10.525100 201.996000 1037.650000 -13 484 1 0 1.000000
33.298200 10.333900 0 -16.924800 -6.478970 219.196000 1037.710000 -13 485 1 0 1.000000
-6.301190 9.334560 0 -3.850200 12.308400 196.620000 1037.460000 -13 486 1 0 1.000000
-12.250200 10.060200 0 0.518148 1.111270 231.253000 1037.500000 -13 487 1 0 1.000000
1.245930 -13.944500 0 -2.560430 23.458800 206.865000 1037.580000 -13 488 1 0 1.000000
-5.635180 -14.583500 0 -11.739900 0.819946 217.824000 1037.410000 -13 489 1 0 1.000000
-14.192500 -14.540800 0 -12.421800 -2.040120 221.208000 1037.280000 -13 490 1 0 1.000000
-14.274400 -3.559280 0 18.654400 4.872890 213.695000 1037.690000 -13 491 1 0 1.000000
-11.947300 -14.213300 0 -13.938600 5.870790 220.212000 1037.440000 -13 492 1 0 1.000000
17.838500 -21.486900 0 7.231330 -23.489500 215.930000 1037.420000 -13 493 1 0 1.000000
2.229790 23.063300 0 -4.558480 -8.063040 198.710000 1037.330000 -13 494 1 0 1.000000
-14.849200 -14.453100 0 3.942190 -32.742600 216.957000 1037.650000 -13 495 1 0 1.000000
-26.368000 -7.821590 0 -37.507400 19.616500 220.708000 1037.070000 -13 496 1 0 1.000000
-18.126200 -3.458900 0 -2.619950 4.598830 214.551000 1037.690000 -13 497 1 0 1.000000
-13.666900 -6.110990 0 -2.242940 -8.773020 219.751000 1037.670000 -13 498 1 0 1.000000
2.976100 -20.936600 0 6.572140 -11.449300 220.807000 1037.460000 -13 499 1 0 1.000000
-27.990500 -28.081800 0 -1.030970 -10.475600 208.803000 1037.540000 -13 500 1 0 1.000000
-26.668600 -15.613000 0 1.977550 -12.974000 208.550000 1037.510000 -13 501 1 0 1.000000
-0.499643 -1.478890 0 -2.825250 -6.493060 224.334000 1037.450000 -13 502 1 0 1.000000
-16.074300 -2.326590 0 23.549600 -35.420700 213.420000 1037.630000 -13 503 1 0 1.000000
-31.051200 1.642710 0 -7.452100 19.299400 218.253000 1037.490000 -13 504 1 0 1.000000
-14.598400 -5.212930 0 -3.334360 2.949780 224.686000 1037.390000 -13 505 1 0 1.000000
-8.922200 2.068420 0 0.625441 -14.005800 223.600000 1037.550000 -13 506 1 0 1.000000
-6.332860 -22.429700 0 -17.544300 1.667330 223.603000 1037.470000 -13 507 1 0 1.000000
-0.655834 -22.396600 0 -23.950400 4.475360 209.459000 1037.420000 -13 508 1 0 1.000000
11.061300 -6.635300 0 21.227800 -26.266800 211.015000 1037.430000 -13 509 1 0 1.000000
15.998100 10.123200 0 3.610740 -4.092190 205.828000 1037.470000 -13 510 1 0 1.000000
-16.518500 -1.041850 0 -1.698240 -6.256700 220.011000 1037.440000 -13 511 1 0 1.000000
-13.021100 -2.550260 0 6.677220 8.124770 222.417000 1037.500000 -13 512 1 0 1.000000
4.442780 -7.359730 0 2.626330 -10.678700 212.766000 1037.270000 -13 513 1 0 1.000000
-12.725300 -10.690300 0 10.460600 5.211300 226.333000 1037.380000 -13 514 1 0 1.000000
-11.174000 -2.592320 0 8.546810 -8.613980 217.739000 1037.300000 -13 515 1 0 1.000000
-14.802200 -15.315100 0 -4.079610 -2.508790 223.586000 1037.610000 -13 516 1 0 1.000000
5.236130 -18.127400 0 19.547000 2.313930 201.167000 1037.600000 -13 517 1 0 1.000000
-17.352300 5.916970 0 9.256970 -3.332740 194.451000 1037.600000 -13 518 1 0 1.000000
4.475300 4.840430 0 3.288500 25.260500 210.468000 1037.900000 -13 519 1 0 1.000000
-14.408100 -4.361320 0 6.712720 -10.935100 212.219000 1037.770000 -13 520 1 0 1.000000
-11.608500 -6.454210 0 4.789910 -5.376350 219.900000 1037.350000 -13 521 1 0 1.000000
-1.223560 -4.422620 0 19.357000 13.293800 180.303000 1037.070000 -13 522 1 0 1.000000
-14.840100 13.832800 0 38.462300 -19.877200 206.763000 1037.400000 -13 523 1 0 1.000000
-14.500700 -21.116900 0 -17.477600 21.407500 223.775000 1037.380000 -13 524 1 0 1.000000
-15.369700 -14.145200 0 -3.398030 13.175800 216.341000 1037.510000 -13 525 1 0 1.000000
-1.684830 -10.273200 0 -0.612064 0.229589 218.192000 1037.550000 -13 526 1 0 1.000000
-6.259680 7.665630 0 1.891990 -6.757850 228.978000 1037.480000 -13 527 1 0 1.000000
2.920900 -6.191870 0 -22.817200 -1.461560 217.934000 1037.200000 -13 528 1 0 1.000000
-2.103910 -7.090990 0 2.818730 -19.637700 207.684000 1037.490000 -13 529 1 0 1.000000
-19.020500 -14.889600 0 16.374400 1.145560 222.992000 1037.690000 -13 530 1 0 1.000000
-19.258700 -0.172052 0 -9.128220 -10.132400 215.989000 1037.370000 -13 531 1 0 1.000000
-7.742040 -19.843400 0 -0.190561 -21.864600 214.172000 1037.570000 -13 532 1 0 1.000000
-13.195900 -1.862640 0 2.645560 -2.574540 210.213000 1037.360000 -13 533 1 0 1.000000
-3.512940 21.401500 0 -1.746940 -49.160500 210.591000 1037.200000 -13 534 1 0 1.000000
19.316900 1.198480 0 -24.659700 -3.424320 202.131000 1037.580000 -13 535 1 0 1.000000
-6.714390 -5.903570 0 -20.083400 -1.563760 204.852000 1037.640000 -13 536 1 0 1.000000
8.330230 -12.639300 0 -19.034700 8.546160 199.366000 1037.630000 -13 537 1 0 1.000000
-18.449300 10.582300 0 -0.498486 17.050600 208.453000 1037.550000 -13 538 1 0 1.000000
-8.597400 -2.787630 0 -22.626600 20.718200 221.717000 1037.430000 -13 539 1 0 1.000000
-14.610800 -3.533400 0 -1.185520 5.733320 192.620000 1037.560000 -13 540 1 0 1.000000
-4.263940 -15.599700 0 27.213400 0.297768 213.883000 1037.620000 -13 541 1 0 1.000000
-19.696200 -14.286300 0 -17.576000 13.813900 212.001000 1037.620000 -13 542 1 0 1.000000
18.715100 -6.045320 0 -28.602500 -2.014530 198.593000 1037.560000 -13 543 1 0 1.000000
-10.231000 -2.947430 0 -9.339970 -2.811910 219.129000 1037.450000 -13 544 1 0 1.000000
0.375725 -11.547300 0 14.183500 22.205400 198.307000 1037.630000 -13 545 1 0 1.000000
-15.677200 -7.914280 0 12.277800 17.988200 204.080000 1037.470000 -13 546 1 0 1.000000
-1.916150 -6.484510 0 -29.400400 21.732900 184.912000 1037.100000 -13 547 1 0 1.000000
13.113400 14.558800 0 -7.644210 -13.489100 209.142000 1037.570000 -13 548 1 0 1.000000
-20.713300 -17.272800 0 -4.221840 -11.885100 208.417000 1037.710000 -13 549 1 0 1.000000
-9.288100 -19.953000 0 -1.359500 30.174900 212.655000 1037.560000 -13 550 1 0 1.000000
-11.036400 4.607170 0 9.201440 -3.860870 207.129000 1037.490000 -13 551 1 0 1.000000
2.566700 13.905700 0 -12.984700 -3.041930 216.639000 1037.540000 -13 552 1 0 1.000000
-3.696140 -8.546130 0 3.641120 4.995280 214.998000 1037.290000 -13 553 1 0 1.000000
12.069300 -9.368000 0 -10.021400 -8.692810 213.049000 1037.530000 -13 554 1 0 1.000000
-12.772400 -1.778760 0 -4.291440 10.514500 189.177000 1037.400000 -13 555 1 0 1.000000
-1.893310 6.206090 0 11.511700 3.570610 222.149000 1037.550000 -13 556 1 0 1.000000
12.729800 -3.173510 0 -15.645100 6.192490 216.809000 1037.640000 -13 557 1 0 1.000000
-3.049240 -21.458500 0 9.505290 5.923210 215.308000 1037.650000 -13 558 1 0 1.000000
-8.674150 -23.640400 0 2.483840 13.753100 206.180000 1037.580000 -13 559 1 0 1.000000
-23.152100 -19.680900 0 -28.721200 -37.706500 210.202000 1037.530000 -13 560 1 0 1.000000
23.775600 6.410450 0 7.856570 8.697180 204.573000 1037.240000 -13 561 1 0 1.000000
-5.437100 -3.773400 0 1.388770 -1.593890 216.482000 1037.610000 -13 562 1 0 1.000000
-15.834700 -24.277200 0 -1.443640 8.385530 202.722000 1037.600000 -13 563 1 0 1.000000
-3.821540 -34.282300 0 2.721450 24.297100 219.939000 1037.540000 -13 564 1 0 1.000000
-18.279500 2.688140 0 -7.765950 -32.985400 212.703000 1037.270000 -13 565 1 0 1.000000
-1.121960 -4.440960 0 6.267300 -14.108900 222.511000 1037.500000 -13 566 1 0 1.000000
5.835000 6.235880 0 0.641096 3.578460 207.861000 1037.890000 -13 567 1 0 1.000000
-6.913330 -20.884400 0 -9.859710 8.322030 222.501000 1037.310000 -13 568 1 0 1.000000
-15.779500 -9.101340 0 16.119000 -8.632690 221.529000 1037.460000 -13 569 1 0 1.000000
-20.721600 -12.274300 0 29.008500 -7.373890 207.077000 1037.480000 -13 570 1 0 1.000000
2.580330 -4.318390 0 -8.810130 -2.894170 195.419000 1037.520000 -13 571 1 0 1.000000
-5.781410 -0.336400 0 1.514430 -14.370400 229.175000 1037.480000 -13 572 1 0 1.000000
-13.938400 -2.486510 0 8.623430 -1.385210 223.077000 1037.450000 -13 573 1 0 1.000000
-1.251480 -8.748160 0 -6.777330 -2.786710 205.258000 1037.740000 -13 574 1 0 1.000000
-4.520480 7.061910 0 -23.165300 -9.580390 196.820000 1037.560000 -13 575 1 0 1.000000
6.160300 -9.585920 0 -22.453900 -1.965190 227.785000 1037.500000 -13 576 1 0 1.000000
-2.848870 -5.420320 0 10.591800 -13.117000 210.978000 1037.600000 -13 577 1 0 1.000000
-24.193300 -34.142300 0 1.789800 -13.864400 211.514000 1037.620000 -13 578 1 0 1.000000
-11.436000 -7.725220 0 1.468150 43.013600 209.811000 1037.410000 -13 579 1 0 1.000000
-9.787900 -9.317350 0 7.247900 4.027330 224.266000 1037.370000 -13 580 1 0 1.000000
-12.640400 -23.394700 0 40.442400 15.902000 210.959000 1037.380000 -13 581 1 0 1.000000
-2.571590 -11.767400 0 6.291160 0.715431 201.834000 1037.910000 -13 582 1 0 1.000000
-8.883700 -2.284160 0 -8.530830 4.748000 225.084000 1037.390000 -13 583 1 0 1.000000
12.569200 9.171470 0 -13.270300 -9.044280 189.417000 1037.250000 -13 584 1 0 1.000000
-9.256590 4.572950 0 -0.972818 -10.667600 198.581000 1037.590000 -13 585 1 0 1.000000
-4.254290 -18.997400 0 -44.985700 1.267390 218.566000 1037.620000 -13 586 1 0 1.000000
-7.432010 -3.440940 0 -12.380600 0.095375 232.256000 1037.450000 -13 587 1 0 1.000000
-0.541565 -11.739200 0 -2.506920 -8.720460 224.135000 1037.310000 -13 588 1 0 1.000000
-9.380440 -16.825800 0 -0.535792 -19.640600 220.662000 1037.670000 -13 589 1 0 1.000000
-5.623880 -4.269060 0 -6.549120 3.927720 212.115000 1037.620000 -13 590 1 0 1.000000
-15.550300 -19.962300 0 -5.164030 35.491700 209.590000 1037.390000 -13 591 1 0 1.000000
-26.331200 -15.378000 0 16.972900 0.710120 202.009000 1037.310000 -13 592 1 0 1.000000
23.377500 -4.392550 0 1.741140 -2.169810 217.530000 1037.580000 -13 593 1 0 1.000000
-13.947700 -11.957400 0 3.744730 17.766500 212.703000 1037.360000 -13 594 1 0 1.000000
-1.543950 -6.374180 0 -4.986780 -8.743140 223.294000 1037.240000 -13 595 1 0 1.000000
6.377970 -4.197380 0 -21.201100 -13.842700 234.004000 1037.500000 -13 596 1 0 1.000000
-7.432870 -9.106250 0 -11.287700 -2.452880 220.996000 1037.660000 -13 597 1 0 1.000000
-9.520850 -7.086360 0 -18.164800 -2.902430 217.869000 1037.440000 -13 598 1 0 1.000000
-3.265020 -5.235160 0 -14.442400 -2.192040 212.941000 1037.320000 -13 599 1 0 1.000000
-7.818090 -2.475940 0 11.647400 23.016400 198.653000 1037.580000 -13 600 1 0 1.000000
-22.920600 -27.351800 0 15.367100 24.257400 215.488000 1037.530000 -13 601 1 0 1.000000
-8.159710 -13.681600 0 -6.500270 0.137163 216.949000 1037.500000 -13 602 1 0 1.000000
-10.889800 -3.691630 0 6.930510 11.650300 226.304000 1037.380000 -13 603 1 0 1.000000
-13.920200 5.672260 0 11.843800 -23.417900 221.428000 1037.260000 -13 604 1 0 1.000000
0.239007 5.656110 0 -33.540100 16.970800 201.874000 1037.090000 -13 605 1 0 1.000000
-38.414900 -4.178340 0 27.580500 -5.515540 220.726000 1037.510000 -13 606 1 0 1.000000
-10.831100 -15.041800 0 -5.703020 19.238100 214.480000 1037.220000 -13 607 1 0 1.000000
-25.460500 -17.144300 0 32.747200 28.189300 218.245000 1037.680000 -13 608 1 0 1.000000
-19.896700 -6.153380 0 12.872600 7.274880 213.377000 1037.620000 -13 609 1 0 1.000000
-6.363560 -11.458000 0 30.150300 30.017700 205.208000 1037.650000 -13 610 1 0 1.000000
2.279310 -20.220500 0 -11.069800 5.379640 226.512000 1037.510000 -13 611 1 0 1.000000
-1.096180 1.559530 0 24.532500 2.053610 216.994000 1037.590000 -13 612 1 0 1.000000
-13.857800 -5.877180 0 31.483100 8.545360 197.890000 1037.330000 -13 613 1 0 1.000000
-12.617800 -10.488100 0 -8.784350 -3.610780 207.105000 1037.750000 -13 614 1 0 1.000000
-4.358900 -13.087800 0 -15.968900 -5.527890 220.707000 1037.470000 -13 615 1 0 1.000000
6.125530 -27.771900 0 -5.592340 13.479900 203.844000 1037.640000 -13 616 1 0 1.000000
4.856340 -23.252700 0 -9.918780 6.328070 218.460000 1037.560000 -13 617 1 0 1.000000
17.051000 -8.147490 0 21.806600 -19.528700 223.503000 1037.340000 -13 618 1 0 1.000000
-5.691010 -2.091440 0 -5.565720 -14.944600 225.058000 1037.390000 -13 619 1 0 1.000000
-5.248540 -19.837300 0 -4.648790 7.621340 213.828000 1037.250000 -13 620 1 0 1.000000
-15.676000 -9.371590 0 6.842920 -15.144100 207.623000 1037.450000 -13 621 1 0 1.000000
-12.959600 -9.885760 0 -26.786900 7.145460 225.230000 1037.540000 -13 622 1 0 1.000000
-7.853340 -7.611110 0 -15.244900 1.190190 214.216000 1037.740000 -13 623 1 0 1.000000
-14.038300 -1.991380 0 13.695100 2.397100 208.100000 1037.450000 -13 624 1 0 1.000000
1.761540 -12.962500 0 -30.604600 4.482430 220.110000 1037.330000 -13 625 1 0 1.000000
-19.865800 3.000390 0 11.922200 -19.003000 213.575000 1037.410000 -13 626 1 0 1.000000
-10.352400 -8.066240 0 12.657900 2.625250 211.551000 1037.790000 -13 627 1 0 1.000000
-35.974100 -17.672500 0 1.713710 -7.648110 204.898000 1037.570000 -13 628 1 0 1.000000
-1.341710 -7.291380 0 -23.654400 16.285300 193.364000 1037.460000 -13 629 1 0 1.000000
-8.142740 -9.951570 0 -9.083490 0.767935 224.210000 1037.320000 -13 630 1 0 1.000000
-12.964100 -3.707940 0 34.597100 4.899820 214.588000 1037.450000 -13 631 1 0 1.000000
-0.455187 -9.537870 0 1.918430 -10.119700 219.687000 1037.500000 -13 632 1 0 1.000000
7.890040 24.334000 0 -9.035980 19.424400 216.300000 1037.600000 -13 633 1 0 1.000000
-9.344300 -11.659800 0 7.826510 3.678970 222.915000 1037.560000 -13 634 1 0 1.000000
33.143800 -6.015600 0 -9.890720 -3.459770 222.015000 1037.670000 -13 635 1 0 1.000000
-7.680500 -12.552100 0 -1.766090 12.203700 226.687000 1037.400000 -13 636 1 0 1.000000
-15.306000 -24.318500 0 4.625240 -1.485030 212.624000 1037.440000 -13 637 1 0 1.000000
5.887840 -20.304000 0 -31.705300 -6.715150 227.904000 1037.440000 -13 638 1 0 1.000000
-13.776100 -6.720670 0 4.899180 7.681120 224.083000 1037.470000 -13 639 1 0 1.000000
-7.259860 6.621060 0 -5.876660 2.960180 191.702000 1037.520000 -13 640 1 0 1.000000
-10.624800 2.068690 0 14.236500 -21.175500 218.936000 1037.280000 -13 641 1 0 1.000000
0.254850 8.444590 0 0.610942 16.492700 221.020000 1037.720000 -13 642 1 0 1.000000
-2.387610 -6.481560 0 5.352410 1.272710 212.609000 1037.270000 -13 643 1 0 1.000000
0.324814 -16.723700 0 9.193430 -17.889700 218.032000 1037.500000 -13 644 1 0 1.000000
4.446790 -1.257450 0 -0.211446 -7.668270 221.667000 1037.520000 -13 645 1 0 1.000000
5.160650 -8.349810 0 -16.975800 4.383090 219.722000 1037.450000 -13 646 1 0 1.000000
4.933180 -26.346600 0 -11.837700 2.568000 192.116000 1037.310000 -13 647 1 0 1.000000
2.523890 -10.699100 0 -10.020900 -1.578420 214.228000 1037.260000 -13 648 1 0 1.000000
-1.310290 -20.670900 0 9.916770 -6.743650 222.181000 1037.360000 -13 649 1 0 1.000000
-12.461600 -3.220560 0 24.618900 -0.314627 229.963000 1037.320000 -13 650 1 0 1.000000
6.044860 -3.084230 0 -17.119100 17.015000 223.506000 1037.490000 -13 651 1 0 1.000000
-15.067200 -13.920500 0 -16.796600 39.654100 199.753000 1037.350000 -13 652 1 0 1.000000
1.807800 -17.738400 0 11.928000 5.636950 222.646000 1037.570000 -13 653 1 0 1.000000
-5.373530 -7.207550 0 2.470580 -6.499230 198.531000 1037.640000 -13 654 1 0 1.000000
-7.341830 -15.217900 0 -0.488545 12.333300 217.442000 1037.710000 -13 655 1 0 1.000000
-22.906600 -18.518000 0 -18.614500 -6.839800 207.279000 1037.600000 -13 656 1 0 1.000000
-2.775180 -15.582100 0 -9.159510 10.447300 213.760000 1037.640000 -13 657 1 0 1.000000
-10.662700 -2.389680 0 -9.123640 -10.164600 226.239000 1037.410000 -13 658 1 0 1.000000
-35.198900 -2.745970 0 -38.607300 -8.253300 228.197000 1037.410000 -13 659 1 0 1.000000
-11.050600 2.629930 0 -0.087060 -7.627420 219.024000 1037.710000 -13 660 1 0 1.000000
-7.795850 8.176890 0 6.380970 -22.297600 219.033000 1037.540000 -13 661 1 0 1.000000
-5.141020 -8.929320 0 27.465500 5.966200 213.786000 1037.520000 -13 662 1 0 1.000000
-7.006910 -10.821500 0 2.393590 34.843500 205.801000 1037.420000 -13 663 1 0 1.000000
-0.747859 -9.125140 0 16.770600 -0.939153 212.052000 1037.660000 -13 664 1 0 1.000000
-3.614840 -16.364600 0 -8.121210 12.045900 217.185000 1037.740000 -13 665 1 0 1.000000
1.977770 -4.181530 0 -6.324860 7.356000 214.469000 1037.560000 -13 666 1 0 1.000000
-14.044800 -5.622740 0 -0.155111 0.402416 218.107000 1037.610000 -13 667 1 0 1.000000
-18.712500 -1.808220 0 -6.714250 6.782290 213.123000 1037.610000 -13 668 1 0 1.000000
-10.030500 -21.951600 0 3.603400 5.629890 215.840000 1037.660000 -13 669 1 0 1.000000
-17.870100 -22.170100 0 -19.789600 3.154960 207.001000 1037.290000 -13 670 1 0 1.000000
-3.930490 -8.634310 0 -7.763180 4.297200 219.801000 1037.480000 -13 671 1 0 1.000000
3.445130 -4.292370 0 2.446890 8.278790 208.530000 1037.770000 -13 672 1 0 1.000000
-12.136200 -11.572200 0 10.848900 -6.710940 213.981000 1037.730000 -13 673 1 0 1.000000
-18.318000 -6.812100 0 -4.665290 6.499340 224.132000 1037.430000 -13 674 1 0 1.000000
-14.675000 -11.250700 0 5.733710 24.580400 222.365000 1037.630000 -13 675 1 0 1.000000
0.421489 1.111610 0 -13.153400 -3.283310 221.059000 1037.560000 -13 676 1 0 1.000000
-26.764100 4.895590 0 5.413410 7.476960 219.389000 1037.520000 -13 677 1 0 1.000000
0.265325 -4.441480 0 -9.257260 19.898000 224.029000 1037.470000 -13 678 1 0 1.000000
3.535600 -18.235500 0 17.557300 -6.034210 224.460000 1037.710000 -13 679 1 0 1.000000
7.996170 -9.422740 0 -1.842680 -28.571500 196.321000 1037.550000 -13 680 1 0 1.000000
-4.567560 -11.137700 0 1.657340 -0.495055 198.477000 1037.760000 -13 681 1 0 1.000000
-15.249600 -32.237300 0 -2.714310 -39.203300 213.188000 1037.630000 -13 682 1 0 1.000000
-5.613660 -7.719630 0 -7.657530 -13.294400 218.369000 1037.460000 -13 683 1 0 1.000000
-9.139530 -2.667140 0 -17.174300 -21.804600 222.174000 1037.580000 -13 684 1 0 1.000000
-16.964900 -3.148500 0 2.452970 7.596960 207.726000 1037.740000 -13 685 1 0 1.000000
-2.480900 -3.930690 0 27.583100 19.267800 208.407000 1037.780000 -13 686 1 0 1.000000
-23.108500 -6.053080 0 1.242700 -0.353988 182.677000 1037.230000 -13 687 1 0 1.000000
4.155230 -15.020300 0 -12.693800 5.202020 220.181000 1037.610000 -13 688 1 0 1.000000
-4.312750 -7.022610 0 -3.845140 -14.685300 224.009000 1037.330000 -13 689 1 0 1.000000
-3.675530 -14.332800 0 -13.631600 -0.041605 224.092000 1037.440000 -13 690 1 0 1.000000
1.853380 -9.680330 0 -4.117280 16.050800 206.162000 1037.530000 -13 691 1 0 1.000000
-4.063330 -5.753170 0 -17.002700 -4.598950 212.189000 1037.650000 -13 692 1 0 1.000000
-3.468300 -18.786400 0 13.358100 34.726400 205.784000 1037.580000 -13 693 1 0 1.000000
-21.294400 -14.442700 0 15.759100 -0.677244 188.116000 1037.300000 -13 694 1 0 1.000000
5.954960 -10.334700 0 -7.704950 -13.205500 218.470000 1037.770000 -13 695 1 0 1.000000
-7.704170 3.782210 0 13.450100 -15.015400 213.197000 1037.760000 -13 696 1 0 1.000000
-2.104580 -5.507230 0 -0.686049 -4.435800 207.869000 1037.620000 -13 697 1 0 1.000000
4.820540 -6.272660 0 20.667600 -6.552340 206.552000 1037.470000 -13 698 1 0 1.000000
-7.106650 -4.838110 0 -1.470280 -11.319200 217.382000 1037.280000 -13 699 1 0 1.000000
2.303440 -1.491830 0 5.431000 -9.897810 220.107000 1037.450000 -13 700 1 0 1.000000
-14.727600 -4.511630 0 -7.455030 30.671000 209.011000 1037.770000 -13 701 1 0 1.000000
-24.408400 -19.484700 0 15.404600 -17.777300 205.439000 1037.690000 -13 702 1 0 1.000000
-7.428650 -16.077000 0 -6.721830 -7.417500 221.460000 1037.450000 -13 703 1 0 1.000000
6.104630 8.447510 0 -14.527200 -7.378410 219.338000 1037.400000 -13 704 1 0 1.000000
3.213450 -11.886100 0 15.340700 6.575320 200.603000 1037.610000 -13 705 1 0 1.000000
-18.904200 -0.570884 0 0.418878 3.354000 211.382000 1037.750000 -13 706 1 0 1.000000
-16.229800 4.396440 0 23.591700 -23.762900 208.761000 1037.700000 -13 707 1 0 1.000000
6.711710 24.835800 0 0.961821 -8.744360 214.110000 1037.560000 -13 708 1 0 1.000000
-10.183700 -11.640200 0 5.335630 3.486400 217.663000 1037.620000 -13 709 1 0 1.000000
-20.508300 -12.075300 0 -32.272300 -30.653600 207.685000 1037.400000 -13 710 1 0 1.000000
8.174830 7.630990 0 -6.380430 6.859090 215.383000 1037.570000 -13 711 1 0 1.000000
-6.380450 -6.010500 0 -1.770760 0.342208 226.079000 1037.290000 -13 712 1 0 1.000000
-9.573560 -18.021500 0 -23.142300 9.754420 225.006000 1037.530000 -13 713 1 0 1.000000
-1.009780 -8.699120 0 11.349100 0.925867 223.453000 1037.500000 -13 714 1 0 1.000000
-25.394300 -11.904700 0 13.705300 0.087781 214.522000 1037.740000 -13 715 1 0 1.000000
-18.973300 -3.491150 0 -28.319400 -22.268400 215.988000 1037.540000 -13 716 1 0 1.000000
1.144970 -9.784200 0 -17.630400 9.435890 205.713000 1037.750000 -13 717 1 0 1.000000
-23.953300 -25.288400 0 -33.541900 -30.205600 206.745000 1037.610000 -13 718 1 0 1.000000
-10.888200 -1.306710 0 0.938781 -5.127220 226.281000 1037.380000 -13 719 1 0 1.000000
3.948470 -7.827230 0 3.638520 2.510860 206.165000 1037.660000 -13 720 1 0 1.000000
0.500397 -4.891830 0 -28.640000 -3.215630 212.313000 1037.260000 -13 721 1 0 1.000000
4.723700 -5.627180 0 -3.677580 5.460230 204.719000 1037.610000 -13 722 1 0 1.000000
-25.953600 9.525770 0 10.751900 0.642011 227.958000 1037.540000 -13 723 1 0 1.000000
2.360340 10.830800 0 10.264300 -32.477500 195.971000 1037.320000 -13 724 1 0 1.000000
-3.858720 -4.486810 0 2.955090 1.499770 228.987000 1037.610000 -13 725 1 0 1.000000
-7.508670 -4.488930 0 6.185580 -7.554800 195.788000 1037.720000 -13 726 1 0 1.000000
0.470313 -17.579600 0 -7.308080 4.156030 192.723000 1037.620000 -13 727 1 0 1.000000
-2.898440 -15.875900 0 -8.137510 3.869510 222.355000 1037.630000 -13 728 1 0 1.000000
-5.081250 -22.845400 0 -12.060400 3.685820 222.860000 1037.220000 -13 729 1 0 1.000000
-20.226100 -2.958860 0 -16.054400 2.123430 222.508000 1037.350000 -13 730 1 0 1.000000
-12.817600 -11.160000 0 -16.257500 11.199700 220.746000 1037.330000 -13 731 1 0 1.000000
-5.867630 0.802903 0 3.281180 15.267600 223.707000 1037.540000 -13 732 1 0 1.000000
-23.613000 -16.043000 0 22.708000 7.969790 221.318000 1037.650000 -13 733 1 0 1.000000
0.981391 -2.869180 0 -5.168860 -2.559170 212.866000 1037.530000 -13 734 1 0 1.000000
-18.922300 -0.218837 0 23.381100 6.940720 220.997000 1037.540000 -13 735 1 0 1.000000
-2.229830 12.707100 0 -14.146200 15.500400 218.604000 1037.720000 -13 736 1 0 1.000000
-29.537100 -16.099200 0 9.905330 0.662301 203.318000 1037.600000 -13 737 1 0 1.000000
32.399000 -0.913864 0 -13.606200 -8.277740 212.870000 1037.280000 -13 738 1 0 1.000000
-11.676800 1.790740 0 5.805480 -22.407600 207.342000 1037.630000 -13 739 1 0 1.000000
-3.784690 -18.176700 0 -50.370700 7.503880 219.803000 1037.600000 -13 740 1 0 1.000000
-17.580400 -11.040400 0 -30.563300 31.636500 211.321000 1037.430000 -13 741 1 0 1.000000
2.264060 -4.849890 0 -37.805100 -15.110300 217.159000 1037.530000 -13 742 1 0 1.000000
-17.717600 12.631600 0 18.856600 3.744400 212.225000 1037.570000 -13 743 1 0 1.000000
-14.301200 7.002110 0 3.994350 -5.679750 219.748000 1037.560000 -13 744 1 0 1.000000
-27.797000 -7.004840 0 10.864200 -6.706400 211.619000 1037.460000 -13 745 1 0 1.000000
-3.390650 -15.282500 0 8.376560 2.105140 200.423000 1037.610000 -13 746 1 0 1.000000
-1.446300 0.188136 0 23.711600 -8.845950 221.216000 1037.480000 -13 747 1 0 1.000000
-5.761500 2.222390 0 5.902030 0.293064 224.402000 1037.550000 -13 748 1 0 1.000000
11.857100 -10.906400 0 14.301500 -11.274600 197.279000 1037.420000 -13 749 1 0 1.000000
-3.284470 -4.413790 0 -9.364250 1.240920 227.431000 1037.430000 -13 750 1 0 1.000000
-6.971170 3.170640 0 -20.970500 11.273300 212.314000 1037.740000 -13 751 1 0 1.000000
-1.762980 -17.771700 0 -14.399200 -14.152900 230.395000 1037.500000 -13 752 1 0 1.000000
-9.416210 4.173790 0 3.483050 -8.155510 218.353000 1037.330000 -13 753 1 0 1.000000
-14.602200 18.707600 0 7.413450 -1.415490 213.012000 1037.530000 -13 754 1 0 1.000000
-24.104900 -5.302980 0 25.639100 1.673710 220.669000 1037.560000 -13 755 1 0 1.000000
-14.382300 -13.056100 0 -14.372200 -0.641968 221.953000 1037.460000 -13 756 1 0 1.000000
-24.186100 -28.738200 0 -7.627210 -0.082292 204.699000 1037.460000 -13 757 1 0 1.000000
-1.939010 -7.144400 0 -3.182400 -2.142880 220.429000 1037.570000 -13 758 1 0 1.000000
3.700400 -11.976500 0 8.246040 -24.158300 213.311000 1037.590000 -13 759 1 0 1.000000
-31.768500 -4.200340 0 29.586000 -6.452480 200.575000 1037.750000 -13 760 1 0 1.000000
2.141360 -5.558790 0 3.355800 22.004500 215.378000 1037.720000 -13 761 1 0 1.000000
8.838650 -3.879030 0 2.053030 -13.153900 206.756000 1037.620000 -13 762 1 0 1.000000
-14.412300 -18.062500 0 -0.568270 13.590300 227.877000 1037.500000 -13 763 1 0 1.000000
-13.662400 -27.568400 0 8.740070 29.529000 204.355000 1037.380000 -13 764 1 0 1.000000
-6.304650 11.246200 0 -3.088780 6.068840 212.423000 1037.550000 -13 765 1 0 1.000000
11.883300 -25.467900 0 5.844040 11.216600 209.127000 1037.670000 -13 766 1 0 1.000000
13.618600 7.106520 0 -27.559200 -41.717600 229.760000 1037.600000 -13 767 1 0 1.000000
-9.693070 -5.624600 0 7.169310 0.544457 208.702000 1037.830000 -13 768 1 0 1.000000
-5.681130 -15.452900 0 -13.137600 -4.191930 220.108000 1037.670000 -13 769 1 0 1.000000
3.082760 -11.503100 0 -11.432000 11.406300 215.855000 1037.340000 -13 770 1 0 1.000000
-22.645200 -25.138600 0 -22.244800 -30.165500 216.047000 1037.820000 -13 771 1 0 1.000000
-2.857290 2.520510 0 12.124100 0.489680 213.804000 1037.620000 -13 772 1 0 1.000000
-21.405000 -9.720190 0 6.940220 7.902030 213.870000 1037.700000 -13 773 1 0 1.000000
15.087900 -14.319600 0 -23.335800 -11.231000 212.667000 1037.500000 -13 774 1 0 1.000000
11.375600 11.063000 0 11.542700 -1.786330 204.609000 1037.590000 -13 775 1 0 1.000000
-1.158210 -19.310000 0 0.834863 18.523100 182.503000 1037.390000 -13 776 1 0 1.000000
7.198160 -8.982190 0 22.957100 29.406700 194.381000 1037.510000 -13 777 1 0 1.000000
-21.579700 -16.426900 0 -17.382000 -54.171600 206.799000 1037.280000 -13 778 1 0 1.000000
13.824000 -9.777920 0 23.670100 6.472880 193.842000 1037.450000 -13 779 1 0 1.000000
0.183787 -19.594900 0 -10.084200 10.545100 212.580000 1037.600000 -13 780 1 0 1.000000
-36.923600 -10.236900 0 5.908590 -13.344400 208.966000 1037.260000 -13 781 1 0 1.000000
-15.987800 -31.642100 0 -22.724000 -14.391800 205.199000 1037.540000 -13 782 1 0 1.000000
-2.429660 -11.704100 0 -3.968570 7.841690 227.182000 1037.320000 -13 783 1 0 1.000000
-10.354900 -3.258060 0 16.336000 -6.654070 215.001000 1037.640000 -13 784 1 0 1.000000
-17.046700 3.404030 0 -10.154600 17.944300 219.586000 1037.420000 -13 785 1 0 1.000000
-10.213500 -14.047400 0 -19.476200 6.240370 221.263000 1037.490000 -13 786 1 0 1.000000
21.503000 -10.378100 0 -15.971400 -13.256400 219.521000 1037.520000 -13 787 1 0 1.000000
4.083160 -13.738500 0 -8.840380 11.048800 199.321000 1037.600000 -13 788 1 0 1.000000
-3.869900 -13.093200 0 -1.053070 -4.899350 216.541000 1037.560000 -13 789 1 0 1.000000
14.292200 -11.989900 0 -8.908020 -12.173700 210.448000 1037.300000 -13 790 1 0 1.000000
-24.901500 -3.201860 0 -5.579500 3.667560 202.095000 1037.200000 -13 791 1 0 1.000000
-8.699680 6.561970 0 9.597460 3.242070 184.338000 1037.360000 -13 792 1 0 1.000000
-2.202540 -19.251500 0 8.762540 7.342550 210.280000 1037.610000 -13 793 1 0 1.000000
-10.142400 -10.178600 0 -9.445010 -24.004900 224.364000 1037.530000 -13 794 1 0 1.000000
-17.655700 -21.945000 0 -3.707050 6.746730 221.277000 1037.530000 -13 795 1 0 1.000000
-19.013400 -38.219200 0 5.499370 -29.072200 222.723000 1037.530000 -13 796 1 0 1.000000
-11.702700 -1.190650 0 -14.830700 9.015950 223.337000 1037.530000 -13 797 1 0 1.000000
-10.660700 -6.768480 0 -14.849300 -1.100380 219.272000 1037.580000 -13 798 1 0 1.000000
-8.719870 -20.317500 0 -3.438990 5.655330 214.925000 1037.640000 -13 799 1 0 1.000000
10.231300 -3.806170 0 -9.149520 -0.039393 217.462000 1037.630000 -13 800 1 0 1.000000
-2.547010 3.544040 0 -2.343840 -13.026500 221.879000 1037.270000 -13 801 1 0 1.000000
-9.019920 -7.722340 0 3.178410 -10.396000 219.175000 1037.460000 -13 802 1 0 1.000000
23.943600 -2.007210 0 5.219770 7.777440 223.635000 1037.740000 -13 803 1 0 1.000000
1.613720 2.721390 0 24.520000 -3.673780 195.457000 1037.400000 -13 804 1 0 1.000000
4.525530 -8.447570 0 6.716650 0.229175 197.012000 1037.940000 -13 805 1 0 1.000000
-7.908140 36.298900 0 -13.256700 -27.232800 192.646000 1037.750000 -13 806 1 0 1.000000
-1.031700 -5.336070 0 0.926995 29.360300 210.449000 1037.740000 -13 807 1 0 1.000000
-13.060100 -4.428870 0 6.329060 3.690610 223.347000 1037.440000 -13 808 1 0 1.000000
-0.499578 -13.356800 0 3.116200 -14.482100 209.440000 1037.410000 -13 809 1 0 1.000000
10.161000 -14.213700 0 -7.920210 -0.165633 210.719000 1037.500000 -13 810 1 0 1.000000
-7.542460 -20.565100 0 16.127700 -1.885500 222.940000 1037.650000 -13 811 1 0 1.000000
-23.790000 -13.470600 0 8.313640 0.962069 197.355000 1037.720000 -13 812 1 0 1.000000
-3.711830 7.605950 0 -0.227759 2.580310 216.179000 1037.720000 -13 813 1 0 1.000000
-16.508900 -7.125540 0 18.815600 3.633560 199.292000 1037.660000 -13 814 1 0 1.000000
1.302790 7.632740 0 -26.713600 -11.490900 212.170000 1037.680000 -13 815 1 0 1.000000
22.158600 -33.573700 0 -9.648160 -11.252100 216.824000 1037.270000 -13 816 1 0 1.000000
-15.725400 -7.580000 0 -4.920630 4.210720 204.704000 1037.750000 -13 817 1 0 1.000000
-5.750900 -19.144800 0 -2.367960 -5.297580 225.166000 1037.550000 -13 818 1 0 1.000000
14.173100 -0.835330 0 -1.915800 5.572160 219.930000 1037.700000 -13 819 1 0 1.000000
-2.116410 5.232260 0 1.490060 0.956004 205.590000 1037.820000 -13 820 1 0 1.000000
-8.351160 9.810180 0 -0.961254 -12.471600 210.313000 1037.670000 -13 821 1 0 1.000000
8.344610 3.375070 0 3.598210 -2.696930 217.215000 1037.590000 -13 822 1 0 1.000000
-3.182190 0.444507 0 -5.391180 -1.768490 224.940000 1037.370000 -13 823 1 0 1.000000
9.154070 -3.714330 0 31.621700 19.144000 203.143000 1037.460000 -13 824 1 0 1.000000
-4.497410 -16.699700 0 4.669410 3.320290 220.194000 1037.590000 -13 825 1 0 1.000000
-5.782330 -2.839290 0 -0.893809 3.726760 229.246000 1037.610000 -13 826 1 0 1.000000
-18.081200 -22.889500 0 3.841290 -12.334800 225.161000 1037.500000 -13 827 1 0 1.000000
-13.909800 8.848030 0 27.429200 -15.298800 207.630000 1037.310000 -13 828 1 0 1.000000
-17.771900 -20.317800 0 48.374100 20.409000 215.688000 1037.750000 -13 829 1 0 1.000000
-6.659550 -16.433000 0 2.110140 -0.636910 222.092000 1037.540000 -13 830 1 0 1.000000
0.014646 6.995540 0 8.070070 -22.007400 208.765000 1037.600000 -13 831 1 0 1.000000
-13.363900 -21.237900 0 3.088570 11.931700 218.506000 1037.780000 -13 832 1 0 1.000000
1.449950 -16.033300 0 19.892000 -10.554400 213.878000 1037.640000 -13 833 1 0 1.000000
-3.444810 -24.613900 0 10.455000 18.364300 188.927000 1037.720000 -13 834 1 0 1.000000
-6.429590 -10.229000 0 5.505100 18.218200 225.267000 1037.350000 -13 835 1 0 1.000000
7.814070 -14.073900 0 3.489370 -12.156500 210.305000 1037.720000 -13 836 1 0 1.000000
-7.913390 3.909060 0 -19.373700 -7.742660 220.412000 1037.420000 -13 837 1 0 1.000000
-17.053000 -5.525160 0 17.562100 -9.247090 224.011000 1037.330000 -13 838 1 0 1.000000
18.644500 -21.210500 0 7.807790 5.239180 225.776000 1037.690000 -13 839 1 0 1.000000
-12.160800 1.704480 0 -10.515100 37.661400 195.452000 1037.160000 -13 840 1 0 1.000000
1.307180 -24.519000 0 -0.015716 1.527780 199.790000 1037.040000 -13 841 1 0 1.000000
-21.059900 -1.239730 0 -3.731450 -12.003300 220.690000 1037.710000 -13 842 1 0 1.000000
10.426600 5.804240 0 -1.973070 7.649920 211.696000 1037.520000 -13 843 1 0 1.000000
-16.435000 4.648450 0 0.842047 -2.987760 220.634000 1037.520000 -13 844 1 0 1.000000
-2.749620 3.820430 0 -9.834970 -9.003310 209.912000 1037.750000 -13 845 1 0 1.000000
30.036000 -7.664920 0 -21.515600 8.552960 214.859000 1037.660000 -13 846 1 0 1.000000
3.998310 -8.498430 0 -1.454850 -4.983240 218.735000 1037.390000 -13 847 1 0 1.000000
-33.579100 -23.035400 0 -0.301099 -1.849310 203.175000 1037.670000 -13 848 1 0 1.000000
-16.081000 -1.763480 0 -1.340650 17.303100 216.410000 1037.520000 -13 849 1 0 1.000000
-20.236200 -8.155000 0 -5.772240 21.848300 223.127000 1037.420000 -13 850 1 0 1.000000
-10.090800 3.915780 0 1.732340 -8.201220 227.089000 1037.400000 -13 851 1 0 1.000000
-8.588900 -3.690680 0 -13.004700 9.163620 208.842000 1037.620000 -13 852 1 0 1.000000
-14.197500 -10.011500 0 13.322700 1.205030 220.590000 1037.450000 -13 853 1 0 1.000000
-14.135000 -4.050750 0 -14.531200 -9.129790 205.250000 1037.720000 -13 854 1 0 1.000000
-25.135900 3.044360 0 9.895950 2.381950 202.139000 1037.500000 -13 855 1 0 1.000000
-3.573120 -10.452800 0 -9.313580 8.734870 220.247000 1037.500000 -13 856 1 0 1.000000
-5.015230 -1.933300 0 1.718540 -17.457900 220.931000 1037.490000 -13 857 1 0 1.000000
1.866120 -19.819200 0 -8.380990 36.608700 223.490000 1037.520000 -13 858 1 0 1.000000
10.765400 -11.229300 0 -21.384200 -15.062500 207.395000 1037.510000 -13 859 1 0 1.000000
-4.824970 -2.844060 0 -10.016000 14.953000 214.717000 1037.330000 -13 860 1 0 1.000000
-13.521600 -9.735600 0 6.189660 0.865279 226.799000 1037.450000 -13 861 1 0 1.000000
5.775730 -21.519500 0 0.991936 -30.444700 209.362000 1037.510000 -13 862 1 0 1.000000
-10.311000 0.057301 0 19.605300 0.760349 219.940000 1037.550000 -13 863 1 0 1.000000
-5.410320 -8.193230 0 -6.752520 15.840900 219.602000 1037.380000 -13 864 1 0 1.000000
1.108330 -12.141000 0 7.221990 19.478000 196.529000 1037.800000 -13 865 1 0 1.000000
-18.310100 -17.847200 0 2.144190 8.011150 212.530000 1037.450000 -13 866 1 0 1.000000
-14.317700 -18.702000 0 11.964800 2.707830 217.969000 1037.500000 -13 867 1 0 1.000000
-0.171690 -22.458000 0 -21.780500 -15.071100 218.082000 1037.590000 -13 868 1 0 1.000000
