#BLTrackFile solenoid_cooling_channel
#x y z Px Py Pz t PDGid EvNum TrkId Parent weight
-2.945990 -3.615020 0 0.000000 0.000000 203.000000 1209.830000 -13 1 1 0 1.000000
-7.073250 -3.180000 0 8.024910 -11.961900 201.750000 1209.870000 -13 2 1 0 1.000000
-3.499830 -5.109020 0 14.774000 -17.772800 203.917000 1209.880000 -13 3 1 0 1.000000
-6.528800 8.309410 0 -23.402200 8.252340 214.613000 1209.680000 -13 4 1 0 1.000000
-3.877550 -0.822044 0 -2.467590 9.248450 198.666000 1209.940000 -13 5 1 0 1.000000
-6.406990 1.190690 0 -1.990300 0.129492 189.127000 1209.780000 -13 6 1 0 1.000000
-4.236230 -1.636880 0 -0.760021 -4.364300 192.985000 1209.760000 -13 7 1 0 1.000000
-8.188440 -13.462400 0 -1.177660 5.168510 196.439000 1209.930000 -13 8 1 0 1.000000
1.511220 3.568620 0 -7.295530 3.049170 205.652000 1210.290000 -13 9 1 0 1.000000
-7.280820 -0.539954 0 -3.479220 5.889770 220.953000 1209.880000 -13 10 1 0 1.000000
-4.471230 -5.155390 0 -14.367200 0.806424 223.576000 1210.100000 -13 11 1 0 1.000000
2.913250 -3.007320 0 4.564810 14.970700 197.457000 1209.870000 -13 12 1 0 1.000000
-3.176230 -8.329330 0 -0.657437 7.750100 187.689000 1209.790000 -13 13 1 0 1.000000
1.384280 0.161661 0 -17.998700 12.182800 225.062000 1209.880000 -13 14 1 0 1.000000
1.646990 -6.113570 0 -10.126400 -6.462530 196.650000 1209.610000 -13 15 1 0 1.000000
-12.292300 8.167240 0 23.859200 -8.884180 203.063000 1209.720000 -13 16 1 0 1.000000
-9.982410 -9.417440 0 7.302780 22.145200 198.634000 1209.820000 -13 17 1 0 1.000000
-2.859550 -3.209200 0 -7.579060 15.192700 225.636000 1209.830000 -13 18 1 0 1.000000
5.436530 -2.728450 0 -19.345600 -9.541890 207.663000 1209.720000 -13 19 1 0 1.000000
-2.052720 -8.971830 0 -11.228700 -0.002642 211.110000 1209.910000 -13 20 1 0 1.000000
-7.441960 -1.018330 0 5.045540 23.919000 225.499000 1209.660000 -13 21 1 0 1.000000
3.046330 -5.846950 0 3.699950 -25.244000 201.655000 1209.710000 -13 22 1 0 1.000000
-12.038300 3.497340 0 5.742180 -11.557800 206.965000 1209.970000 -13 23 1 0 1.000000
-3.580030 -13.540700 0 1.652840 -1.252510 200.933000 1209.820000 -13 24 1 0 1.000000
0.505485 -1.936980 0 5.756030 6.093370 189.128000 1209.710000 -13 25 1 0 1.000000
-0.131415 -1.342050 0 7.399210 15.143000 200.727000 1209.880000 -13 26 1 0 1.000000
0.167820 -8.012960 0 9.980850 11.673500 198.273000 1209.720000 -13 27 1 0 1.000000
-3.728830 -3.446010 0 -12.174100 -0.586033 196.803000 1209.860000 -13 28 1 0 1.000000
2.300200 -1.187780 0 3.206120 -6.859630 189.658000 1209.920000 -13 29 1 0 1.000000
3.047310 -10.573300 0 8.736930 6.634710 211.528000 1209.990000 -13 30 1 0 1.000000
-8.969460 -0.344600 0 -2.546120 0.623614 196.160000 1209.930000 -13 31 1 0 1.000000
-7.649280 -13.947200 0 5.646130 24.692600 210.281000 1209.740000 -13 32 1 0 1.000000
-2.765290 -5.155410 0 -21.286500 5.238850 191.261000 1209.690000 -13 33 1 0 1.000000
-0.805970 -6.510660 0 2.200560 3.723030 213.499000 1209.710000 -13 34 1 0 1.000000
-4.183370 -4.628970 0 -3.166250 -4.121440 213.064000 1209.940000 -13 35 1 0 1.000000
-4.765330 -2.156270 0 11.679800 1.980370 207.634000 1210.040000 -13 36 1 0 1.000000
-3.109830 0.789239 0 16.287000 -12.189600 198.106000 1209.910000 -13 37 1 0 1.000000
5.086240 2.863760 0 11.165400 23.533100 209.890000 1209.970000 -13 38 1 0 1.000000
1.332850 8.953320 0 -10.198100 -17.304900 209.833000 1209.820000 -13 39 1 0 1.000000
7.619070 -2.514110 0 -0.182879 2.312360 193.663000 1209.950000 -13 40 1 0 1.000000
-0.498650 -7.100050 0 6.790500 5.153590 215.920000 1209.890000 -13 41 1 0 1.000000
-4.568050 2.010840 0 -5.936280 -4.839200 211.675000 1209.920000 -13 42 1 0 1.000000
-0.709968 -6.872810 0 5.035320 0.501692 216.136000 1209.860000 -13 43 1 0 1.000000
-3.481550 -5.648740 0 -13.657200 13.370700 229.748000 1209.610000 -13 44 1 0 1.000000
-0.842765 -15.716300 0 12.704800 -25.096000 224.961000 1209.690000 -13 45 1 0 1.000000
-6.220370 -0.067586 0 -4.755090 -22.892100 194.238000 1209.830000 -13 46 1 0 1.000000
-5.240720 -10.302600 0 0.224759 -17.846500 195.894000 1209.700000 -13 47 1 0 1.000000
2.115410 -5.704430 0 -2.205820 -1.508040 210.458000 1209.860000 -13 48 1 0 1.000000
-3.875610 -0.739644 0 -40.621500 -5.678550 208.146000 1209.740000 -13 49 1 0 1.000000
-2.499110 -7.337610 0 -9.352620 15.228500 190.367000 1209.640000 -13 50 1 0 1.000000
-15.546400 -5.461960 0 -9.588650 -1.410700 218.556000 1209.670000 -13 51 1 0 1.000000
-6.517250 2.767620 0 1.077690 -0.633943 220.394000 1209.830000 -13 52 1 0 1.000000
5.768810 -5.548320 0 -6.069930 12.603300 213.219000 1209.990000 -13 53 1 0 1.000000
-2.905900 -4.382600 0 15.530800 7.928620 214.466000 1209.770000 -13 54 1 0 1.000000
5.889020 -0.984813 0 9.788860 18.238400 237.403000 1210.060000 -13 55 1 0 1.000000
2.814310 -6.075840 0 -3.697680 5.349460 193.148000 1209.700000 -13 56 1 0 1.000000
-4.415810 1.432260 0 10.699300 7.377260 209.644000 1209.870000 -13 57 1 0 1.000000
-5.951980 -0.279705 0 7.259140 4.696670 216.819000 1209.920000 -13 58 1 0 1.000000
-0.704370 -5.171030 0 -10.390300 -1.009920 187.722000 1209.820000 -13 59 1 0 1.000000
-0.359630 -20.559300 0 -10.079400 1.672380 205.071000 1209.840000 -13 60 1 0 1.000000
-0.177040 -6.467260 0 -0.422729 10.021100 215.799000 1209.930000 -13 61 1 0 1.000000
9.028600 -8.632410 0 15.918900 -7.365800 209.730000 1209.960000 -13 62 1 0 1.000000
-3.580190 -11.524200 0 -14.866200 -14.291200 205.999000 1209.830000 -13 63 1 0 1.000000
-0.336778 3.328180 0 4.194810 10.512600 208.203000 1209.620000 -13 64 1 0 1.000000
0.157479 -2.160570 0 -13.437000 8.680770 201.403000 1209.860000 -13 65 1 0 1.000000
1.661630 -10.132600 0 -6.486700 -5.614850 196.825000 1209.920000 -13 66 1 0 1.000000
-7.424780 -0.149514 0 -5.814140 18.675500 207.158000 1209.880000 -13 67 1 0 1.000000
-6.169650 -8.662470 0 2.026030 5.858370 220.919000 1209.750000 -13 68 1 0 1.000000
-5.015910 -5.659120 0 -0.458380 9.368940 220.525000 1209.730000 -13 69 1 0 1.000000
-4.929550 -3.243730 0 -15.597800 -21.002500 208.767000 1209.790000 -13 70 1 0 1.000000
2.506770 1.735680 0 9.969320 -3.291290 187.405000 1209.750000 -13 71 1 0 1.000000
-9.008180 4.757680 0 8.465450 -4.875530 194.997000 1209.820000 -13 72 1 0 1.000000
-1.038430 1.790850 0 1.191310 5.621580 194.549000 1209.910000 -13 73 1 0 1.000000
-0.101858 -6.604970 0 14.918200 -7.459910 218.172000 1209.730000 -13 74 1 0 1.000000
-5.118690 0.309841 0 -4.850590 -0.343100 209.761000 1209.880000 -13 75 1 0 1.000000
8.464290 -5.132960 0 6.860420 12.376900 210.381000 1209.920000 -13 76 1 0 1.000000
6.679410 2.196260 0 -10.027100 13.363100 219.154000 1209.660000 -13 77 1 0 1.000000
1.416790 11.667900 0 -6.816750 -9.504720 212.425000 1209.650000 -13 78 1 0 1.000000
-4.091440 4.645610 0 16.838100 -0.856778 198.931000 1209.710000 -13 79 1 0 1.000000
-3.964880 2.923380 0 -2.230200 5.087240 192.699000 1209.720000 -13 80 1 0 1.000000
-12.512800 -15.558500 0 2.318770 -4.781980 234.917000 1209.780000 -13 81 1 0 1.000000
-1.291740 -0.388252 0 5.500060 -19.579500 195.144000 1209.750000 -13 82 1 0 1.000000
-4.279500 9.180580 0 -0.991370 4.030640 222.523000 1210.040000 -13 83 1 0 1.000000
1.501710 -15.349900 0 2.608280 8.257040 190.975000 1209.810000 -13 84 1 0 1.000000
2.028750 -10.415800 0 -10.099400 1.691130 205.543000 1209.750000 -13 85 1 0 1.000000
-9.463890 -8.830370 0 18.897800 13.392200 229.517000 1209.870000 -13 86 1 0 1.000000
-9.529230 -15.653100 0 -8.999090 -6.149370 208.686000 1209.760000 -13 87 1 0 1.000000
-11.719800 -12.256300 0 20.712800 18.635800 212.481000 1210.060000 -13 88 1 0 1.000000
-1.198550 -2.807090 0 -14.261900 -12.529600 190.756000 1209.720000 -13 89 1 0 1.000000
1.975940 -7.199790 0 -9.065270 -7.729700 221.446000 1209.860000 -13 90 1 0 1.000000
-3.196840 -8.672310 0 -0.273563 0.218214 202.602000 1209.860000 -13 91 1 0 1.000000
-13.927800 -12.234600 0 23.285400 4.769530 215.039000 1210.130000 -13 92 1 0 1.000000
4.923180 7.641020 0 -0.026193 -9.587910 203.254000 1209.890000 -13 93 1 0 1.000000
4.823260 3.315850 0 -7.100530 -11.304100 210.419000 1209.900000 -13 94 1 0 1.000000
-6.418270 -5.211840 0 11.757700 -3.747150 203.172000 1209.960000 -13 95 1 0 1.000000
-15.973400 -8.882700 0 3.040820 -3.458990 222.029000 1210.000000 -13 96 1 0 1.000000
-1.759430 0.159039 0 5.320990 -5.327500 193.953000 1209.810000 -13 97 1 0 1.000000
0.050383 -2.415110 0 6.591640 28.581300 195.125000 1209.870000 -13 98 1 0 1.000000
-9.479250 -10.773800 0 -13.520000 -11.352600 207.019000 1209.770000 -13 99 1 0 1.000000
-4.597410 -4.557120 0 -12.322000 -19.837500 201.253000 1209.880000 -13 100 1 0 1.000000
-5.837860 -1.457830 0 17.383800 5.710780 195.812000 1209.830000 -13 101 1 0 1.000000
-7.366090 3.466840 0 25.470900 -8.487700 236.777000 1209.720000 -13 102 1 0 1.000000
-7.288110 -11.226800 0 -5.011270 1.614980 208.808000 1209.930000 -13 103 1 0 1.000000
-1.169810 -1.230290 0 22.175200 21.789900 230.593000 1209.800000 -13 104 1 0 1.000000
1.078530 -1.878700 0 -17.795200 2.176980 215.748000 1209.970000 -13 105 1 0 1.000000
-7.997090 2.482280 0 -17.537900 11.708800 195.196000 1209.860000 -13 106 1 0 1.000000
-4.347080 -3.872580 0 43.406200 1.025830 197.514000 1209.940000 -13 107 1 0 1.000000
-0.921189 -9.763350 0 1.288960 12.686600 192.400000 1209.840000 -13 108 1 0 1.000000
-12.742900 6.312350 0 -12.127300 2.488230 209.260000 1209.670000 -13 109 1 0 1.000000
-0.060017 -3.585750 0 8.867770 2.711420 194.058000 1209.650000 -13 110 1 0 1.000000
-3.374800 10.469900 0 5.016650 -7.365440 200.030000 1209.840000 -13 111 1 0 1.000000
-10.378500 3.184030 0 -12.187200 -18.869800 201.054000 1209.770000 -13 112 1 0 1.000000
-5.456150 1.862560 0 14.436600 -13.836300 206.106000 1209.990000 -13 113 1 0 1.000000
9.708640 5.315100 0 -5.948320 12.020900 206.413000 1209.720000 -13 114 1 0 1.000000
-4.439970 -0.160950 0 8.420500 -15.307500 203.217000 1209.950000 -13 115 1 0 1.000000
-16.071700 -9.925200 0 -0.820779 20.418800 215.472000 1209.890000 -13 116 1 0 1.000000
5.352540 -6.969340 0 -22.732100 5.015520 191.412000 1209.710000 -13 117 1 0 1.000000
-12.356300 -3.045800 0 -9.157530 22.765200 204.891000 1209.880000 -13 118 1 0 1.000000
-5.258680 9.639100 0 24.679400 -26.555300 229.883000 1209.740000 -13 119 1 0 1.000000
-1.184000 0.052892 0 -15.603300 -7.936780 199.244000 1209.850000 -13 120 1 0 1.000000
-9.534870 4.153880 0 13.852500 4.049880 214.162000 1209.710000 -13 121 1 0 1.000000
-6.451990 -2.117670 0 -13.087600 -3.595970 200.632000 1209.910000 -13 122 1 0 1.000000
-3.130410 -0.084806 0 10.504600 -4.329580 199.537000 1209.750000 -13 123 1 0 1.000000
-7.905050 5.351330 0 6.560720 13.482800 206.579000 1209.840000 -13 124 1 0 1.000000
-4.341020 -0.864400 0 -3.987000 29.879500 202.846000 1209.730000 -13 125 1 0 1.000000
-10.817700 -4.443060 0 12.008000 31.268700 205.157000 1209.720000 -13 126 1 0 1.000000
2.741930 -11.337800 0 -14.419000 -2.093230 207.559000 1210.040000 -13 127 1 0 1.000000
7.851660 2.273650 0 -2.164880 1.377940 204.758000 1209.970000 -13 128 1 0 1.000000
1.498080 -13.989200 0 -2.048590 7.076090 207.402000 1209.670000 -13 129 1 0 1.000000
-4.943200 -0.184859 0 -3.641500 -15.497400 230.716000 1209.640000 -13 130 1 0 1.000000
0.348218 -3.681880 0 0.130691 -9.868370 204.189000 1209.830000 -13 131 1 0 1.000000
7.055460 -11.780700 0 -4.110980 3.554780 211.670000 1209.860000 -13 132 1 0 1.000000
-3.887540 -2.712420 0 8.405830 -1.513250 205.879000 1209.900000 -13 133 1 0 1.000000
-7.452970 0.798113 0 9.554860 -4.759660 190.465000 1209.780000 -13 134 1 0 1.000000
-4.199020 -10.037300 0 -6.012590 -23.470600 215.082000 1209.860000 -13 135 1 0 1.000000
-16.094600 -5.009640 0 -14.815800 -26.197300 231.761000 1209.760000 -13 136 1 0 1.000000
0.546044 -7.447840 0 14.088600 -20.814500 196.114000 1209.820000 -13 137 1 0 1.000000
-1.833790 -19.822600 0 -9.560440 17.079900 218.707000 1209.670000 -13 138 1 0 1.000000
-8.944910 1.522240 0 25.006500 4.187590 227.021000 1209.660000 -13 139 1 0 1.000000
3.939450 -3.612030 0 8.637460 14.656000 202.259000 1209.910000 -13 140 1 0 1.000000
-5.388470 -5.361140 0 41.610900 -8.972940 200.103000 1209.960000 -13 141 1 0 1.000000
-1.762010 -3.781530 0 2.749380 -0.177602 211.282000 1209.840000 -13 142 1 0 1.000000
-1.615750 -0.121670 0 1.521210 14.905300 196.913000 1209.880000 -13 143 1 0 1.000000
-4.974010 -5.911620 0 -9.115270 0.763884 193.876000 1209.760000 -13 144 1 0 1.000000
-5.199620 5.032310 0 4.348440 -34.016700 237.052000 1209.800000 -13 145 1 0 1.000000
-0.230208 0.115625 0 7.017890 -3.159920 202.244000 1209.900000 -13 146 1 0 1.000000
10.706800 -1.622070 0 -20.417100 7.120980 224.170000 1209.970000 -13 147 1 0 1.000000
4.053270 0.836270 0 -7.502390 -7.054920 195.238000 1209.940000 -13 148 1 0 1.000000
-0.104196 -1.024050 0 14.060400 -27.092800 219.346000 1209.820000 -13 149 1 0 1.000000
-7.041790 -2.325410 0 8.603460 6.483240 193.085000 1209.880000 -13 150 1 0 1.000000
-1.604380 2.031630 0 3.155370 1.360430 195.512000 1209.810000 -13 151 1 0 1.000000
0.530971 11.088100 0 -5.258970 2.641190 222.854000 1209.860000 -13 152 1 0 1.000000
-5.749210 -2.573830 0 -2.905670 2.354690 188.562000 1209.760000 -13 153 1 0 1.000000
-3.173560 -2.535480 0 6.753340 -1.579760 185.164000 1209.710000 -13 154 1 0 1.000000
-1.119690 -11.772300 0 5.305570 4.793960 212.916000 1209.850000 -13 155 1 0 1.000000
-1.097930 -6.911960 0 -6.035140 21.354600 221.726000 1209.920000 -13 156 1 0 1.000000
-7.784120 -20.783900 0 -16.364400 -6.242690 196.502000 1209.810000 -13 157 1 0 1.000000
-6.844320 5.324580 0 -4.519210 -12.101500 231.809000 1209.780000 -13 158 1 0 1.000000
-0.803832 -10.898600 0 -3.713130 12.134300 224.826000 1209.970000 -13 159 1 0 1.000000
5.285460 -4.889870 0 -1.245070 -20.103200 197.889000 1209.870000 -13 160 1 0 1.000000
-1.111000 -6.533490 0 13.610400 0.979014 195.966000 1209.910000 -13 161 1 0 1.000000
-4.661830 -2.532460 0 -2.179720 -9.528260 229.897000 1209.920000 -13 162 1 0 1.000000
-1.811660 4.675230 0 10.131300 -4.900680 200.274000 1209.660000 -13 163 1 0 1.000000
-3.340000 5.686710 0 3.291990 -13.087700 202.152000 1209.600000 -13 164 1 0 1.000000
5.034320 5.907770 0 -17.362200 2.809660 204.991000 1209.840000 -13 165 1 0 1.000000
-3.293560 -1.043490 0 -18.930500 6.259270 200.369000 1209.800000 -13 166 1 0 1.000000
-9.851000 -0.882303 0 -1.002160 18.742000 204.805000 1209.890000 -13 167 1 0 1.000000
-6.336300 12.534500 0 -0.017622 20.039300 225.461000 1209.820000 -13 168 1 0 1.000000
-0.866487 -6.670890 0 -3.093410 -10.460100 221.216000 1209.970000 -13 169 1 0 1.000000
11.970500 -3.677920 0 -15.258500 15.117600 212.607000 1209.750000 -13 170 1 0 1.000000
-3.178290 -8.273560 0 -16.344500 4.276710 193.620000 1209.820000 -13 171 1 0 1.000000
3.654100 -2.540020 0 8.854880 15.014800 218.412000 1210.160000 -13 172 1 0 1.000000
-2.514520 -11.790600 0 3.881130 12.262100 199.126000 1209.810000 -13 173 1 0 1.000000
-5.250400 -10.522500 0 11.297000 -13.297900 203.064000 1209.990000 -13 174 1 0 1.000000
-2.079820 -3.002280 0 4.070670 -21.192200 219.336000 1209.870000 -13 175 1 0 1.000000
-0.095872 -3.766910 0 5.898920 10.050800 201.852000 1209.950000 -13 176 1 0 1.000000
2.161280 -0.618867 0 -6.620490 4.054650 200.339000 1209.930000 -13 177 1 0 1.000000
-4.110100 -5.332520 0 3.374560 5.837540 205.452000 1209.550000 -13 178 1 0 1.000000
7.587210 -0.710177 0 -14.881100 0.279241 199.351000 1209.810000 -13 179 1 0 1.000000
2.254190 -1.104070 0 -17.800200 11.676100 199.224000 1209.700000 -13 180 1 0 1.000000
2.714710 -14.998900 0 -0.858761 19.107800 211.365000 1210.020000 -13 181 1 0 1.000000
-0.080292 -12.335100 0 0.949225 -16.845300 197.167000 1209.770000 -13 182 1 0 1.000000
-6.384890 -2.391660 0 4.844560 5.561480 207.441000 1209.950000 -13 183 1 0 1.000000
-5.571770 -11.603300 0 -9.359180 21.158700 209.816000 1209.900000 -13 184 1 0 1.000000
-8.106660 5.903320 0 -0.560513 -11.923700 220.082000 1209.660000 -13 185 1 0 1.000000
-0.630986 4.850560 0 -9.319890 -10.327600 213.283000 1209.900000 -13 186 1 0 1.000000
3.282630 -9.312820 0 -4.936020 12.317000 201.269000 1209.800000 -13 187 1 0 1.000000
-6.259950 -2.125940 0 3.944490 -13.683100 206.302000 1210.060000 -13 188 1 0 1.000000
-0.304581 -6.292070 0 -18.740600 3.092730 217.842000 1209.860000 -13 189 1 0 1.000000
-3.747500 -3.528470 0 15.182500 -1.509480 204.482000 1210.030000 -13 190 1 0 1.000000
-4.614990 -11.981300 0 20.425400 25.668900 206.830000 1209.950000 -13 191 1 0 1.000000
-6.243220 0.643450 0 -20.857300 -2.375450 193.016000 1209.720000 -13 192 1 0 1.000000
-2.872890 1.521090 0 2.494750 -1.365480 186.013000 1209.720000 -13 193 1 0 1.000000
-12.419400 -2.028700 0 -18.917300 -9.272970 210.369000 1209.900000 -13 194 1 0 1.000000
0.389935 -6.094040 0 -22.225800 7.389790 219.153000 1209.870000 -13 195 1 0 1.000000
-4.404590 -12.835500 0 -0.819916 -0.172790 201.809000 1209.860000 -13 196 1 0 1.000000
2.957040 -13.949900 0 -16.766200 15.760600 208.770000 1209.750000 -13 197 1 0 1.000000
-8.488420 1.184190 0 -0.543191 17.859900 207.632000 1209.800000 -13 198 1 0 1.000000
-13.548600 -12.237600 0 -13.922700 0.273001 196.725000 1209.790000 -13 199 1 0 1.000000
-2.072230 -0.157027 0 -3.739010 -1.249770 191.074000 1209.900000 -13 200 1 0 1.000000
-4.138420 -0.575178 0 8.325190 -4.193780 203.265000 1209.960000 -13 201 1 0 1.000000
3.459260 -7.503110 0 -0.870328 -16.573100 214.951000 1209.940000 -13 202 1 0 1.000000
-11.193300 -9.671800 0 -14.890900 10.788800 218.964000 1209.850000 -13 203 1 0 1.000000
-13.671200 -1.776090 0 17.974400 11.497400 208.145000 1209.760000 -13 204 1 0 1.000000
-10.466100 1.006950 0 27.273000 -13.690800 230.191000 1209.850000 -13 205 1 0 1.000000
-10.904800 -6.232580 0 10.748400 -6.466900 226.931000 1209.760000 -13 206 1 0 1.000000
10.980300 -6.475230 0 -5.459890 5.728240 192.325000 1209.810000 -13 207 1 0 1.000000
-3.995510 -6.800730 0 39.809700 11.156700 206.381000 1209.710000 -13 208 1 0 1.000000
4.689090 -6.987240 0 -5.660610 10.910800 195.700000 1209.830000 -13 209 1 0 1.000000
-2.561860 -6.385490 0 8.504520 7.949660 204.104000 1209.920000 -13 210 1 0 1.000000
2.115430 -1.614790 0 14.373500 17.227000 199.958000 1209.680000 -13 211 1 0 1.000000
0.602626 -3.623530 0 0.197713 -12.130500 213.327000 1210.050000 -13 212 1 0 1.000000
-10.372800 -8.956870 0 -14.067300 -18.208200 191.229000 1209.800000 -13 213 1 0 1.000000
-6.152420 -4.959520 0 3.503760 -10.971900 222.966000 1209.850000 -13 214 1 0 1.000000
-5.869520 3.521540 0 -6.210880 -11.835700 211.714000 1210.000000 -13 215 1 0 1.000000
-6.487800 -3.593940 0 31.781700 -5.129240 201.958000 1210.250000 -13 216 1 0 1.000000
-1.870570 -4.604720 0 6.046780 6.013680 195.712000 1210.010000 -13 217 1 0 1.000000
-10.279800 -2.515770 0 14.731900 -9.527380 213.586000 1209.970000 -13 218 1 0 1.000000
-3.016960 -10.828800 0 -20.261000 3.739600 199.027000 1209.650000 -13 219 1 0 1.000000
-4.299260 -7.527180 0 30.796300 -14.736700 220.099000 1209.630000 -13 220 1 0 1.000000
-3.138010 -1.598070 0 7.328970 -2.524280 188.545000 1209.920000 -13 221 1 0 1.000000
-7.640590 -4.418530 0 14.211500 -12.241800 203.548000 1209.860000 -13 222 1 0 1.000000
-0.051571 -2.036040 0 13.229300 -10.842700 186.991000 1209.930000 -13 223 1 0 1.000000
-8.538660 -5.632950 0 -6.354480 1.777950 209.779000 1209.880000 -13 224 1 0 1.000000
-6.394560 -7.223610 0 -9.364070 1.255770 224.484000 1210.110000 -13 225 1 0 1.000000
15.001900 -2.591750 0 16.803300 -2.080230 214.794000 1209.960000 -13 226 1 0 1.000000
1.141470 -1.406750 0 -22.757400 -1.263800 223.557000 1209.580000 -13 227 1 0 1.000000
-6.967580 -6.203270 0 -14.932700 -21.345200 191.715000 1209.800000 -13 228 1 0 1.000000
-0.943732 -13.238300 0 -4.129820 26.158800 194.636000 1209.750000 -13 229 1 0 1.000000
-6.466720 -4.115230 0 -9.620910 5.388110 206.122000 1210.040000 -13 230 1 0 1.000000
-1.036740 -5.349190 0 12.509200 -22.622800 196.452000 1209.860000 -13 231 1 0 1.000000
-9.022580 -14.259000 0 1.627900 13.298000 228.730000 1210.030000 -13 232 1 0 1.000000
-2.353280 -2.352480 0 -17.171400 18.406200 216.357000 1210.030000 -13 233 1 0 1.000000
3.292540 1.884730 0 -6.465630 1.082160 205.484000 1210.010000 -13 234 1 0 1.000000
-5.392520 -0.274631 0 -18.868600 18.979800 204.230000 1209.930000 -13 235 1 0 1.000000
3.975020 -7.982210 0 -9.254820 6.921090 213.006000 1209.860000 -13 236 1 0 1.000000
-9.153470 -6.524880 0 -24.867600 11.336800 239.408000 1209.920000 -13 237 1 0 1.000000
0.956106 -11.756600 0 14.419700 -19.761000 201.669000 1209.880000 -13 238 1 0 1.000000
-0.194527 -1.910040 0 -36.662500 -13.026000 200.425000 1209.720000 -13 239 1 0 1.000000
0.042308 -0.776276 0 -9.777990 -1.117480 209.345000 1209.870000 -13 240 1 0 1.000000
-12.124000 -0.926478 0 0.049146 -12.826600 210.123000 1209.740000 -13 241 1 0 1.000000
-9.960480 -4.298190 0 -27.678200 9.674090 210.104000 1209.620000 -13 242 1 0 1.000000
-2.224110 11.844900 0 17.395600 -17.523300 202.732000 1209.920000 -13 243 1 0 1.000000
-9.798570 -2.510980 0 -13.661400 11.459800 197.299000 1209.880000 -13 244 1 0 1.000000
-10.244800 -5.521120 0 -24.690600 -5.255280 199.756000 1209.940000 -13 245 1 0 1.000000
-5.818660 -1.306580 0 -1.551140 -5.066500 217.062000 1209.870000 -13 246 1 0 1.000000
-9.381010 1.607950 0 -7.493220 6.423180 210.568000 1209.650000 -13 247 1 0 1.000000
7.234640 9.446260 0 -3.342090 14.596700 216.482000 1209.670000 -13 248 1 0 1.000000
-1.786740 0.788787 0 8.106010 5.757540 199.953000 1209.960000 -13 249 1 0 1.000000
-7.361250 -6.513120 0 -17.338200 5.094600 211.541000 1209.970000 -13 250 1 0 1.000000
-7.670080 0.349860 0 23.834400 -27.973100 232.602000 1209.930000 -13 251 1 0 1.000000
-15.230900 9.976020 0 4.320030 -12.959900 221.868000 1209.680000 -13 252 1 0 1.000000
-1.778150 -8.006610 0 -1.626660 -11.663500 221.647000 1209.960000 -13 253 1 0 1.000000
-7.278180 -6.698180 0 16.888100 42.902800 233.532000 1209.850000 -13 254 1 0 1.000000
11.526000 -11.463300 0 -34.302700 15.539100 213.898000 1209.720000 -13 255 1 0 1.000000
-4.363750 -0.243095 0 -17.770700 -2.910400 226.976000 1209.650000 -13 256 1 0 1.000000
5.985170 -8.488620 0 -10.636100 -2.327830 210.930000 1209.830000 -13 257 1 0 1.000000
-3.715710 -2.081760 0 -3.140980 3.431830 204.131000 1210.000000 -13 258 1 0 1.000000
-8.091660 -10.921800 0 -10.913000 -9.938240 196.533000 1209.930000 -13 259 1 0 1.000000
-4.241700 -12.192400 0 22.926200 48.778000 215.859000 1209.770000 -13 260 1 0 1.000000
-7.557720 -2.417490 0 0.453140 -7.181050 202.073000 1209.680000 -13 261 1 0 1.000000
-4.133130 -7.308230 0 10.868200 1.308540 206.405000 1209.950000 -13 262 1 0 1.000000
-11.167800 -2.605420 0 -20.807100 -13.004600 210.945000 1209.850000 -13 263 1 0 1.000000
-18.021200 1.216780 0 6.190980 -0.419803 213.716000 1209.660000 -13 264 1 0 1.000000
4.672920 -2.778070 0 -11.133200 3.925980 195.227000 1209.800000 -13 265 1 0 1.000000
-16.702500 1.455340 0 -25.019000 29.028700 210.341000 1209.690000 -13 266 1 0 1.000000
-13.977100 -1.131180 0 4.492720 6.654400 218.181000 1209.740000 -13 267 1 0 1.000000
-10.004000 2.015220 0 22.645100 14.487000 207.293000 1209.860000 -13 268 1 0 1.000000
-5.943380 2.004590 0 -14.030100 9.169860 197.515000 1209.880000 -13 269 1 0 1.000000
-19.972600 -6.554980 0 -10.739000 1.335720 223.515000 1209.800000 -13 270 1 0 1.000000
-4.717950 1.409280 0 -26.945800 -24.825800 199.369000 1209.730000 -13 271 1 0 1.000000
-7.353090 -10.897900 0 -0.303917 -5.101290 210.661000 1209.910000 -13 272 1 0 1.000000
4.698390 -15.822400 0 -33.799000 -10.777900 212.186000 1209.710000 -13 273 1 0 1.000000
-6.299030 -1.302680 0 51.896400 -8.833230 225.329000 1209.910000 -13 274 1 0 1.000000
-9.846090 -2.928790 0 -9.793870 13.081800 208.762000 1209.890000 -13 275 1 0 1.000000
-1.546280 -5.503150 0 20.639700 12.805300 226.838000 1209.760000 -13 276 1 0 1.000000
-4.571370 3.169930 0 2.407370 15.156300 197.796000 1210.000000 -13 277 1 0 1.000000
-0.992985 -7.810130 0 -0.446826 -11.337500 210.959000 1209.730000 -13 278 1 0 1.000000
1.526080 -3.527370 0 -7.728820 -5.718720 186.323000 1209.700000 -13 279 1 0 1.000000
12.881300 -9.867000 0 15.029300 21.342200 213.463000 1209.870000 -13 280 1 0 1.000000
-4.412210 8.374460 0 10.119500 -1.702040 196.630000 1209.750000 -13 281 1 0 1.000000
2.940820 -2.252650 0 16.039300 1.329960 206.747000 1209.950000 -13 282 1 0 1.000000
-6.824480 -3.793990 0 -22.009600 17.804800 205.277000 1209.910000 -13 283 1 0 1.000000
-14.054800 -9.770420 0 12.639800 -11.147500 221.141000 1209.640000 -13 284 1 0 1.000000
-8.090010 -4.754450 0 -28.831600 -13.038700 200.048000 1209.890000 -13 285 1 0 1.000000
-16.233900 -7.232150 0 -15.379300 -24.156000 215.211000 1209.850000 -13 286 1 0 1.000000
-7.067890 3.472700 0 -17.368000 12.629600 198.071000 1209.760000 -13 287 1 0 1.000000
-0.593987 -3.162310 0 6.541770 -1.796070 213.255000 1209.900000 -13 288 1 0 1.000000
-2.885140 2.827840 0 -7.049380 -10.151400 210.170000 1209.710000 -13 289 1 0 1.000000
-0.321596 -8.806200 0 7.535280 -9.756090 197.867000 1209.910000 -13 290 1 0 1.000000
-5.915860 -8.845570 0 28.155700 4.592860 195.303000 1209.910000 -13 291 1 0 1.000000
-7.855660 4.183620 0 13.511600 -4.046810 206.336000 1209.810000 -13 292 1 0 1.000000
-4.066760 -7.070630 0 21.466200 -12.456200 219.002000 1209.860000 -13 293 1 0 1.000000
-6.733920 -3.471130 0 -29.468100 0.925475 206.620000 1210.010000 -13 294 1 0 1.000000
-4.421430 7.042040 0 9.300220 4.734530 213.171000 1209.940000 -13 295 1 0 1.000000
-14.237400 -11.601500 0 6.247450 2.489230 212.307000 1209.810000 -13 296 1 0 1.000000
-9.563540 -5.569050 0 6.606400 9.472130 209.086000 1209.870000 -13 297 1 0 1.000000
-0.345105 -3.833130 0 4.399620 3.654890 206.543000 1209.900000 -13 298 1 0 1.000000
-2.269750 -6.989400 0 2.485920 4.952290 206.037000 1209.750000 -13 299 1 0 1.000000
-10.104500 0.342407 0 -15.023200 3.023740 202.853000 1209.920000 -13 300 1 0 1.000000
5.113000 -16.141500 0 35.247700 -40.267200 220.478000 1209.780000 -13 301 1 0 1.000000
6.186670 -5.361330 0 -15.838900 8.373340 202.565000 1209.600000 -13 302 1 0 1.000000
-9.551080 -6.567310 0 -3.814300 -18.005500 212.403000 1209.900000 -13 303 1 0 1.000000
2.683310 -0.692587 0 1.729610 12.897100 195.381000 1209.730000 -13 304 1 0 1.000000
-4.032890 4.983240 0 -3.685580 -2.256710 197.578000 1209.940000 -13 305 1 0 1.000000
-5.212620 -4.848440 0 -10.151400 35.027900 209.878000 1209.850000 -13 306 1 0 1.000000
-4.971010 -1.634930 0 -12.311100 9.060760 193.344000 1209.860000 -13 307 1 0 1.000000
-1.734710 -14.448500 0 8.759340 -2.545830 213.473000 1209.920000 -13 308 1 0 1.000000
-7.433230 -2.103010 0 -5.583240 -24.537600 212.350000 1209.690000 -13 309 1 0 1.000000
12.698900 -4.470070 0 -9.856670 -0.387968 193.628000 1209.910000 -13 310 1 0 1.000000
3.390260 -5.958680 0 -3.539400 11.559800 225.237000 1209.930000 -13 311 1 0 1.000000
-2.762510 -17.637600 0 -10.069700 25.278200 204.491000 1209.770000 -13 312 1 0 1.000000
-7.445460 5.459600 0 7.278360 32.748500 201.589000 1209.780000 -13 313 1 0 1.000000
7.817250 -12.056600 0 -0.765298 14.051000 194.869000 1209.800000 -13 314 1 0 1.000000
-4.241350 -9.959480 0 1.172470 -23.483600 205.684000 1209.870000 -13 315 1 0 1.000000
-5.592460 2.465840 0 5.765920 1.861520 205.198000 1209.970000 -13 316 1 0 1.000000
1.431970 8.280180 0 -28.826900 -19.390300 232.509000 1209.830000 -13 317 1 0 1.000000
1.428100 -15.193500 0 17.390900 10.217500 202.767000 1209.840000 -13 318 1 0 1.000000
-0.390317 0.958373 0 27.360800 36.977000 213.649000 1209.710000 -13 319 1 0 1.000000
-5.867670 -1.275910 0 4.555470 4.459200 220.390000 1209.900000 -13 320 1 0 1.000000
-0.108349 0.226934 0 13.957700 6.785860 198.467000 1209.930000 -13 321 1 0 1.000000
-4.584510 1.788630 0 2.523360 5.073870 211.504000 1209.900000 -13 322 1 0 1.000000
7.049200 3.160790 0 -10.409300 -12.520200 197.752000 1209.890000 -13 323 1 0 1.000000
4.703330 -6.356160 0 19.562200 -5.092390 212.500000 1209.690000 -13 324 1 0 1.000000
-8.482280 -7.995160 0 20.534400 -12.244000 197.948000 1209.930000 -13 325 1 0 1.000000
-6.321360 -4.623270 0 14.796700 10.101700 206.053000 1209.960000 -13 326 1 0 1.000000
-1.351880 -12.078400 0 -24.235700 18.490600 202.188000 1209.780000 -13 327 1 0 1.000000
-1.086710 -8.635340 0 1.727050 0.436790 191.374000 1209.810000 -13 328 1 0 1.000000
-5.655340 -13.041500 0 11.035800 -7.824550 210.451000 1209.950000 -13 329 1 0 1.000000
8.245170 7.764930 0 9.954610 -0.021351 203.938000 1209.650000 -13 330 1 0 1.000000
-7.748560 -4.616160 0 2.914560 -7.808450 217.514000 1209.950000 -13 331 1 0 1.000000
-11.966000 -12.762800 0 -23.732900 -29.126300 221.354000 1209.720000 -13 332 1 0 1.000000
0.331781 -5.128320 0 12.149100 7.844450 202.504000 1209.860000 -13 333 1 0 1.000000
-3.985410 -2.874340 0 -6.993840 -6.707990 212.323000 1210.030000 -13 334 1 0 1.000000
-2.050760 -0.348248 0 11.005300 0.937057 194.493000 1209.890000 -13 335 1 0 1.000000
-13.138400 -4.168630 0 -9.218200 -22.785200 228.798000 1210.060000 -13 336 1 0 1.000000
-4.200200 -5.827890 0 2.180940 -0.785323 208.115000 1210.060000 -13 337 1 0 1.000000
4.910230 15.095700 0 5.081120 -11.732500 210.963000 1210.010000 -13 338 1 0 1.000000
-1.415880 7.989730 0 11.870700 1.896340 211.580000 1209.910000 -13 339 1 0 1.000000
9.711850 3.777360 0 13.951700 -16.969700 215.673000 1209.800000 -13 340 1 0 1.000000
-9.249310 -4.729830 0 10.770200 -5.328090 206.150000 1209.930000 -13 341 1 0 1.000000
-8.693640 -7.055680 0 -14.432600 -2.871650 212.010000 1209.840000 -13 342 1 0 1.000000
0.333584 -10.096900 0 -1.715370 -12.853900 209.160000 1209.660000 -13 343 1 0 1.000000
1.830400 -6.851370 0 -3.978240 -6.045360 215.469000 1209.910000 -13 344 1 0 1.000000
3.168390 -0.523812 0 16.189800 4.302790 204.642000 1209.870000 -13 345 1 0 1.000000
15.215500 -5.896230 0 -49.232900 15.432700 240.097000 1209.780000 -13 346 1 0 1.000000
-5.666950 -1.095380 0 -7.819910 -12.888400 206.032000 1209.970000 -13 347 1 0 1.000000
-2.923610 3.060690 0 -7.075270 20.528200 199.707000 1209.950000 -13 348 1 0 1.000000
6.774510 3.947830 0 -11.041700 -5.727530 210.891000 1209.780000 -13 349 1 0 1.000000
-2.534730 0.099641 0 -7.370000 -11.885700 210.541000 1209.950000 -13 350 1 0 1.000000
-0.593452 -1.973950 0 11.438900 -6.691250 212.320000 1209.570000 -13 351 1 0 1.000000
-6.876530 -11.111900 0 1.597820 -1.637720 200.324000 1209.810000 -13 352 1 0 1.000000
6.161790 -2.008660 0 -27.474900 0.074824 203.598000 1209.960000 -13 353 1 0 1.000000
-4.924860 2.996830 0 4.458600 -34.072700 221.689000 1209.730000 -13 354 1 0 1.000000
-8.111370 1.451950 0 -29.447700 47.955800 227.536000 1209.760000 -13 355 1 0 1.000000
-1.820660 -5.596710 0 -7.681820 15.870300 227.803000 1209.810000 -13 356 1 0 1.000000
-5.050320 4.812150 0 -5.038360 7.695140 210.318000 1209.980000 -13 357 1 0 1.000000
-2.696900 -0.383770 0 -4.227660 -25.855900 216.127000 1209.830000 -13 358 1 0 1.000000
-13.132800 -0.477546 0 0.907795 0.003826 222.663000 1209.820000 -13 359 1 0 1.000000
-3.427900 -7.173600 0 8.173050 5.065420 207.120000 1209.830000 -13 360 1 0 1.000000
-0.179210 -3.883670 0 -7.562670 4.507450 240.539000 1209.860000 -13 361 1 0 1.000000
-9.148430 -9.532260 0 -4.569800 3.104400 205.453000 1209.990000 -13 362 1 0 1.000000
-2.728210 1.948150 0 -8.384480 -27.205000 217.805000 1209.980000 -13 363 1 0 1.000000
-2.977880 -0.941288 0 -17.670200 -13.025500 215.445000 1209.650000 -13 364 1 0 1.000000
-14.223500 -2.677510 0 28.504900 0.601266 230.420000 1209.660000 -13 365 1 0 1.000000
-0.439909 7.061680 0 -11.532500 20.031000 202.843000 1209.790000 -13 366 1 0 1.000000
6.336060 -12.698700 0 1.595450 2.222860 205.904000 1209.640000 -13 367 1 0 1.000000
-6.541340 -3.241680 0 -0.248179 -13.026700 193.687000 1209.900000 -13 368 1 0 1.000000
-6.998990 0.543503 0 0.521856 -29.228400 203.708000 1209.750000 -13 369 1 0 1.000000
5.564720 -3.198460 0 32.593800 22.990200 199.041000 1209.750000 -13 370 1 0 1.000000
-1.451020 -10.890500 0 -15.486300 -9.179730 228.036000 1209.600000 -13 371 1 0 1.000000
-14.923300 -8.894370 0 -23.085700 9.640810 217.522000 1209.890000 -13 372 1 0 1.000000
-1.183080 -10.722500 0 6.018610 0.355921 220.055000 1209.910000 -13 373 1 0 1.000000
0.898157 -11.337200 0 -13.138600 3.909280 207.661000 1209.770000 -13 374 1 0 1.000000
2.829350 5.407660 0 -7.434830 5.398790 209.357000 1209.920000 -13 375 1 0 1.000000
-2.083560 -6.372330 0 15.427700 29.958700 220.934000 1209.730000 -13 376 1 0 1.000000
4.168050 -5.627580 0 -6.130250 27.000300 219.684000 1209.570000 -13 377 1 0 1.000000
-3.375650 3.818960 0 25.995000 22.323900 227.286000 1209.730000 -13 378 1 0 1.000000
-2.688570 -3.723900 0 1.974670 -8.180190 193.635000 1209.910000 -13 379 1 0 1.000000
-8.401150 4.809380 0 22.196900 -8.717790 200.946000 1209.870000 -13 380 1 0 1.000000
-10.829200 -14.968400 0 -6.907710 0.616126 222.398000 1209.690000 -13 381 1 0 1.000000
-1.302180 0.832759 0 3.081620 -13.385500 206.185000 1210.030000 -13 382 1 0 1.000000
-2.706900 3.177530 0 30.701600 -5.986400 226.973000 1209.850000 -13 383 1 0 1.000000
17.329600 3.020380 0 -10.438300 3.069530 233.048000 1210.050000 -13 384 1 0 1.000000
-11.201700 -4.626490 0 -34.135300 17.678600 228.137000 1209.710000 -13 385 1 0 1.000000
-6.539780 -3.638360 0 -1.679440 7.627300 199.302000 1209.650000 -13 386 1 0 1.000000
-4.024360 -8.802180 0 2.282170 1.306360 191.915000 1209.940000 -13 387 1 0 1.000000
-3.014000 3.560950 0 -21.082800 -1.289100 199.957000 1209.660000 -13 388 1 0 1.000000
-6.915230 -9.505690 0 -4.426390 13.860300 196.722000 1209.890000 -13 389 1 0 1.000000
-13.413000 -2.335740 0 -5.354700 12.828900 201.488000 1209.890000 -13 390 1 0 1.000000
-11.658900 -9.008330 0 17.023700 -7.230460 213.919000 1209.860000 -13 391 1 0 1.000000
6.197580 3.244410 0 0.201217 -4.495620 199.109000 1209.870000 -13 392 1 0 1.000000
-17.560400 -14.803100 0 11.905500 1.227770 213.841000 1209.900000 -13 393 1 0 1.000000
-2.090730 4.350810 0 14.205400 9.935930 162.221000 1210.760000 -13 394 1 0 1.000000
-3.256280 -5.790020 0 4.335630 -11.464200 201.443000 1209.930000 -13 395 1 0 1.000000
-8.174730 -3.578480 0 15.969000 -3.542470 206.414000 1209.870000 -13 396 1 0 1.000000
-5.384240 -5.897950 0 5.137040 4.810620 219.073000 1209.880000 -13 397 1 0 1.000000
-10.624500 -9.261180 0 1.191970 2.510510 196.378000 1209.890000 -13 398 1 0 1.000000
-3.811640 -2.799140 0 12.793300 -0.393494 200.712000 1209.870000 -13 399 1 0 1.000000
1.268260 2.014970 0 0.692465 8.823410 212.365000 1209.720000 -13 400 1 0 1.000000
0.550658 -4.607470 0 -3.422450 6.698220 207.135000 1209.900000 -13 401 1 0 1.000000
-3.325240 2.614820 0 -0.070064 8.090590 195.618000 1209.620000 -13 402 1 0 1.000000
-9.691800 1.465490 0 2.243620 8.547680 221.762000 1209.650000 -13 403 1 0 1.000000
-7.614630 -2.273330 0 3.332820 14.495900 206.005000 1209.910000 -13 404 1 0 1.000000
2.957120 -12.708700 0 -1.154060 -10.587500 201.968000 1209.930000 -13 405 1 0 1.000000
2.177900 -0.989346 0 -7.975830 25.462800 184.689000 1209.740000 -13 406 1 0 1.000000
-18.675300 9.559360 0 -6.996360 -1.194780 207.717000 1209.920000 -13 407 1 0 1.000000
-2.396610 -7.648690 0 12.072600 5.937640 194.890000 1209.850000 -13 408 1 0 1.000000
-13.404400 8.138060 0 -1.461980 -13.096400 210.685000 1209.910000 -13 409 1 0 1.000000
-5.033740 6.965820 0 3.445130 16.641400 205.258000 1209.880000 -13 410 1 0 1.000000
-5.234130 1.482450 0 -22.132200 17.597800 210.728000 1209.610000 -13 411 1 0 1.000000
-4.728700 -4.809250 0 -10.991400 -6.171720 192.508000 1209.910000 -13 412 1 0 1.000000
-4.279060 -17.865000 0 -2.461110 -15.317000 200.349000 1209.850000 -13 413 1 0 1.000000
-10.854400 -4.280400 0 -24.140600 20.371300 223.850000 1209.700000 -13 414 1 0 1.000000
3.334270 -11.918800 0 22.459700 -1.514310 213.282000 1209.680000 -13 415 1 0 1.000000
-15.491300 4.597000 0 -14.554300 -0.664820 206.368000 1209.810000 -13 416 1 0 1.000000
-5.946530 -3.727020 0 1.672390 20.089600 194.929000 1209.950000 -13 417 1 0 1.000000
0.103198 -9.735740 0 -19.508600 -10.312000 217.945000 1209.820000 -13 418 1 0 1.000000
-11.106000 0.070627 0 11.843400 26.659400 217.900000 1209.580000 -13 419 1 0 1.000000
0.991659 -12.269300 0 -7.062990 6.004950 212.800000 1209.930000 -13 420 1 0 1.000000
-5.333370 3.367080 0 -7.332450 16.729200 212.516000 1209.820000 -13 421 1 0 1.000000
-8.348850 -0.597254 0 42.680600 -8.946900 237.809000 1209.870000 -13 422 1 0 1.000000
-14.203700 -1.749490 0 -8.567570 18.692500 238.339000 1209.950000 -13 423 1 0 1.000000
6.569610 -6.689500 0 -1.831480 17.150500 222.376000 1209.780000 -13 424 1 0 1.000000
0.517252 1.503900 0 -3.313460 -20.747100 191.951000 1209.800000 -13 425 1 0 1.000000
-0.354722 -5.806470 0 -10.124700 1.297740 202.505000 1209.810000 -13 426 1 0 1.000000
-4.178970 -8.844020 0 -12.824700 8.195120 202.472000 1209.980000 -13 427 1 0 1.000000
-8.019410 -0.728628 0 -18.928000 -15.639300 237.275000 1209.710000 -13 428 1 0 1.000000
1.273530 -2.820590 0 -4.276200 0.031024 205.532000 1209.770000 -13 429 1 0 1.000000
-1.047560 -5.968700 0 -10.523000 48.204200 224.106000 1209.700000 -13 430 1 0 1.000000
-12.561400 -5.162250 0 1.757810 -12.273400 224.842000 1209.830000 -13 431 1 0 1.000000
-5.849710 1.584060 0 -21.602300 -21.246900 216.407000 1209.680000 -13 432 1 0 1.000000
-4.106350 -0.340125 0 28.068300 11.236100 211.578000 1209.660000 -13 433 1 0 1.000000
-7.691990 4.252640 0 21.441000 3.650600 202.301000 1209.790000 -13 434 1 0 1.000000
-7.280280 -6.994970 0 23.181700 11.277800 201.286000 1209.670000 -13 435 1 0 1.000000
-1.902640 -15.265000 0 -11.475600 -11.525300 213.558000 1209.920000 -13 436 1 0 1.000000
-3.135130 -3.999200 0 18.104300 -19.254000 213.631000 1209.630000 -13 437 1 0 1.000000
-2.270890 -1.536690 0 11.316300 16.743500 206.827000 1209.750000 -13 438 1 0 1.000000
2.545740 -4.829800 0 1.118410 2.764920 200.314000 1209.840000 -13 439 1 0 1.000000
-4.989510 -8.768750 0 25.746500 3.818300 204.917000 1209.880000 -13 440 1 0 1.000000
-6.320320 -6.569950 0 7.388420 -7.520290 209.582000 1209.810000 -13 441 1 0 1.000000
4.836320 -0.548700 0 -14.095900 -9.925410 220.160000 1209.750000 -13 442 1 0 1.000000
-12.254700 -3.917960 0 14.086400 7.460870 199.421000 1209.690000 -13 443 1 0 1.000000
-8.296830 -6.895000 0 -6.865160 1.168980 212.565000 1209.950000 -13 444 1 0 1.000000
-13.385600 -3.411240 0 -9.523990 -1.229760 206.744000 1209.860000 -13 445 1 0 1.000000
2.198100 8.787060 0 24.221900 -9.986940 204.974000 1209.800000 -13 446 1 0 1.000000
-6.404310 -4.816720 0 -2.168180 3.418250 221.522000 1209.850000 -13 447 1 0 1.000000
-1.850330 -1.579740 0 1.453440 -3.155860 228.730000 1209.610000 -13 448 1 0 1.000000
1.680320 2.224650 0 -13.510800 -10.479800 201.672000 1210.020000 -13 449 1 0 1.000000
1.627100 -9.021120 0 -27.860600 7.550970 225.679000 1209.830000 -13 450 1 0 1.000000
-5.415060 -12.130100 0 20.594900 19.999000 206.067000 1209.920000 -13 451 1 0 1.000000
-8.597980 2.600440 0 19.714900 -3.126040 198.679000 1209.930000 -13 452 1 0 1.000000
-11.068200 -6.074820 0 -4.325560 20.348800 202.115000 1209.760000 -13 453 1 0 1.000000
-11.198800 0.468939 0 -1.172390 3.913210 213.305000 1209.950000 -13 454 1 0 1.000000
-5.050200 -10.611300 0 4.022760 -4.025400 206.167000 1209.720000 -13 455 1 0 1.000000
-5.246330 -9.574240 0 -19.021800 -1.203390 213.903000 1209.810000 -13 456 1 0 1.000000
-1.343000 -4.172780 0 -10.350300 -11.659100 206.031000 1209.680000 -13 457 1 0 1.000000
-15.294300 4.272500 0 6.575520 25.420300 207.197000 1209.790000 -13 458 1 0 1.000000
-8.695970 6.766170 0 21.141600 -16.962200 203.362000 1209.890000 -13 459 1 0 1.000000
11.415400 -0.805370 0 -3.894390 0.510868 196.209000 1209.720000 -13 460 1 0 1.000000
-5.875050 -3.522350 0 -1.793620 -13.600500 223.064000 1209.770000 -13 461 1 0 1.000000
-8.723040 -2.153030 0 1.367760 1.992190 209.057000 1209.910000 -13 462 1 0 1.000000
-6.726520 -4.276160 0 -5.114160 -5.955160 195.265000 1209.930000 -13 463 1 0 1.000000
-9.862810 -4.165390 0 16.834700 8.288840 208.959000 1209.950000 -13 464 1 0 1.000000
-9.642030 2.280940 0 3.822060 5.167320 190.393000 1209.730000 -13 465 1 0 1.000000
-17.127200 0.381283 0 32.526600 -13.867500 206.230000 1210.280000 -13 466 1 0 1.000000
-16.265100 -16.724700 0 -17.992600 -10.286200 202.488000 1209.650000 -13 467 1 0 1.000000
-6.393350 -8.141890 0 19.707700 -27.269200 239.482000 1209.920000 -13 468 1 0 1.000000
-6.877410 -10.455400 0 7.094440 4.466360 212.008000 1209.960000 -13 469 1 0 1.000000
1.962340 -3.387270 0 1.938290 -5.353340 186.880000 1209.820000 -13 470 1 0 1.000000
2.310570 -6.279680 0 -30.814000 5.761120 195.859000 1209.810000 -13 471 1 0 1.000000
-7.801200 -5.181910 0 14.591500 16.402300 217.221000 1209.930000 -13 472 1 0 1.000000
3.435640 -3.694970 0 9.535040 -16.999700 206.709000 1209.990000 -13 473 1 0 1.000000
6.517490 -3.683080 0 1.310520 3.867300 189.721000 1209.770000 -13 474 1 0 1.000000
-8.701070 -10.699000 0 4.136830 6.849940 191.562000 1209.830000 -13 475 1 0 1.000000
-3.180830 -3.856500 0 2.009110 -3.290490 198.818000 1209.600000 -13 476 1 0 1.000000
-0.691492 -7.173700 0 -5.947290 -1.821180 210.999000 1209.910000 -13 477 1 0 1.000000
-6.366280 -0.508088 0 -25.560700 7.969590 207.560000 1209.950000 -13 478 1 0 1.000000
-0.593186 -7.521980 0 -9.101710 22.008300 197.778000 1209.720000 -13 479 1 0 1.000000
5.122460 -4.259690 0 -3.779480 6.280310 198.752000 1209.880000 -13 480 1 0 1.000000
-5.522490 -3.751890 0 -1.057590 4.212530 202.563000 1210.000000 -13 481 1 0 1.000000
2.649830 -11.670100 0 14.743100 14.693900 196.772000 1209.860000 -13 482 1 0 1.000000
1.609280 -6.078580 0 38.137300 -3.342350 221.527000 1209.640000 -13 483 1 0 1.000000
-0.753601 -1.924470 0 -10.755500 -13.293200 194.865000 1209.840000 -13 484 1 0 1.000000
-0.106201 -5.065790 0 -1.724290 -7.163270 221.915000 1209.920000 -13 485 1 0 1.000000
-0.308984 -0.480624 0 1.025290 3.792010 224.081000 1209.940000 -13 486 1 0 1.000000
5.745580 -0.956911 0 1.810210 13.465200 211.271000 1209.790000 -13 487 1 0 1.000000
8.630910 -5.739110 0 -1.612100 7.067400 220.602000 1210.050000 -13 488 1 0 1.000000
4.456990 -8.137910 0 -23.554400 21.225400 203.953000 1209.920000 -13 489 1 0 1.000000
-5.571130 -3.700810 0 -20.341000 9.404090 214.615000 1209.810000 -13 490 1 0 1.000000
-10.631900 -6.530200 0 -6.338670 -10.935700 195.921000 1209.910000 -13 491 1 0 1.000000
-15.264500 -2.548060 0 0.023653 3.635260 212.635000 1210.010000 -13 492 1 0 1.000000
-1.834750 -1.836380 0 -12.346800 17.486600 200.469000 1209.890000 -13 493 1 0 1.000000
-11.053500 -3.945210 0 6.028790 4.062490 197.464000 1209.730000 -13 494 1 0 1.000000
-6.610630 -10.896100 0 -22.741500 9.232430 206.312000 1210.000000 -13 495 1 0 1.000000
11.083000 -9.547920 0 -12.511000 1.075190 188.417000 1209.870000 -13 496 1 0 1.000000
-10.119000 -0.695986 0 8.193470 1.375390 215.160000 1209.630000 -13 497 1 0 1.000000
-1.382410 -11.476100 0 -4.254250 -7.147160 210.208000 1209.790000 -13 498 1 0 1.000000
1.568900 -4.290090 0 4.203040 2.287590 186.063000 1209.810000 -13 499 1 0 1.000000
-7.121340 -2.153960 0 -2.162990 14.640300 188.847000 1209.830000 -13 500 1 0 1.000000
-3.750300 7.999860 0 0.119706 -18.655200 218.499000 1209.860000 -13 501 1 0 1.000000
-8.498530 -7.388660 0 -14.172400 3.838070 195.516000 1209.800000 -13 502 1 0 1.000000
0.231694 4.495290 0 12.792600 -1.884680 214.067000 1209.870000 -13 503 1 0 1.000000
-0.924969 5.345890 0 4.430340 12.503900 205.150000 1209.810000 -13 504 1 0 1.000000
-0.932658 -12.314700 0 3.375810 -10.983500 230.557000 1209.850000 -13 505 1 0 1.000000
-2.589970 14.735200 0 2.105890 5.405560 210.206000 1209.780000 -13 506 1 0 1.000000
5.421880 1.618960 0 33.753900 6.136390 215.520000 1209.870000 -13 507 1 0 1.000000
-3.004280 -5.781400 0 10.852500 -0.399922 206.512000 1209.990000 -13 508 1 0 1.000000
-3.760390 1.102930 0 7.352590 -3.354400 205.053000 1209.860000 -13 509 1 0 1.000000
13.942600 -14.535300 0 24.622600 -5.412530 223.446000 1210.010000 -13 510 1 0 1.000000
-12.756500 2.860040 0 24.758700 12.199400 203.355000 1209.870000 -13 511 1 0 1.000000
-12.042700 -7.910310 0 -11.632500 1.810880 198.983000 1209.850000 -13 512 1 0 1.000000
-4.817710 0.374084 0 -7.358640 -12.899300 211.895000 1209.860000 -13 513 1 0 1.000000
14.343100 -4.594610 0 20.971100 4.625790 215.161000 1209.700000 -13 514 1 0 1.000000
-14.692700 -0.193881 0 12.627900 -2.507960 242.459000 1209.820000 -13 515 1 0 1.000000
-0.878469 -1.833480 0 -27.108200 7.939870 201.344000 1209.900000 -13 516 1 0 1.000000
-2.663750 -8.536340 0 -5.197750 -4.952440 205.513000 1209.850000 -13 517 1 0 1.000000
-5.931360 0.682030 0 -6.176890 36.521400 211.268000 1209.780000 -13 518 1 0 1.000000
-8.778270 -7.399310 0 1.469560 -14.673100 219.022000 1209.610000 -13 519 1 0 1.000000
-4.708770 3.141670 0 -14.453500 30.778900 219.738000 1209.630000 -13 520 1 0 1.000000
-0.110623 -1.782090 0 2.529440 4.983730 209.150000 1209.830000 -13 521 1 0 1.000000
5.241350 2.026290 0 -25.387400 1.601540 220.180000 1209.600000 -13 522 1 0 1.000000
6.015020 2.005990 0 0.838490 6.905960 209.848000 1209.930000 -13 523 1 0 1.000000
-11.921000 -5.532260 0 27.040100 38.075300 233.358000 1209.820000 -13 524 1 0 1.000000
-3.588990 -1.111120 0 2.455750 -28.163500 198.934000 1209.820000 -13 525 1 0 1.000000
-4.032740 -2.474780 0 14.560200 9.427000 211.478000 1209.900000 -13 526 1 0 1.000000
0.169978 0.052253 0 26.590400 1.857980 220.649000 1209.640000 -13 527 1 0 1.000000
-2.739760 -2.724530 0 -19.753000 20.692200 232.619000 1209.720000 -13 528 1 0 1.000000
10.658400 -11.567500 0 -0.779008 5.777100 202.767000 1209.750000 -13 529 1 0 1.000000
0.331922 -9.825960 0 -9.300140 -10.381100 216.330000 1209.870000 -13 530 1 0 1.000000
-0.647861 -4.359460 0 2.804370 5.319510 194.362000 1209.990000 -13 531 1 0 1.000000
-0.523676 -14.252400 0 -4.573040 5.835130 191.433000 1209.790000 -13 532 1 0 1.000000
9.754400 -9.300990 0 -2.659720 11.740400 229.595000 1209.720000 -13 533 1 0 1.000000
-6.843590 -1.607970 0 30.029400 -12.230300 213.606000 1209.630000 -13 534 1 0 1.000000
-3.259500 -1.338660 0 9.175020 -7.958320 204.216000 1209.980000 -13 535 1 0 1.000000
-0.819667 -1.529800 0 -2.858920 5.363230 207.662000 1209.830000 -13 536 1 0 1.000000
-6.270780 -2.623430 0 -27.467600 7.148500 197.221000 1209.880000 -13 537 1 0 1.000000
-12.219100 -4.862050 0 4.812650 -4.167950 209.545000 1210.080000 -13 538 1 0 1.000000
-4.654300 -6.461800 0 -4.765670 4.269170 198.511000 1210.020000 -13 539 1 0 1.000000
9.567180 -14.691400 0 12.416100 14.805500 220.829000 1209.980000 -13 540 1 0 1.000000
-17.370100 -7.708980 0 -11.064800 4.348100 217.773000 1209.850000 -13 541 1 0 1.000000
-9.951680 -5.397130 0 15.840200 -12.139300 207.398000 1209.540000 -13 542 1 0 1.000000
-7.511790 -8.892420 0 -6.279200 -7.397590 193.300000 1209.750000 -13 543 1 0 1.000000
5.385410 -6.315240 0 10.925400 -0.745725 199.734000 1209.960000 -13 544 1 0 1.000000
8.236250 -5.451960 0 -28.440600 7.463720 224.791000 1209.780000 -13 545 1 0 1.000000
-7.006440 1.929630 0 27.483200 16.668100 211.276000 1209.800000 -13 546 1 0 1.000000
-4.197070 -19.260300 0 1.059410 5.236100 205.026000 1209.850000 -13 547 1 0 1.000000
1.778130 -15.961300 0 -22.667300 5.429500 202.903000 1209.680000 -13 548 1 0 1.000000
-2.099400 4.621940 0 20.696600 -6.358440 211.650000 1209.940000 -13 549 1 0 1.000000
-8.227630 -9.777960 0 -6.858530 -19.064600 203.736000 1209.910000 -13 550 1 0 1.000000
0.091490 -11.704300 0 -3.081980 -2.041560 211.337000 1209.770000 -13 551 1 0 1.000000
-6.197520 -4.080260 0 5.568370 6.851560 214.356000 1209.890000 -13 552 1 0 1.000000
-5.688160 0.699562 0 -1.879040 -14.973100 217.071000 1209.910000 -13 553 1 0 1.000000
-5.554010 -0.809261 0 -11.267100 20.572000 225.704000 1209.780000 -13 554 1 0 1.000000
6.073060 7.032200 0 21.298100 -9.315740 208.751000 1209.720000 -13 555 1 0 1.000000
-12.470200 -2.154530 0 -25.750700 8.785870 206.014000 1209.940000 -13 556 1 0 1.000000
-1.209230 -4.308010 0 12.384600 2.382920 209.641000 1209.870000 -13 557 1 0 1.000000
-1.707150 10.916100 0 6.164090 6.018470 217.198000 1209.780000 -13 558 1 0 1.000000
-14.793000 2.275840 0 1.063100 -6.352230 200.713000 1209.890000 -13 559 1 0 1.000000
-3.602480 -17.573400 0 4.944770 13.741900 205.368000 1209.840000 -13 560 1 0 1.000000
1.443910 2.277760 0 -0.615643 -8.317580 198.603000 1209.920000 -13 561 1 0 1.000000
6.236840 -8.206450 0 -10.825800 2.125730 210.263000 1210.070000 -13 562 1 0 1.000000
0.198961 -3.056220 0 4.344400 3.626130 207.257000 1209.740000 -13 563 1 0 1.000000
0.580833 -10.878200 0 -11.632000 -0.247800 198.160000 1209.640000 -13 564 1 0 1.000000
12.230200 1.002720 0 -15.697000 -2.182930 208.411000 1210.330000 -13 565 1 0 1.000000
-4.263620 -4.757220 0 8.704240 -13.455900 192.385000 1209.900000 -13 566 1 0 1.000000
-10.321800 -1.989440 0 9.979940 3.035110 195.226000 1209.680000 -13 567 1 0 1.000000
-5.393720 2.780520 0 -1.062050 -10.263900 223.342000 1209.810000 -13 568 1 0 1.000000
-7.056290 8.433520 0 11.233400 -22.748300 229.157000 1209.760000 -13 569 1 0 1.000000
-12.192700 0.242096 0 -5.607500 33.614300 228.567000 1210.050000 -13 570 1 0 1.000000
-6.795510 -16.352200 0 8.533170 8.114540 213.354000 1209.860000 -13 571 1 0 1.000000
-3.535950 -11.012800 0 10.704600 24.315500 222.314000 1209.710000 -13 572 1 0 1.000000
4.926540 -2.162540 0 -1.446530 11.923800 221.024000 1209.810000 -13 573 1 0 1.000000
-8.055410 -5.787440 0 31.279800 30.801700 225.855000 1209.680000 -13 574 1 0 1.000000
-3.322920 5.841630 0 -1.529090 2.500850 193.490000 1209.740000 -13 575 1 0 1.000000
-3.460500 -11.381600 0 -22.532300 17.183800 217.859000 1210.010000 -13 576 1 0 1.000000
-11.367400 -7.093410 0 15.618300 -22.946300 204.165000 1209.920000 -13 577 1 0 1.000000
-7.255540 -4.710850 0 0.506523 -2.802670 207.664000 1210.000000 -13 578 1 0 1.000000
11.389700 -6.905310 0 13.645900 -17.271300 200.609000 1209.820000 -13 579 1 0 1.000000
5.505070 -3.547730 0 4.251700 -10.075900 194.834000 1209.780000 -13 580 1 0 1.000000
-10.676500 -6.490880 0 -17.344200 -0.630169 200.003000 1209.610000 -13 581 1 0 1.000000
1.055210 -13.070200 0 27.605300 -0.651783 204.146000 1209.900000 -13 582 1 0 1.000000
0.715864 -3.877050 0 -9.759800 0.258697 211.511000 1209.920000 -13 583 1 0 1.000000
-1.955800 4.306760 0 1.475670 -5.999740 205.251000 1209.900000 -13 584 1 0 1.000000
2.806240 2.862440 0 -21.601800 -9.073870 222.633000 1209.970000 -13 585 1 0 1.000000
-7.436800 5.281430 0 22.832800 -32.138900 236.000000 1209.760000 -13 586 1 0 1.000000
-7.277520 0.504930 0 44.134300 12.979900 214.892000 1209.850000 -13 587 1 0 1.000000
-8.602030 -10.030100 0 3.680500 -1.446740 192.663000 1209.790000 -13 588 1 0 1.000000
0.787787 -7.392990 0 -1.208100 6.650680 184.755000 1209.880000 -13 589 1 0 1.000000
-9.761670 -6.876140 0 -41.167500 -1.198030 224.606000 1209.900000 -13 590 1 0 1.000000
-2.780650 -8.817260 0 -6.742010 -13.535400 209.194000 1209.640000 -13 591 1 0 1.000000
-8.853620 -1.026990 0 0.085731 -11.823100 196.525000 1209.870000 -13 592 1 0 1.000000
-7.335600 -3.351330 0 18.469400 -39.427700 220.946000 1209.690000 -13 593 1 0 1.000000
-4.168910 0.655748 0 -11.299900 -2.320640 204.851000 1209.960000 -13 594 1 0 1.000000
13.790500 2.003040 0 1.237000 -4.698050 206.722000 1209.940000 -13 595 1 0 1.000000
-2.243340 -6.717950 0 -6.949390 15.487700 205.319000 1209.960000 -13 596 1 0 1.000000
8.690010 -5.892870 0 -3.341250 18.370300 207.339000 1209.800000 -13 597 1 0 1.000000
9.167690 0.796324 0 23.691200 15.874100 211.755000 1209.880000 -13 598 1 0 1.000000
2.570180 2.538980 0 4.683720 -6.438490 199.015000 1209.740000 -13 599 1 0 1.000000
-16.666900 -12.102200 0 -23.324300 -10.384700 220.351000 1209.720000 -13 600 1 0 1.000000
9.753620 -7.154050 0 9.309780 2.340470 192.799000 1209.810000 -13 601 1 0 1.000000
0.722669 4.961630 0 10.434600 3.406400 202.141000 1209.710000 -13 602 1 0 1.000000
-4.809170 -8.392230 0 -2.369560 -0.119618 210.781000 1209.990000 -13 603 1 0 1.000000
1.810050 -2.390750 0 -4.024110 15.530200 205.593000 1209.680000 -13 604 1 0 1.000000
-10.292000 -5.581030 0 20.508700 9.031630 211.526000 1209.940000 -13 605 1 0 1.000000
-2.536270 -4.114260 0 -2.787950 6.951100 216.187000 1209.860000 -13 606 1 0 1.000000
-10.407900 -15.353700 0 26.821100 10.144100 210.879000 1209.710000 -13 607 1 0 1.000000
6.052530 -3.565930 0 9.141500 2.665930 225.206000 1209.710000 -13 608 1 0 1.000000
5.594170 -5.171950 0 28.922700 -13.331000 214.247000 1209.800000 -13 609 1 0 1.000000
5.849360 -8.892400 0 19.096500 -16.490100 204.648000 1209.650000 -13 610 1 0 1.000000
-0.223098 -6.375090 0 -12.861800 8.720030 204.893000 1209.960000 -13 611 1 0 1.000000
-2.658270 -10.534200 0 -2.459580 -0.337904 200.339000 1209.640000 -13 612 1 0 1.000000
6.284890 0.360631 0 -8.096280 8.080410 195.120000 1209.890000 -13 613 1 0 1.000000
-5.677120 -5.205790 0 -6.797580 2.983480 205.975000 1209.970000 -13 614 1 0 1.000000
-6.603930 -1.347230 0 -13.144600 -1.676110 226.482000 1209.620000 -13 615 1 0 1.000000
-4.552120 8.016020 0 -0.174065 -2.413570 196.980000 1209.820000 -13 616 1 0 1.000000
-4.004910 -0.327576 0 20.653900 0.581386 210.889000 1209.850000 -13 617 1 0 1.000000
6.475010 -12.671400 0 3.487500 -17.403900 212.900000 1209.740000 -13 618 1 0 1.000000
2.148670 -5.130300 0 13.149800 1.195570 188.172000 1209.950000 -13 619 1 0 1.000000
-10.030500 -0.871097 0 11.882500 4.515430 211.097000 1209.940000 -13 620 1 0 1.000000
4.327680 -2.140460 0 2.536790 1.145110 204.618000 1209.880000 -13 621 1 0 1.000000
-9.249460 2.177190 0 20.288900 16.246500 211.998000 1209.900000 -13 622 1 0 1.000000
-16.223100 3.275450 0 33.989100 -16.618100 227.471000 1209.740000 -13 623 1 0 1.000000
-8.179530 5.302590 0 -9.127740 -5.972940 209.106000 1209.880000 -13 624 1 0 1.000000
4.193770 -3.828690 0 -5.251620 -7.531190 210.769000 1209.940000 -13 625 1 0 1.000000
-14.047100 4.123140 0 20.036400 -6.253270 213.570000 1209.820000 -13 626 1 0 1.000000
-10.244700 -12.410500 0 13.749100 -1.489160 223.847000 1209.630000 -13 627 1 0 1.000000
-5.056530 4.029690 0 3.067840 8.378410 192.038000 1209.730000 -13 628 1 0 1.000000
-8.262950 0.720554 0 21.047800 -6.567910 229.787000 1210.020000 -13 629 1 0 1.000000
5.652530 -6.787830 0 7.250880 4.638550 202.376000 1209.790000 -13 630 1 0 1.000000
1.223890 4.960600 0 2.628980 5.138720 193.723000 1209.830000 -13 631 1 0 1.000000
3.177170 -4.025130 0 -25.220300 15.269100 235.791000 1209.850000 -13 632 1 0 1.000000
-8.834790 -10.750800 0 4.862910 -4.783310 193.594000 1209.720000 -13 633 1 0 1.000000
-4.136930 -19.978900 0 -6.273950 32.496100 233.443000 1209.890000 -13 634 1 0 1.000000
-13.641600 -0.264851 0 -0.615028 -3.965860 214.794000 1209.990000 -13 635 1 0 1.000000
2.518980 -0.087734 0 -31.733700 -10.973000 205.485000 1209.700000 -13 636 1 0 1.000000
-4.961490 8.201970 0 13.438900 -5.373330 206.616000 1209.750000 -13 637 1 0 1.000000
1.160040 -9.799370 0 -19.871300 23.578900 199.212000 1209.840000 -13 638 1 0 1.000000
-6.879300 -6.910850 0 -3.359190 -8.034230 238.627000 1209.780000 -13 639 1 0 1.000000
-2.255670 -0.731381 0 6.138210 11.938500 188.649000 1209.680000 -13 640 1 0 1.000000
-7.288140 4.890600 0 10.324000 9.453370 210.030000 1209.670000 -13 641 1 0 1.000000
1.630770 0.604418 0 -11.456300 3.529350 201.747000 1209.960000 -13 642 1 0 1.000000
-14.572400 -3.020670 0 -3.510200 -4.800280 220.015000 1209.960000 -13 643 1 0 1.000000
-0.177474 -7.028890 0 -9.331250 3.751380 213.261000 1209.940000 -13 644 1 0 1.000000
-16.045700 -1.514290 0 34.275700 -2.750750 225.399000 1209.940000 -13 645 1 0 1.000000
9.626010 -11.449400 0 12.842100 -2.054070 213.562000 1209.680000 -13 646 1 0 1.000000
-1.590900 0.682171 0 -7.235010 10.707200 214.195000 1209.990000 -13 647 1 0 1.000000
-5.615100 -6.744250 0 11.311600 -1.139840 191.555000 1209.850000 -13 648 1 0 1.000000
3.061640 0.979521 0 -10.982800 -10.599800 219.041000 1209.880000 -13 649 1 0 1.000000
-11.261200 -9.987260 0 -9.677270 10.540400 204.172000 1210.200000 -13 650 1 0 1.000000
-8.380760 -11.627700 0 11.345700 14.685000 203.191000 1209.680000 -13 651 1 0 1.000000
-3.224370 -7.040040 0 4.055490 21.343200 193.493000 1209.850000 -13 652 1 0 1.000000
2.666790 -7.380950 0 8.511950 -0.188065 194.147000 1209.940000 -13 653 1 0 1.000000
-5.455950 -7.226050 0 -4.602320 10.177000 217.454000 1209.860000 -13 654 1 0 1.000000
-5.156510 -7.578390 0 -12.960900 -1.024730 199.960000 1209.880000 -13 655 1 0 1.000000
3.287450 -6.305440 0 7.921900 -12.395400 208.475000 1209.610000 -13 656 1 0 1.000000
-11.383700 4.353480 0 -5.464320 11.208400 201.583000 1209.830000 -13 657 1 0 1.000000
-6.228420 2.484970 0 13.940600 -9.432240 217.441000 1209.800000 -13 658 1 0 1.000000
-19.454000 -0.717736 0 -5.013030 -11.547500 228.896000 1209.880000 -13 659 1 0 1.000000
6.507230 -3.059510 0 1.483960 3.196320 205.416000 1209.920000 -13 660 1 0 1.000000
3.449850 -4.048670 0 -21.519100 -5.863920 228.012000 1209.790000 -13 661 1 0 1.000000
-6.803180 -3.690860 0 -11.499900 6.939500 216.015000 1209.960000 -13 662 1 0 1.000000
-6.083100 0.809822 0 -9.630040 -34.450700 238.686000 1209.810000 -13 663 1 0 1.000000
2.901830 -7.199910 0 -28.434900 1.148310 221.533000 1209.750000 -13 664 1 0 1.000000
-4.152080 0.057203 0 7.566760 18.054000 201.414000 1209.840000 -13 665 1 0 1.000000
-2.613800 -3.575580 0 -6.370150 -11.008700 215.142000 1209.930000 -13 666 1 0 1.000000
2.065160 -11.393500 0 -3.010580 5.077560 214.511000 1209.880000 -13 667 1 0 1.000000
-7.687450 -7.007170 0 -4.949170 4.544520 214.091000 1210.020000 -13 668 1 0 1.000000
-12.084900 -5.404530 0 -10.961700 -3.845530 201.732000 1209.990000 -13 669 1 0 1.000000
0.926352 -12.417900 0 -0.241120 15.784100 215.134000 1209.910000 -13 670 1 0 1.000000
3.049080 8.133900 0 -5.705680 -12.464500 197.976000 1209.820000 -13 671 1 0 1.000000
6.033660 7.841120 0 8.860940 11.994000 210.496000 1209.930000 -13 672 1 0 1.000000
-4.812510 -5.491240 0 -20.935300 3.666020 216.519000 1210.010000 -13 673 1 0 1.000000
0.418684 1.958080 0 9.495630 3.925540 216.808000 1209.840000 -13 674 1 0 1.000000
-2.442530 -2.161720 0 1.690840 -2.920800 197.126000 1209.830000 -13 675 1 0 1.000000
-2.706390 -6.136650 0 11.976400 12.571600 210.670000 1210.000000 -13 676 1 0 1.000000
-1.536070 -2.077310 0 16.417400 13.964900 204.931000 1209.840000 -13 677 1 0 1.000000
-4.870270 6.104940 0 9.827730 -4.898010 209.068000 1209.950000 -13 678 1 0 1.000000
-0.589234 4.701440 0 -11.064100 18.028800 232.529000 1209.680000 -13 679 1 0 1.000000
1.563450 -3.589680 0 2.086560 13.250400 206.054000 1209.810000 -13 680 1 0 1.000000
-1.807840 -1.189930 0 -2.667090 4.713040 211.180000 1209.870000 -13 681 1 0 1.000000
-0.945658 -3.789650 0 10.499200 -22.103300 199.356000 1209.800000 -13 682 1 0 1.000000
-9.258320 -8.615890 0 3.131410 -13.836500 214.162000 1209.920000 -13 683 1 0 1.000000
-2.974160 -4.025510 0 44.389100 4.414340 198.681000 1209.950000 -13 684 1 0 1.000000
-2.697650 -2.265890 0 -11.608100 -9.705520 210.028000 1209.940000 -13 685 1 0 1.000000
-14.590800 -4.468350 0 17.619400 -10.317900 207.424000 1209.920000 -13 686 1 0 1.000000
-5.610360 0.353786 0 -9.247810 -1.569900 221.795000 1209.880000 -13 687 1 0 1.000000
4.455470 1.953520 0 10.431900 -6.913240 196.383000 1209.610000 -13 688 1 0 1.000000
4.121880 -6.367030 0 3.398490 -3.541490 206.862000 1209.940000 -13 689 1 0 1.000000
0.777021 1.375470 0 -9.804940 3.574860 205.862000 1209.850000 -13 690 1 0 1.000000
-2.225690 -3.499190 0 -8.012030 10.843100 189.481000 1209.690000 -13 691 1 0 1.000000
5.043830 0.583664 0 -12.194700 3.718140 231.806000 1209.730000 -13 692 1 0 1.000000
-6.029530 2.409710 0 -5.269000 -15.787400 206.115000 1209.840000 -13 693 1 0 1.000000
3.560730 1.913700 0 -6.508460 7.838000 193.593000 1209.940000 -13 694 1 0 1.000000
-3.523680 -5.012270 0 -6.348770 -16.465100 190.154000 1209.780000 -13 695 1 0 1.000000
-5.979420 -2.522370 0 -9.258670 -12.588200 204.950000 1209.690000 -13 696 1 0 1.000000
3.230130 -8.341140 0 14.798500 -5.115690 211.664000 1209.920000 -13 697 1 0 1.000000
-3.751560 2.989550 0 11.868400 8.750940 205.410000 1209.870000 -13 698 1 0 1.000000
2.193150 -0.827043 0 -2.099680 -0.143067 189.172000 1209.720000 -13 699 1 0 1.000000
0.746286 -9.927780 0 -2.248640 -6.022070 200.153000 1209.810000 -13 700 1 0 1.000000
-2.570900 5.324800 0 9.319840 -12.565400 193.812000 1209.830000 -13 701 1 0 1.000000
-0.705592 -11.088000 0 -11.738300 11.630500 189.966000 1209.820000 -13 702 1 0 1.000000
0.623575 -1.061550 0 41.864100 11.920200 222.902000 1209.740000 -13 703 1 0 1.000000
-12.248000 1.039990 0 -7.725150 10.654600 205.777000 1209.830000 -13 704 1 0 1.000000
10.047700 -11.254800 0 -1.282910 -18.083500 204.860000 1209.910000 -13 705 1 0 1.000000
-2.462090 4.530190 0 16.672500 -12.742800 209.345000 1209.970000 -13 706 1 0 1.000000
-2.206950 -1.038350 0 12.932500 -4.970740 209.643000 1209.900000 -13 707 1 0 1.000000
1.412580 -4.685780 0 -6.451100 5.682190 209.275000 1209.960000 -13 708 1 0 1.000000
7.576960 -9.563710 0 8.561050 -8.583500 204.498000 1209.890000 -13 709 1 0 1.000000
7.087170 -0.134467 0 -6.319780 9.893020 200.167000 1209.850000 -13 710 1 0 1.000000
-19.888900 -5.845700 0 8.254950 -8.651510 224.120000 1210.020000 -13 711 1 0 1.000000
2.599810 -2.354730 0 -10.909600 -5.930920 197.496000 1209.900000 -13 712 1 0 1.000000
9.913060 -2.179390 0 -3.449650 3.609990 202.298000 1209.940000 -13 713 1 0 1.000000
6.312560 -11.386100 0 -13.016800 -5.686800 204.395000 1209.960000 -13 714 1 0 1.000000
11.576700 2.487050 0 -4.352720 2.938720 198.484000 1209.780000 -13 715 1 0 1.000000
10.221600 -4.966890 0 -7.172780 -4.188650 198.127000 1209.660000 -13 716 1 0 1.000000
-6.817260 2.756830 0 -17.103200 -10.979200 201.770000 1209.820000 -13 717 1 0 1.000000
2.195740 -4.294160 0 -4.871980 9.330080 193.905000 1209.920000 -13 718 1 0 1.000000
-13.650400 -9.149220 0 3.700230 27.256200 224.905000 1209.860000 -13 719 1 0 1.000000
-2.781680 -4.669130 0 9.813930 -5.001570 210.670000 1209.910000 -13 720 1 0 1.000000
1.418720 -3.602550 0 1.679080 15.795000 205.909000 1209.860000 -13 721 1 0 1.000000
-5.209810 -6.376770 0 11.309600 -5.937130 232.139000 1209.690000 -13 722 1 0 1.000000
-7.417550 2.138260 0 -12.181900 5.757170 192.068000 1209.740000 -13 723 1 0 1.000000
-5.510180 -2.179510 0 -0.304456 -17.605500 212.201000 1209.950000 -13 724 1 0 1.000000
-10.286600 -9.035240 0 1.623050 -11.537100 199.579000 1209.800000 -13 725 1 0 1.000000
-5.064070 -3.183670 0 2.255800 2.156670 205.568000 1209.980000 -13 726 1 0 1.000000
0.109406 -1.219030 0 6.597730 0.947031 182.477000 1209.850000 -13 727 1 0 1.000000
4.523730 -2.966320 0 -10.564900 2.076730 216.209000 1209.860000 -13 728 1 0 1.000000
6.095870 -8.676720 0 -3.819130 -5.498630 206.464000 1209.880000 -13 729 1 0 1.000000
-6.428510 -0.934554 0 2.147650 3.323660 196.769000 1209.630000 -13 730 1 0 1.000000
-5.778520 -2.106830 0 9.655020 -4.844640 197.351000 1209.960000 -13 731 1 0 1.000000
-5.509660 -1.470720 0 -8.448390 -20.238000 197.257000 1209.810000 -13 732 1 0 1.000000
-8.828530 -3.688740 0 -10.476500 -4.817580 220.181000 1209.900000 -13 733 1 0 1.000000
3.903610 -9.268020 0 -7.556190 -37.842900 211.895000 1209.620000 -13 734 1 0 1.000000
-8.371770 -10.010400 0 1.903090 -0.522391 222.418000 1209.710000 -13 735 1 0 1.000000
-9.557810 -8.073890 0 17.227900 -3.095370 212.809000 1209.860000 -13 736 1 0 1.000000
6.278840 -13.098600 0 -11.610300 -2.903920 199.484000 1209.660000 -13 737 1 0 1.000000
-2.155480 4.213140 0 -13.832200 -2.346790 217.449000 1209.800000 -13 738 1 0 1.000000
2.639130 7.719570 0 21.646200 25.422800 221.801000 1209.830000 -13 739 1 0 1.000000
-5.310090 -18.504100 0 -29.216200 -11.119400 215.914000 1209.710000 -13 740 1 0 1.000000
-3.233670 -7.876800 0 4.015360 -26.849800 215.833000 1209.880000 -13 741 1 0 1.000000
-1.333110 -10.458000 0 6.428970 -6.904780 201.432000 1209.920000 -13 742 1 0 1.000000
3.567360 -4.319540 0 9.192710 5.827840 211.960000 1210.030000 -13 743 1 0 1.000000
-10.693800 3.433140 0 -19.775000 36.362900 223.112000 1209.740000 -13 744 1 0 1.000000
-4.868560 -3.190880 0 5.068710 -5.348130 199.263000 1209.930000 -13 745 1 0 1.000000
-4.202320 -4.055380 0 0.396112 0.884092 202.727000 1209.980000 -13 746 1 0 1.000000
7.631890 -8.414300 0 -16.229100 0.347790 232.852000 1209.780000 -13 747 1 0 1.000000
-3.091370 -5.552930 0 9.614090 10.112500 187.445000 1209.640000 -13 748 1 0 1.000000
4.281190 3.063500 0 8.088910 -2.140930 214.891000 1209.940000 -13 749 1 0 1.000000
3.774420 -0.419317 0 -0.550072 4.631210 194.490000 1209.850000 -13 750 1 0 1.000000
0.609896 -10.582600 0 1.962290 -4.860230 201.484000 1209.920000 -13 751 1 0 1.000000
-1.849420 -11.322700 0 7.425970 -9.916200 210.949000 1209.950000 -13 752 1 0 1.000000
8.949480 -12.953500 0 -29.012400 3.813460 218.011000 1209.700000 -13 753 1 0 1.000000
-2.385410 -2.626010 0 -6.344810 8.306450 208.650000 1209.910000 -13 754 1 0 1.000000
0.100224 -0.462914 0 4.525080 0.579218 206.280000 1209.910000 -13 755 1 0 1.000000
-3.231240 -7.249130 0 3.132410 -14.138000 206.083000 1209.620000 -13 756 1 0 1.000000
-8.684780 -1.623040 0 -4.319750 6.300000 196.241000 1209.840000 -13 757 1 0 1.000000
-1.302140 -1.958970 0 7.469950 -0.580812 202.901000 1209.840000 -13 758 1 0 1.000000
0.857446 5.265000 0 21.596400 -10.494200 210.378000 1209.920000 -13 759 1 0 1.000000
3.514100 -13.461500 0 0.287785 -9.925080 192.901000 1209.870000 -13 760 1 0 1.000000
-13.735300 -1.131390 0 -25.392600 -51.503000 231.791000 1209.790000 -13 761 1 0 1.000000
2.773670 -5.124560 0 3.043440 -27.539200 225.496000 1209.720000 -13 762 1 0 1.000000
3.358590 -9.341090 0 -9.792310 -1.925920 211.745000 1209.820000 -13 763 1 0 1.000000
-2.804920 -8.707140 0 0.597768 -9.107620 216.115000 1209.940000 -13 764 1 0 1.000000
5.555900 -14.840500 0 -3.827490 2.024040 208.638000 1209.620000 -13 765 1 0 1.000000
1.465990 0.229594 0 15.840000 -10.871700 197.230000 1209.860000 -13 766 1 0 1.000000
-8.723010 2.682750 0 -2.023910 -5.026240 208.378000 1209.860000 -13 767 1 0 1.000000
-5.619240 -5.133210 0 -10.345800 9.614670 214.344000 1209.950000 -13 768 1 0 1.000000
-1.215720 -4.988140 0 -14.065900 3.658020 202.868000 1209.870000 -13 769 1 0 1.000000
4.253890 -9.270460 0 -12.575700 -3.331480 193.464000 1209.780000 -13 770 1 0 1.000000
14.507400 -2.125320 0 1.516320 -10.394700 206.996000 1209.780000 -13 771 1 0 1.000000
-2.160850 -4.687500 0 -1.839760 5.330050 212.407000 1209.790000 -13 772 1 0 1.000000
-1.157670 4.592550 0 14.379000 -4.596180 199.970000 1209.730000 -13 773 1 0 1.000000
-17.403500 -13.283000 0 19.725700 22.967300 220.297000 1209.810000 -13 774 1 0 1.000000
5.675760 -1.923180 0 27.766100 -2.276910 215.228000 1209.830000 -13 775 1 0 1.000000
-3.590830 -1.719640 0 -15.893200 -3.319670 194.668000 1209.870000 -13 776 1 0 1.000000
-1.128180 4.632990 0 2.157190 0.050128 206.298000 1209.830000 -13 777 1 0 1.000000
-12.026100 11.378200 0 -9.163180 -5.685250 210.960000 1209.670000 -13 778 1 0 1.000000
3.943040 -6.914570 0 5.326740 13.497800 211.232000 1209.980000 -13 779 1 0 1.000000
0.429455 -6.322730 0 -1.114170 22.625800 211.389000 1209.910000 -13 780 1 0 1.000000
-4.087200 5.450390 0 -13.075800 -12.235300 218.772000 1209.910000 -13 781 1 0 1.000000
-10.281500 2.061840 0 6.519130 -3.763840 216.773000 1209.890000 -13 782 1 0 1.000000
3.643960 -3.673840 0 -3.424860 -11.648600 208.106000 1209.840000 -13 783 1 0 1.000000
-3.797610 5.364710 0 3.811900 1.604490 202.757000 1209.840000 -13 784 1 0 1.000000
-3.336930 -1.201670 0 -2.105090 -1.437680 203.582000 1209.780000 -13 785 1 0 1.000000
-9.424820 3.452480 0 -0.088498 -1.478200 207.457000 1209.980000 -13 786 1 0 1.000000
0.996973 -7.179440 0 5.536240 11.320400 202.665000 1209.870000 -13 787 1 0 1.000000
-7.270240 -10.041600 0 1.305200 -12.190900 198.715000 1209.910000 -13 788 1 0 1.000000
-2.955330 -4.430300 0 -15.010900 3.769150 205.324000 1209.720000 -13 789 1 0 1.000000
-12.172300 -7.683250 0 -5.521110 -18.613400 198.977000 1209.930000 -13 790 1 0 1.000000
-6.231290 -4.328850 0 -49.365000 25.170000 229.388000 1209.760000 -13 791 1 0 1.000000
-10.898200 -12.166100 0 -1.484000 21.408200 208.958000 1209.920000 -13 792 1 0 1.000000
-7.359110 1.736180 0 -0.365919 -1.173800 210.626000 1209.960000 -13 793 1 0 1.000000
5.817310 -3.331690 0 19.503900 7.013700 221.009000 1210.010000 -13 794 1 0 1.000000
-7.292350 -1.299890 0 11.150500 1.660970 229.651000 1209.650000 -13 795 1 0 1.000000
-15.685500 -6.431570 0 -10.340400 -2.747200 195.428000 1209.780000 -13 796 1 0 1.000000
-3.516630 -11.817900 0 -0.579050 11.602100 229.590000 1209.770000 -13 797 1 0 1.000000
-5.686310 -6.196260 0 3.503170 -13.471200 207.133000 1209.960000 -13 798 1 0 1.000000
6.944310 -9.418670 0 18.762800 -8.105860 195.489000 1209.690000 -13 799 1 0 1.000000
-5.915230 7.613050 0 -5.365710 5.855870 208.128000 1209.980000 -13 800 1 0 1.000000
-11.303900 0.919942 0 18.849500 -7.839520 209.616000 1209.800000 -13 801 1 0 1.000000
0.677527 -5.868860 0 -8.991390 -5.907510 213.468000 1209.940000 -13 802 1 0 1.000000
-0.929900 -4.310340 0 20.743000 -31.761300 202.464000 1209.820000 -13 803 1 0 1.000000
-9.780270 -12.289400 0 -1.277130 -25.194300 225.008000 1209.730000 -13 804 1 0 1.000000
-5.551710 7.138770 0 8.425150 7.724580 203.858000 1209.890000 -13 805 1 0 1.000000
-4.481840 -10.165800 0 4.991670 12.012000 219.769000 1209.930000 -13 806 1 0 1.000000
-2.694640 2.239130 0 -12.803400 5.108930 209.666000 1209.830000 -13 807 1 0 1.000000
0.642650 -17.876300 0 13.944000 10.689600 198.772000 1209.770000 -13 808 1 0 1.000000
-4.499110 -0.354633 0 -3.422890 -6.410150 187.242000 1209.760000 -13 809 1 0 1.000000
6.000500 -7.425100 0 -9.643810 -35.421500 221.970000 1209.850000 -13 810 1 0 1.000000
-4.736960 -8.616720 0 -19.269500 1.942930 184.750000 1209.730000 -13 811 1 0 1.000000
-10.691300 -4.007440 0 -11.622900 30.050800 208.419000 1209.880000 -13 812 1 0 1.000000
3.086350 -5.133170 0 -8.478710 -10.207500 190.432000 1209.690000 -13 813 1 0 1.000000
-6.695190 -2.000510 0 6.291570 -16.478100 225.592000 1209.710000 -13 814 1 0 1.000000
-10.012600 -6.850460 0 -16.691200 16.950100 208.660000 1209.800000 -13 815 1 0 1.000000
-2.918040 -4.805370 0 0.648795 -5.461120 192.475000 1209.650000 -13 816 1 0 1.000000
-13.213700 -12.554700 0 3.498380 -21.531800 200.286000 1209.780000 -13 817 1 0 1.000000
-4.200060 -2.694620 0 5.406800 -7.751820 195.315000 1209.920000 -13 818 1 0 1.000000
-10.953000 -2.628060 0 -11.869900 5.170510 197.783000 1209.900000 -13 819 1 0 1.000000
-15.444400 -10.854100 0 8.648960 16.936400 212.505000 1209.870000 -13 820 1 0 1.000000
-7.570710 -0.300858 0 6.821980 -7.324650 200.962000 1209.900000 -13 821 1 0 1.000000
2.888210 -5.042250 0 -5.850140 -2.059670 190.378000 1209.760000 -13 822 1 0 1.000000
-13.937900 -2.648490 0 -13.850200 -8.337100 204.148000 1209.770000 -13 823 1 0 1.000000
-8.166210 -4.055390 0 -15.224800 18.941900 198.657000 1209.860000 -13 824 1 0 1.000000
-7.208300 0.768836 0 9.067840 1.791570 218.218000 1209.740000 -13 825 1 0 1.000000
-0.179724 -1.770050 0 1.058130 -4.165790 213.198000 1209.790000 -13 826 1 0 1.000000
-1.100660 -12.169400 0 3.932780 5.844540 210.596000 1209.910000 -13 827 1 0 1.000000
-14.184000 1.976390 0 -6.932760 9.416780 195.502000 1209.960000 -13 828 1 0 1.000000
-7.198030 -9.128530 0 -5.460390 14.713000 209.090000 1209.820000 -13 829 1 0 1.000000
-1.182380 -2.158020 0 -4.407700 3.917220 212.217000 1209.840000 -13 830 1 0 1.000000
-6.938690 -2.678940 0 -4.958840 24.173900 212.295000 1209.810000 -13 831 1 0 1.000000
-2.797090 -3.957370 0 5.605770 18.593200 222.933000 1209.740000 -13 832 1 0 1.000000
-15.881600 0.408665 0 -1.179400 6.305280 201.741000 1209.870000 -13 833 1 0 1.000000
-2.437770 -4.551860 0 -7.262020 7.560110 214.383000 1209.820000 -13 834 1 0 1.000000
-5.652900 -16.298300 0 -2.997090 -9.583640 215.482000 1209.660000 -13 835 1 0 1.000000
-5.672850 5.897260 0 15.048500 1.027140 200.979000 1209.850000 -13 836 1 0 1.000000
-6.000490 -11.870900 0 -0.339666 -20.379800 214.931000 1209.660000 -13 837 1 0 1.000000
-7.090800 -3.028520 0 7.775620 -24.188200 219.785000 1209.880000 -13 838 1 0 1.000000
5.562100 -2.923020 0 10.194700 -9.730970 211.918000 1209.840000 -13 839 1 0 1.000000
-14.497500 -3.674350 0 9.065680 -1.936250 216.299000 1209.910000 -13 840 1 0 1.000000
-11.554100 -3.145070 0 9.608790 3.488400 211.126000 1209.820000 -13 841 1 0 1.000000
3.912390 3.408200 0 3.947520 5.009240 201.594000 1209.680000 -13 842 1 0 1.000000
-13.606000 -0.398457 0 15.709700 12.285900 205.977000 1209.950000 -13 843 1 0 1.000000
-0.077483 -3.271810 0 -13.267100 -1.025330 220.338000 1209.900000 -13 844 1 0 1.000000
1.506400 -2.953290 0 13.288100 -13.229000 220.435000 1209.770000 -13 845 1 0 1.000000
-0.308821 6.656220 0 -2.145450 0.575812 192.672000 1209.840000 -13 846 1 0 1.000000
-1.009150 -8.846540 0 -6.456590 -10.516700 217.831000 1209.940000 -13 847 1 0 1.000000
-6.854650 -0.936372 0 9.638250 12.598900 217.676000 1209.890000 -13 848 1 0 1.000000
-2.660290 0.120532 0 -25.457400 -44.898700 231.140000 1209.700000 -13 849 1 0 1.000000
-6.901040 -4.502370 0 -7.567020 20.993700 220.486000 1210.030000 -13 850 1 0 1.000000
-2.714420 1.485980 0 -8.972260 -4.919700 210.647000 1209.540000 -13 851 1 0 1.000000
1.725230 -17.462600 0 8.547840 -3.305890 212.581000 1209.640000 -13 852 1 0 1.000000
-5.052810 -2.996670 0 -12.548800 12.529700 195.878000 1209.700000 -13 853 1 0 1.000000
-2.841370 -0.285134 0 -19.257900 -1.207320 235.694000 1209.950000 -13 854 1 0 1.000000
-2.794030 -6.319610 0 -23.650200 -9.900820 216.226000 1210.000000 -13 855 1 0 1.000000
-4.159900 6.393890 0 -23.262100 5.758320 222.061000 1209.690000 -13 856 1 0 1.000000
-9.613730 -5.505320 0 23.065400 3.330750 207.459000 1209.680000 -13 857 1 0 1.000000
-3.762060 -10.112800 0 1.116640 -13.447600 197.939000 1209.950000 -13 858 1 0 1.000000
-7.210620 -0.932151 0 -32.887800 3.114880 212.479000 1209.780000 -13 859 1 0 1.000000
-0.402466 6.629390 0 -11.017500 -3.890650 197.672000 1209.840000 -13 860 1 0 1.000000
-8.766520 -6.865360 0 8.525620 0.952325 216.794000 1209.900000 -13 861 1 0 1.000000
-8.705650 0.449056 0 7.620760 -21.913100 210.848000 1210.010000 -13 862 1 0 1.000000
-6.238290 -10.220300 0 22.137400 -9.744170 201.902000 1209.660000 -13 863 1 0 1.000000
0.205088 -6.892500 0 14.604000 -17.493300 208.960000 1209.620000 -13 864 1 0 1.000000
-3.543980 -3.133420 0 -9.400820 7.387340 210.987000 1209.970000 -13 865 1 0 1.000000
-2.207940 -11.145400 0 9.551620 8.628850 188.877000 1209.820000 -13 866 1 0 1.000000
-0.101644 3.761730 0 -5.345360 -5.881200 190.395000 1209.820000 -13 867 1 0 1.000000
-6.036380 1.647930 0 32.341300 -20.345100 199.523000 1209.730000 -13 868 1 0 1.000000
-0.019537 3.821790 0 4.655350 3.580870 216.193000 1209.890000 -13 869 1 0 1.000000
-2.562470 -3.997100 0 -24.269000 7.101130 192.346000 1209.670000 -13 870 1 0 1.000000
-7.703840 -8.688200 0 -5.872490 -6.016880 197.135000 1209.890000 -13 871 1 0 1.000000
-2.244230 -6.603120 0 -6.484930 9.154650 206.941000 1209.970000 -13 872 1 0 1.000000
-3.905690 -1.339370 0 3.201550 -2.336790 211.763000 1209.560000 -13 873 1 0 1.000000
-5.662050 -7.615600 0 1.435870 0.136846 221.905000 1209.900000 -13 874 1 0 1.000000
4.384260 4.358470 0 -3.029470 -2.842210 199.143000 1209.850000 -13 875 1 0 1.000000
-1.410810 -11.617100 0 -2.005540 0.014970 200.741000 1209.920000 -13 876 1 0 1.000000
-14.018200 1.475310 0 40.803400 -8.357290 225.764000 1209.650000 -13 877 1 0 1.000000
4.165170 -10.499100 0 6.780640 21.465400 191.690000 1209.770000 -13 878 1 0 1.000000
-4.721740 -13.495900 0 6.883630 -10.132800 194.252000 1209.860000 -13 879 1 0 1.000000
-3.350330 -3.429690 0 -1.173480 4.758880 186.199000 1209.740000 -13 880 1 0 1.000000
-1.367780 4.809300 0 12.083700 -14.134500 215.161000 1209.880000 -13 881 1 0 1.000000
-9.665050 -10.012400 0 -14.877800 12.613400 202.481000 1209.850000 -13 882 1 0 1.000000
9.013610 2.649520 0 -11.865900 2.555430 207.061000 1209.960000 -13 883 1 0 1.000000
-2.887740 -3.454970 0 -4.206750 3.925360 190.630000 1209.800000 -13 884 1 0 1.000000
-1.381180 1.090460 0 -12.724700 12.089400 211.816000 1209.830000 -13 885 1 0 1.000000
-6.783100 11.126400 0 -3.645140 -2.967380 211.036000 1209.650000 -13 886 1 0 1.000000
6.164530 -7.279280 0 -17.315100 -17.562800 208.564000 1209.990000 -13 887 1 0 1.000000
-2.360640 -10.689900 0 3.409060 -19.183500 208.482000 1209.920000 -13 888 1 0 1.000000
6.406000 -9.682750 0 -3.070560 -10.590500 199.614000 1209.930000 -13 889 1 0 1.000000
0.878834 0.687373 0 -12.524900 -26.958500 207.931000 1209.820000 -13 890 1 0 1.000000
-10.777600 -4.204510 0 -9.593630 14.119900 212.906000 1209.830000 -13 891 1 0 1.000000
-9.300810 -18.351700 0 -9.319190 -26.433200 212.686000 1209.710000 -13 892 1 0 1.000000
-6.958620 -12.667800 0 -3.947790 12.477400 220.002000 1209.760000 -13 893 1 0 1.000000
-13.241900 -1.016000 0 24.330500 -7.149450 232.752000 1209.710000 -13 894 1 0 1.000000
-6.984790 -5.933390 0 -8.383280 -12.327900 212.333000 1209.920000 -13 895 1 0 1.000000
-7.434300 -4.905230 0 28.365400 -5.071850 202.136000 1210.010000 -13 896 1 0 1.000000
-10.778000 -0.540291 0 -8.581490 0.295227 218.756000 1209.930000 -13 897 1 0 1.000000
-4.108450 -2.173040 0 -13.691100 -14.562900 200.092000 1209.780000 -13 898 1 0 1.000000
-1.472670 6.026230 0 -1.551090 -5.323580 206.326000 1209.900000 -13 899 1 0 1.000000
-0.772308 -2.548780 0 -3.389040 -3.236270 205.720000 1209.980000 -13 900 1 0 1.000000
-6.531040 -7.672650 0 -10.663600 1.630180 211.613000 1209.890000 -13 901 1 0 1.000000
-3.030640 -2.741370 0 0.916973 -2.495560 210.625000 1209.850000 -13 902 1 0 1.000000
-2.257210 -14.834100 0 4.831370 16.452400 220.554000 1209.850000 -13 903 1 0 1.000000
