#BLTrackFile solenoid_cooling_channel
#x y z Px Py Pz t PDGid EvNum TrkId Parent weight
-1.796110 -2.351410 0 0.000000 0.000000 203.000000 1372.280000 -13 1 1 0 1.000000
-2.723620 -2.232070 0 -5.554690 1.015680 199.449000 1372.200000 -13 2 1 0 1.000000
-4.388200 -4.895420 0 -14.427000 4.454900 216.793000 1372.240000 -13 3 1 0 1.000000
-8.345760 -7.347810 0 0.166252 21.276100 215.204000 1372.200000 -13 4 1 0 1.000000
3.324730 -6.145050 0 15.669500 -3.644720 229.791000 1372.410000 -13 5 1 0 1.000000
-4.776620 -1.802720 0 -7.960920 -3.207470 198.984000 1372.260000 -13 6 1 0 1.000000
-2.279300 -3.476860 0 -17.729800 -5.892330 209.834000 1372.090000 -13 7 1 0 1.000000
-9.685920 -4.731420 0 0.159564 -8.471350 210.283000 1372.120000 -13 8 1 0 1.000000
-7.448690 -2.838930 0 -29.782400 17.418100 202.457000 1372.190000 -13 9 1 0 1.000000
-4.423770 -2.035630 0 4.317530 5.240550 221.803000 1372.260000 -13 10 1 0 1.000000
7.570880 -4.262980 0 19.111100 7.266940 195.147000 1372.310000 -13 11 1 0 1.000000
1.951400 -5.405090 0 12.872800 27.985300 202.640000 1372.250000 -13 12 1 0 1.000000
-0.101043 -0.372899 0 -21.110800 9.202660 224.906000 1372.220000 -13 13 1 0 1.000000
-11.979400 -12.175000 0 -6.966500 11.338600 233.083000 1372.300000 -13 14 1 0 1.000000
-3.666220 -2.222170 0 20.886900 -1.676610 237.108000 1372.350000 -13 15 1 0 1.000000
-5.697780 0.560979 0 28.789300 -11.999300 202.773000 1372.150000 -13 16 1 0 1.000000
-2.284090 -6.727500 0 11.174800 31.535100 228.595000 1372.370000 -13 17 1 0 1.000000
-0.154004 -7.921620 0 -12.812900 20.890000 222.892000 1372.200000 -13 18 1 0 1.000000
5.361600 -3.392230 0 6.017990 -3.722610 203.405000 1372.260000 -13 19 1 0 1.000000
1.888810 -5.816420 0 4.103350 -24.790900 232.263000 1372.410000 -13 20 1 0 1.000000
-5.120580 -2.601990 0 -36.575000 23.561400 219.986000 1372.150000 -13 21 1 0 1.000000
-1.692890 -8.891650 0 58.605700 -8.831160 211.000000 1372.380000 -13 22 1 0 1.000000
-8.991800 -1.837960 0 15.897100 -16.780500 210.487000 1372.130000 -13 23 1 0 1.000000
0.870647 10.371000 0 4.910820 -29.816200 231.760000 1372.360000 -13 24 1 0 1.000000
-0.354301 0.830303 0 -18.156900 14.933800 204.802000 1372.260000 -13 25 1 0 1.000000
-1.700480 -2.056730 0 -6.855580 -9.807130 232.409000 1372.150000 -13 26 1 0 1.000000
-1.022930 -2.733970 0 3.100470 -2.862950 199.839000 1372.220000 -13 27 1 0 1.000000
-3.455640 -6.164800 0 6.475480 4.042760 196.319000 1372.260000 -13 28 1 0 1.000000
-0.634391 -3.831310 0 9.574770 15.468500 207.112000 1372.340000 -13 29 1 0 1.000000
-3.401680 -6.404350 0 -2.975170 -4.327320 203.038000 1372.240000 -13 30 1 0 1.000000
-1.140960 -10.233600 0 14.515900 -29.574500 213.650000 1372.170000 -13 31 1 0 1.000000
-3.448910 -6.914780 0 40.283600 26.606300 235.390000 1372.330000 -13 32 1 0 1.000000
0.322398 -4.193120 0 2.568080 7.422260 213.058000 1372.120000 -13 33 1 0 1.000000
-2.950430 -2.096690 0 6.654310 8.319630 217.799000 1372.270000 -13 34 1 0 1.000000
-1.429370 -0.423336 0 -5.059120 -1.448460 203.600000 1372.410000 -13 35 1 0 1.000000
-2.409650 -5.482940 0 13.421500 13.734800 204.801000 1372.240000 -13 36 1 0 1.000000
5.092100 -11.303500 0 10.758200 -12.458000 214.344000 1372.270000 -13 37 1 0 1.000000
-1.786440 -1.861140 0 -9.880910 -19.283800 186.770000 1372.120000 -13 38 1 0 1.000000
2.529200 -2.157940 0 -0.537515 11.533000 220.372000 1372.250000 -13 39 1 0 1.000000
-3.788100 -0.270091 0 -1.425290 -17.657800 213.838000 1372.210000 -13 40 1 0 1.000000
1.406500 -0.989333 0 1.712010 14.999700 226.562000 1372.260000 -13 41 1 0 1.000000
-3.042500 -3.115750 0 3.690430 -9.774830 195.599000 1372.140000 -13 42 1 0 1.000000
-5.413640 -3.137930 0 -8.906430 -1.422370 224.907000 1372.090000 -13 43 1 0 1.000000
-0.154678 -4.195990 0 -0.380506 -21.281200 215.608000 1372.260000 -13 44 1 0 1.000000
-0.011666 -8.192170 0 16.011300 40.757500 225.699000 1372.350000 -13 45 1 0 1.000000
-5.652220 -0.544568 0 -11.151800 11.502300 225.571000 1372.220000 -13 46 1 0 1.000000
-1.080310 -1.035370 0 -0.315295 13.816800 208.762000 1372.390000 -13 47 1 0 1.000000
-0.727885 -2.118780 0 5.868720 -14.957000 214.317000 1372.160000 -13 48 1 0 1.000000
-7.584930 -9.282900 0 34.076300 28.166900 231.553000 1372.310000 -13 49 1 0 1.000000
-4.139320 0.378005 0 -20.476400 2.293820 206.899000 1372.170000 -13 50 1 0 1.000000
-7.207420 -4.479460 0 11.362800 6.036300 220.186000 1372.380000 -13 51 1 0 1.000000
-0.201104 -0.567544 0 -7.332500 -5.833450 195.437000 1372.090000 -13 52 1 0 1.000000
0.281392 -5.806780 0 -11.887800 14.632600 223.619000 1372.110000 -13 53 1 0 1.000000
3.371030 0.724886 0 -4.770040 1.290290 216.768000 1372.250000 -13 54 1 0 1.000000
-1.172260 -8.558500 0 -20.900600 -14.761200 216.246000 1372.330000 -13 55 1 0 1.000000
-7.338100 -2.060610 0 -27.219200 16.906700 214.961000 1372.150000 -13 56 1 0 1.000000
-4.205100 -3.510120 0 -7.619420 -1.931250 204.896000 1372.250000 -13 57 1 0 1.000000
0.258333 0.970081 0 4.187280 9.950290 199.418000 1372.240000 -13 58 1 0 1.000000
3.487250 4.258240 0 -3.167160 -6.631550 208.769000 1372.150000 -13 59 1 0 1.000000
-1.411500 -4.555680 0 4.731070 8.688070 231.301000 1372.230000 -13 60 1 0 1.000000
-1.791200 -6.016250 0 -3.879410 26.298300 230.358000 1372.280000 -13 61 1 0 1.000000
-10.811800 0.393031 0 14.828400 -7.001450 215.337000 1372.180000 -13 62 1 0 1.000000
-0.871002 0.964538 0 -4.821840 -56.320300 231.928000 1372.290000 -13 63 1 0 1.000000
2.381130 7.514940 0 7.638690 -17.502200 205.698000 1372.130000 -13 64 1 0 1.000000
-4.373610 -5.325320 0 6.914030 34.076500 233.909000 1372.310000 -13 65 1 0 1.000000
-1.637090 -2.364040 0 2.684150 0.489427 218.517000 1372.240000 -13 66 1 0 1.000000
-4.502050 -9.681420 0 10.987500 6.632250 207.311000 1372.210000 -13 67 1 0 1.000000
-1.131880 -5.815840 0 -19.823200 15.608300 225.368000 1372.140000 -13 68 1 0 1.000000
-7.491210 1.037540 0 -9.393720 17.421800 222.121000 1372.130000 -13 69 1 0 1.000000
-9.745330 -0.801541 0 1.908060 0.109101 226.865000 1372.200000 -13 70 1 0 1.000000
-0.529215 1.661120 0 4.646070 -0.502332 201.619000 1372.180000 -13 71 1 0 1.000000
0.992087 2.470570 0 0.223010 5.302210 217.816000 1372.160000 -13 72 1 0 1.000000
-9.581300 2.289810 0 8.319150 -25.797700 223.062000 1372.440000 -13 73 1 0 1.000000
-4.419250 -4.239700 0 -42.275500 16.818100 226.001000 1372.210000 -13 74 1 0 1.000000
-2.950690 2.750550 0 -3.850810 -13.805200 194.257000 1372.320000 -13 75 1 0 1.000000
-5.935280 8.239270 0 3.138870 1.429820 217.150000 1372.160000 -13 76 1 0 1.000000
-1.843420 -6.519520 0 17.439000 26.535100 223.385000 1372.290000 -13 77 1 0 1.000000
0.063707 -7.383320 0 10.228700 -5.672890 213.597000 1372.200000 -13 78 1 0 1.000000
-2.782000 -4.771580 0 30.293000 -29.855300 210.196000 1372.170000 -13 79 1 0 1.000000
4.343570 -5.377450 0 13.525100 23.241700 210.215000 1372.230000 -13 80 1 0 1.000000
0.453465 -2.498470 0 -7.596860 11.465900 214.332000 1372.310000 -13 81 1 0 1.000000
-0.084463 -1.704950 0 3.758950 7.529360 192.699000 1372.220000 -13 82 1 0 1.000000
2.421480 -2.424480 0 -8.334220 11.989000 200.063000 1372.240000 -13 83 1 0 1.000000
-5.193130 1.190880 0 3.401450 15.158000 200.430000 1372.120000 -13 84 1 0 1.000000
-0.363261 -3.957250 0 19.306500 -14.289500 210.615000 1372.220000 -13 85 1 0 1.000000
-5.397580 -5.208910 0 4.101020 13.011400 200.165000 1372.210000 -13 86 1 0 1.000000
-1.343190 -5.894800 0 24.658100 -35.771100 215.982000 1372.360000 -13 87 1 0 1.000000
-2.967590 -3.212890 0 2.137260 14.705200 219.952000 1372.550000 -13 88 1 0 1.000000
-0.629989 2.234280 0 -1.572210 -12.292800 216.422000 1372.320000 -13 89 1 0 1.000000
2.364170 -0.827593 0 17.976600 4.213100 196.354000 1372.200000 -13 90 1 0 1.000000
-3.317750 -2.449630 0 -6.703240 -28.740800 200.325000 1372.270000 -13 91 1 0 1.000000
-0.953638 -1.325820 0 -17.121600 3.118060 186.102000 1372.180000 -13 92 1 0 1.000000
-5.610400 -3.510580 0 11.470300 3.954440 237.983000 1372.240000 -13 93 1 0 1.000000
8.264530 -7.358220 0 19.749600 -0.619532 210.908000 1372.180000 -13 94 1 0 1.000000
0.745774 -0.132768 0 -29.750600 -19.733500 210.592000 1372.340000 -13 95 1 0 1.000000
-1.451900 -2.637550 0 9.884170 -3.297720 209.362000 1372.270000 -13 96 1 0 1.000000
-9.725270 -3.699130 0 -6.074630 24.798500 204.074000 1372.240000 -13 97 1 0 1.000000
-4.462330 -4.430240 0 5.956870 -8.631440 236.370000 1372.390000 -13 98 1 0 1.000000
4.150250 -1.661920 0 -15.028000 -11.614300 210.684000 1372.240000 -13 99 1 0 1.000000
-3.553060 2.632790 0 -1.408440 -5.334730 199.437000 1372.170000 -13 100 1 0 1.000000
-0.112133 -0.362544 0 -30.628000 -20.737900 225.063000 1372.150000 -13 101 1 0 1.000000
-2.435890 -4.123310 0 -2.123440 -15.425900 208.873000 1372.260000 -13 102 1 0 1.000000
-4.549960 2.038890 0 -1.074580 6.217860 201.179000 1372.140000 -13 103 1 0 1.000000
-9.824480 2.947180 0 5.575250 -19.580700 224.761000 1372.150000 -13 104 1 0 1.000000
-3.824430 -0.303483 0 11.862700 9.249130 200.887000 1372.330000 -13 105 1 0 1.000000
-4.349850 -8.219980 0 1.707790 -12.324100 198.543000 1372.260000 -13 106 1 0 1.000000
-4.342870 -2.705760 0 32.732000 -6.662550 226.522000 1372.210000 -13 107 1 0 1.000000
-11.179300 -0.359718 0 -8.241590 -6.028020 215.695000 1372.500000 -13 108 1 0 1.000000
-0.825476 -2.523820 0 0.955122 -6.542350 199.794000 1372.180000 -13 109 1 0 1.000000
-10.414700 -3.100330 0 14.749900 -7.139710 215.290000 1372.220000 -13 110 1 0 1.000000
5.126190 -3.789950 0 4.405820 7.824450 206.002000 1372.210000 -13 111 1 0 1.000000
-5.881620 -4.381320 0 -6.005460 -10.952800 201.874000 1372.100000 -13 112 1 0 1.000000
-5.304760 3.945360 0 -3.399500 -15.934400 223.379000 1372.400000 -13 113 1 0 1.000000
-7.537290 -0.812415 0 -22.657700 -6.993160 202.254000 1372.110000 -13 114 1 0 1.000000
-7.701880 -0.756079 0 43.154100 -6.140630 233.897000 1372.300000 -13 115 1 0 1.000000
-5.227140 -1.897520 0 5.945950 -9.677060 234.641000 1372.290000 -13 116 1 0 1.000000
0.812305 -4.794670 0 -18.615600 22.505900 203.704000 1372.270000 -13 117 1 0 1.000000
3.376240 -3.103280 0 15.166600 35.293900 210.051000 1372.170000 -13 118 1 0 1.000000
-1.223830 -4.959760 0 -4.214480 10.788900 213.269000 1372.160000 -13 119 1 0 1.000000
-0.488321 -3.830840 0 5.124350 -2.458680 203.609000 1372.300000 -13 120 1 0 1.000000
-3.659710 -0.627793 0 22.820000 -16.299300 226.761000 1372.140000 -13 121 1 0 1.000000
-3.241850 -0.082216 0 4.361930 5.859210 206.886000 1372.250000 -13 122 1 0 1.000000
-1.562990 0.193754 0 19.374600 0.866612 201.094000 1372.290000 -13 123 1 0 1.000000
-7.557260 -4.080250 0 -1.391080 -10.058700 226.423000 1372.240000 -13 124 1 0 1.000000
-0.871210 -2.837440 0 -0.060569 -8.753770 192.667000 1372.140000 -13 125 1 0 1.000000
1.988370 -2.656930 0 -16.471200 1.613830 203.063000 1372.120000 -13 126 1 0 1.000000
6.188610 -1.508020 0 17.470800 -3.806260 212.042000 1372.250000 -13 127 1 0 1.000000
-4.973810 -1.368540 0 -2.634380 5.538430 200.277000 1372.080000 -13 128 1 0 1.000000
2.842410 -3.736930 0 17.684400 10.771400 211.869000 1372.200000 -13 129 1 0 1.000000
0.430528 -0.987837 0 -0.904553 22.804900 221.437000 1372.330000 -13 130 1 0 1.000000
-5.726260 2.705910 0 8.249740 -20.695900 235.768000 1372.310000 -13 131 1 0 1.000000
-5.677250 -0.071166 0 -36.084400 -5.082290 207.276000 1372.410000 -13 132 1 0 1.000000
1.762710 3.202270 0 1.622020 10.299800 204.868000 1372.270000 -13 133 1 0 1.000000
-1.381980 -3.830930 0 1.348020 6.249830 203.054000 1372.250000 -13 134 1 0 1.000000
-8.921570 -0.954179 0 -6.725990 -3.347400 211.533000 1372.470000 -13 135 1 0 1.000000
-0.874873 0.984846 0 -41.402700 -16.419900 229.186000 1372.210000 -13 136 1 0 1.000000
3.195680 -5.465320 0 -33.656200 6.539440 229.233000 1372.280000 -13 137 1 0 1.000000
-1.176750 -4.865050 0 -20.483300 -5.629160 207.910000 1372.240000 -13 138 1 0 1.000000
-6.831520 -1.561350 0 9.276480 4.642420 213.980000 1372.430000 -13 139 1 0 1.000000
-7.263860 -1.041610 0 -26.509100 -16.117200 216.457000 1372.120000 -13 140 1 0 1.000000
5.511820 -1.112400 0 10.302500 -12.586000 196.395000 1372.180000 -13 141 1 0 1.000000
-0.944457 -3.648320 0 -5.126040 -5.893900 196.977000 1372.180000 -13 142 1 0 1.000000
-6.535940 3.350890 0 9.068870 -15.560500 203.197000 1372.330000 -13 143 1 0 1.000000
-1.471380 -1.406830 0 5.242850 5.365740 216.778000 1372.230000 -13 144 1 0 1.000000
0.796380 -3.425800 0 -7.744370 14.602700 207.990000 1372.250000 -13 145 1 0 1.000000
-3.228650 -1.255770 0 -7.928780 -6.284540 203.463000 1372.320000 -13 146 1 0 1.000000
-2.170350 -2.658710 0 6.721720 -3.311620 211.297000 1372.580000 -13 147 1 0 1.000000
6.359150 -1.909760 0 0.927855 -8.447540 210.027000 1372.090000 -13 148 1 0 1.000000
-5.216390 -5.478340 0 30.753500 28.869800 219.535000 1372.120000 -13 149 1 0 1.000000
-3.989290 -3.630440 0 11.258300 -12.470500 198.430000 1372.330000 -13 150 1 0 1.000000
-9.834540 -2.966880 0 11.713100 0.795497 208.309000 1372.130000 -13 151 1 0 1.000000
-3.518360 -4.575620 0 -4.409820 6.272310 205.530000 1372.240000 -13 152 1 0 1.000000
0.938484 -2.186220 0 -4.171840 -12.217200 213.140000 1372.270000 -13 153 1 0 1.000000
-1.447250 1.037740 0 -14.159200 -12.469100 231.909000 1372.340000 -13 154 1 0 1.000000
-4.858050 -2.099810 0 6.240830 1.890270 212.501000 1372.240000 -13 155 1 0 1.000000
1.714170 1.478610 0 -5.232280 4.113840 203.267000 1372.190000 -13 156 1 0 1.000000
-4.781470 -3.560380 0 -17.393400 -17.044600 204.715000 1372.330000 -13 157 1 0 1.000000
-6.726760 -0.147369 0 -0.637296 -2.711810 212.970000 1372.200000 -13 158 1 0 1.000000
-5.394360 -5.924720 0 6.860780 -11.435000 200.764000 1372.350000 -13 159 1 0 1.000000
-9.563940 6.652310 0 -0.329332 5.744460 214.026000 1372.270000 -13 160 1 0 1.000000
-1.964580 4.797830 0 6.271940 -0.787399 211.470000 1372.100000 -13 161 1 0 1.000000
0.610955 -2.282120 0 42.744700 25.515000 227.575000 1372.240000 -13 162 1 0 1.000000
-7.310820 0.072937 0 0.595186 -19.973800 209.663000 1372.280000 -13 163 1 0 1.000000
-0.470882 -0.440864 0 -4.285210 -3.582970 224.215000 1372.200000 -13 164 1 0 1.000000
-2.014100 -5.855400 0 13.294400 0.342236 196.881000 1372.220000 -13 165 1 0 1.000000
-10.123300 -9.819760 0 -18.174000 -20.636400 224.451000 1372.220000 -13 166 1 0 1.000000
-7.239910 -3.746780 0 -20.111900 -4.426990 210.641000 1372.160000 -13 167 1 0 1.000000
-4.590290 -1.279820 0 -21.430500 51.878400 227.643000 1372.210000 -13 168 1 0 1.000000
-4.299190 -3.804040 0 -4.817990 7.281980 194.638000 1372.240000 -13 169 1 0 1.000000
-1.986810 -3.733600 0 6.788690 5.194000 199.170000 1372.260000 -13 170 1 0 1.000000
-1.847990 -4.244320 0 21.814500 13.524000 212.973000 1372.320000 -13 171 1 0 1.000000
0.961030 -2.607100 0 -7.725480 -22.407500 216.617000 1372.110000 -13 172 1 0 1.000000
2.010260 2.252500 0 7.637320 0.732200 224.789000 1372.340000 -13 173 1 0 1.000000
-5.463300 -2.963750 0 -0.166793 -21.048300 232.309000 1372.390000 -13 174 1 0 1.000000
2.471470 -4.313440 0 14.133200 12.177200 192.347000 1372.210000 -13 175 1 0 1.000000
-2.012350 -3.447620 0 7.790600 -1.528980 203.329000 1372.190000 -13 176 1 0 1.000000
-3.415690 2.623040 0 18.924700 -50.229500 232.147000 1372.320000 -13 177 1 0 1.000000
-5.918160 -8.117840 0 -10.736800 4.104820 206.404000 1372.420000 -13 178 1 0 1.000000
0.017104 0.540524 0 -13.195300 -17.020600 239.678000 1372.260000 -13 179 1 0 1.000000
-2.640870 -1.789200 0 9.002920 -2.704900 229.119000 1372.320000 -13 180 1 0 1.000000
-1.901090 -1.234540 0 -17.345000 0.549621 199.570000 1372.330000 -13 181 1 0 1.000000
-0.839371 2.013640 0 -10.603300 2.719350 200.080000 1372.350000 -13 182 1 0 1.000000
-2.822000 -5.384300 0 6.492760 -5.502910 212.296000 1372.270000 -13 183 1 0 1.000000
-5.038430 3.172170 0 16.101900 20.801900 223.161000 1372.180000 -13 184 1 0 1.000000
-7.782730 -2.302700 0 3.281380 0.991358 201.643000 1372.240000 -13 185 1 0 1.000000
-1.823830 -2.865840 0 19.869400 3.918580 213.845000 1372.250000 -13 186 1 0 1.000000
0.483441 -2.258630 0 -16.158100 -11.968200 195.592000 1372.100000 -13 187 1 0 1.000000
1.325710 -0.889177 0 -3.975160 0.356049 196.822000 1372.360000 -13 188 1 0 1.000000
-2.836480 -4.036970 0 14.871000 -4.496660 200.226000 1372.210000 -13 189 1 0 1.000000
3.752300 -4.001660 0 -11.003400 13.005400 211.476000 1372.390000 -13 190 1 0 1.000000
2.785930 -8.195380 0 -5.027710 -19.293100 201.237000 1372.310000 -13 191 1 0 1.000000
-1.965280 2.445770 0 -11.730200 -9.995700 208.660000 1372.300000 -13 192 1 0 1.000000
-0.760140 -0.305169 0 10.544000 -3.056510 207.642000 1372.190000 -13 193 1 0 1.000000
-0.092069 -1.108900 0 -22.888900 -2.671270 190.008000 1372.420000 -13 194 1 0 1.000000
-3.803730 4.014610 0 -18.647400 0.510612 200.081000 1372.190000 -13 195 1 0 1.000000
-4.037920 -4.906730 0 -12.494900 -9.918050 211.213000 1372.110000 -13 196 1 0 1.000000
-4.453320 -4.079280 0 -7.809330 51.066300 226.574000 1372.290000 -13 197 1 0 1.000000
-1.780840 -5.099360 0 22.255600 25.088500 198.430000 1372.160000 -13 198 1 0 1.000000
-1.431060 -2.698670 0 -9.181390 -17.499600 198.595000 1372.230000 -13 199 1 0 1.000000
-3.149930 -7.098490 0 -4.921830 -6.813890 200.374000 1372.140000 -13 200 1 0 1.000000
-4.932900 -3.632180 0 9.779010 1.414160 219.801000 1372.210000 -13 201 1 0 1.000000
0.420527 1.443910 0 -29.323700 -31.946400 229.355000 1372.200000 -13 202 1 0 1.000000
-3.185780 -1.851220 0 5.192020 -7.810780 207.314000 1372.320000 -13 203 1 0 1.000000
0.803168 -4.910970 0 -4.339380 -8.913560 208.431000 1372.320000 -13 204 1 0 1.000000
-10.881400 0.043471 0 -27.004300 -5.634520 219.750000 1372.410000 -13 205 1 0 1.000000
-7.780290 3.724060 0 22.182600 -29.180100 220.090000 1372.410000 -13 206 1 0 1.000000
-6.102680 5.582910 0 -14.615500 9.740790 225.601000 1372.370000 -13 207 1 0 1.000000
2.263610 0.914488 0 5.462100 14.531900 208.645000 1372.220000 -13 208 1 0 1.000000
-3.741160 -0.895642 0 13.726900 1.368660 213.776000 1372.370000 -13 209 1 0 1.000000
-3.694430 3.652560 0 -11.623500 19.901600 202.509000 1372.160000 -13 210 1 0 1.000000
-5.472870 -2.547310 0 -9.839630 -2.890200 210.445000 1372.110000 -13 211 1 0 1.000000
-2.768010 -3.488770 0 -0.663058 6.498210 211.160000 1372.220000 -13 212 1 0 1.000000
-7.338800 3.319540 0 -3.178410 1.134740 213.374000 1372.150000 -13 213 1 0 1.000000
1.089450 1.693610 0 -8.911320 -18.829500 235.262000 1372.230000 -13 214 1 0 1.000000
1.345110 -0.546378 0 -3.618140 14.926800 200.445000 1372.130000 -13 215 1 0 1.000000
-7.042550 1.766210 0 31.743300 18.009600 231.180000 1372.270000 -13 216 1 0 1.000000
3.333580 -4.638160 0 -3.787810 -22.211600 204.287000 1372.200000 -13 217 1 0 1.000000
-4.693540 1.775430 0 -16.212700 -8.965770 198.669000 1372.260000 -13 218 1 0 1.000000
-0.287996 -1.841300 0 -9.128660 41.686700 212.739000 1372.200000 -13 219 1 0 1.000000
-1.148130 -6.293920 0 6.693770 9.140630 220.164000 1372.110000 -13 220 1 0 1.000000
-10.674000 -5.837800 0 12.912900 -22.900600 240.139000 1372.300000 -13 221 1 0 1.000000
-5.087810 -5.763350 0 -23.610200 -26.320800 228.552000 1372.220000 -13 222 1 0 1.000000
-0.370729 -5.590730 0 -0.426830 -7.815350 217.792000 1372.250000 -13 223 1 0 1.000000
2.014700 -7.567260 0 -6.970890 16.270800 227.168000 1372.330000 -13 224 1 0 1.000000
-5.380620 -0.237145 0 -8.310690 -6.540480 203.220000 1372.300000 -13 225 1 0 1.000000
-1.666480 0.825321 0 11.571300 11.019500 216.548000 1372.160000 -13 226 1 0 1.000000
-7.956380 -0.582363 0 21.562000 3.834680 237.992000 1372.230000 -13 227 1 0 1.000000
-3.314470 -3.454820 0 -3.866900 18.840800 203.667000 1372.260000 -13 228 1 0 1.000000
1.284040 1.385850 0 -4.776560 -28.378300 201.466000 1372.280000 -13 229 1 0 1.000000
-6.740550 4.692020 0 2.661180 22.751700 206.518000 1372.160000 -13 230 1 0 1.000000
1.781490 -8.722660 0 -9.293330 24.551500 213.918000 1372.200000 -13 231 1 0 1.000000
2.501790 1.305140 0 -14.352500 16.760100 201.889000 1372.160000 -13 232 1 0 1.000000
-1.958490 0.769430 0 -4.013900 3.127060 220.266000 1372.210000 -13 233 1 0 1.000000
-11.789500 6.563310 0 -10.337200 -1.118800 217.942000 1372.160000 -13 234 1 0 1.000000
-2.284380 -3.613840 0 14.049900 6.947110 199.534000 1372.230000 -13 235 1 0 1.000000
-6.675140 -4.946510 0 -11.752900 -19.695100 194.289000 1372.170000 -13 236 1 0 1.000000
-5.562710 -2.420230 0 -14.713000 -9.738150 202.952000 1372.180000 -13 237 1 0 1.000000
-4.400690 -6.893550 0 8.611740 5.481930 223.322000 1372.260000 -13 238 1 0 1.000000
-3.949780 2.266390 0 24.426000 3.385760 206.937000 1372.280000 -13 239 1 0 1.000000
-1.968270 0.601276 0 -20.569900 2.391720 211.881000 1372.310000 -13 240 1 0 1.000000
-1.338160 -1.504540 0 1.370180 37.945000 216.388000 1372.180000 -13 241 1 0 1.000000
-1.741720 -3.250210 0 -21.398500 9.357260 207.118000 1372.190000 -13 242 1 0 1.000000
-0.139228 -1.467460 0 -10.646900 26.773200 213.500000 1372.210000 -13 243 1 0 1.000000
-1.055150 -1.724300 0 -6.982090 5.490390 215.157000 1372.090000 -13 244 1 0 1.000000
0.016315 0.681315 0 -9.241190 -12.375000 197.258000 1372.240000 -13 245 1 0 1.000000
-4.033750 -6.724370 0 -12.944200 4.562010 209.842000 1372.080000 -13 246 1 0 1.000000
-5.379570 -5.325510 0 -24.491600 2.548440 199.437000 1372.310000 -13 247 1 0 1.000000
0.433851 -4.377170 0 -12.336800 1.174520 208.208000 1372.220000 -13 248 1 0 1.000000
-1.570070 -0.815080 0 -0.017903 0.971817 204.624000 1372.280000 -13 249 1 0 1.000000
-0.626352 -5.983230 0 17.346700 1.771050 217.456000 1372.280000 -13 250 1 0 1.000000
-3.463080 -5.491900 0 -6.899070 -16.131300 238.708000 1372.410000 -13 251 1 0 1.000000
-4.136320 1.232930 0 -22.573400 -38.150700 220.992000 1372.400000 -13 252 1 0 1.000000
-2.842620 -3.576320 0 8.656330 -4.295970 208.053000 1372.110000 -13 253 1 0 1.000000
-6.665070 -5.896370 0 -4.223410 12.292800 228.935000 1372.140000 -13 254 1 0 1.000000
-1.780790 -3.735150 0 16.643700 -9.741340 201.809000 1372.180000 -13 255 1 0 1.000000
-7.266050 -3.257130 0 -19.127900 9.364530 208.157000 1372.310000 -13 256 1 0 1.000000
0.770954 -5.573220 0 17.076600 -28.613500 226.070000 1372.430000 -13 257 1 0 1.000000
-3.613370 -2.592100 0 -3.231780 -3.473620 223.099000 1372.260000 -13 258 1 0 1.000000
-6.465790 0.604613 0 6.625690 14.654900 208.591000 1372.310000 -13 259 1 0 1.000000
-4.240800 -3.731130 0 31.292200 21.797400 224.516000 1372.240000 -13 260 1 0 1.000000
-8.173000 -4.809500 0 -4.250740 -14.185800 194.657000 1372.250000 -13 261 1 0 1.000000
-2.175670 -3.200070 0 -2.042020 12.909800 209.441000 1372.270000 -13 262 1 0 1.000000
-7.982660 -2.624600 0 13.280300 1.579200 217.492000 1372.090000 -13 263 1 0 1.000000
-0.986439 -1.627390 0 0.572203 -7.528360 192.540000 1372.190000 -13 264 1 0 1.000000
-8.561420 7.717390 0 -17.339600 -3.066490 210.082000 1372.270000 -13 265 1 0 1.000000
-0.599111 -4.613640 0 4.927820 -3.287100 221.285000 1372.260000 -13 266 1 0 1.000000
-3.599160 -1.595370 0 -18.172400 38.275100 221.188000 1372.200000 -13 267 1 0 1.000000
-2.356310 0.021949 0 -6.077390 12.548600 205.512000 1372.190000 -13 268 1 0 1.000000
-1.775020 0.001452 0 12.758400 -10.731400 215.720000 1372.360000 -13 269 1 0 1.000000
-5.525700 -1.353630 0 -3.097800 -4.643480 205.964000 1372.230000 -13 270 1 0 1.000000
0.729517 2.390860 0 13.264100 0.943991 203.608000 1372.360000 -13 271 1 0 1.000000
-1.068210 -6.490470 0 -2.098150 -8.069930 202.200000 1372.230000 -13 272 1 0 1.000000
0.979025 -6.597390 0 13.913400 -10.032700 215.045000 1372.200000 -13 273 1 0 1.000000
-6.056630 -5.730330 0 41.386400 33.775700 227.957000 1372.240000 -13 274 1 0 1.000000
-0.912859 -0.757128 0 -4.423710 15.037300 221.291000 1372.300000 -13 275 1 0 1.000000
-5.393580 -2.174120 0 -2.571270 9.769050 213.901000 1372.190000 -13 276 1 0 1.000000
-4.353650 -2.066640 0 20.254400 -10.281200 206.237000 1372.330000 -13 277 1 0 1.000000
-0.046722 -4.476930 0 -15.130200 1.291210 201.702000 1372.260000 -13 278 1 0 1.000000
-2.001090 -4.080520 0 -16.497200 25.065000 219.321000 1372.160000 -13 279 1 0 1.000000
-2.082110 0.224812 0 2.142180 -20.083700 220.998000 1372.280000 -13 280 1 0 1.000000
-9.538280 0.199920 0 11.570000 8.042210 211.629000 1372.470000 -13 281 1 0 1.000000
1.820890 -5.013400 0 -1.963160 -10.278600 204.922000 1372.160000 -13 282 1 0 1.000000
-3.367380 -7.263390 0 -5.769070 10.317900 197.316000 1372.260000 -13 283 1 0 1.000000
-8.466150 -0.901944 0 -2.012310 5.160440 234.922000 1372.380000 -13 284 1 0 1.000000
4.035370 0.977186 0 -27.067300 -17.759400 221.602000 1372.520000 -13 285 1 0 1.000000
-3.554120 0.734420 0 4.388280 -3.675480 210.363000 1372.340000 -13 286 1 0 1.000000
-9.633210 -0.632430 0 -0.668169 -2.613310 219.924000 1372.200000 -13 287 1 0 1.000000
-1.678720 2.419450 0 3.396580 2.184240 224.398000 1372.140000 -13 288 1 0 1.000000
-1.921810 -2.139990 0 8.023490 5.607580 204.651000 1372.190000 -13 289 1 0 1.000000
-4.666230 -0.560050 0 -1.146620 0.992926 212.526000 1372.390000 -13 290 1 0 1.000000
-4.475100 4.767870 0 -5.635120 -3.803690 228.478000 1372.370000 -13 291 1 0 1.000000
1.179500 -1.856560 0 -15.875000 3.822470 197.502000 1372.150000 -13 292 1 0 1.000000
-0.805789 -1.229700 0 -22.843800 -6.292620 219.441000 1372.090000 -13 293 1 0 1.000000
1.109320 -6.095110 0 7.849710 60.999900 236.016000 1372.370000 -13 294 1 0 1.000000
5.516940 -6.544840 0 -40.176600 -2.861680 216.735000 1372.290000 -13 295 1 0 1.000000
-0.152829 -3.066140 0 8.652640 14.702100 217.260000 1372.240000 -13 296 1 0 1.000000
-3.061240 1.862800 0 14.315100 9.198820 209.960000 1372.090000 -13 297 1 0 1.000000
-3.402940 -4.329740 0 -18.086100 20.635400 212.020000 1372.290000 -13 298 1 0 1.000000
-10.388000 -3.707850 0 26.525000 7.611020 223.135000 1372.460000 -13 299 1 0 1.000000
-0.851558 1.562610 0 -0.028780 5.478190 198.605000 1372.260000 -13 300 1 0 1.000000
4.191380 1.972770 0 -0.754798 -18.812000 203.842000 1372.200000 -13 301 1 0 1.000000
-5.430980 -1.249450 0 -32.975800 11.412800 226.081000 1372.360000 -13 302 1 0 1.000000
-3.781580 1.789290 0 5.588750 -12.101700 207.305000 1372.380000 -13 303 1 0 1.000000
0.476178 -5.618290 0 -11.554600 4.433140 228.180000 1372.290000 -13 304 1 0 1.000000
-4.075440 -11.638500 0 -6.673760 26.851100 225.624000 1372.360000 -13 305 1 0 1.000000
-2.643440 -4.374550 0 -21.959500 -2.804920 234.289000 1372.430000 -13 306 1 0 1.000000
2.805500 -4.697840 0 2.690080 -12.921000 195.384000 1372.320000 -13 307 1 0 1.000000
0.018802 -8.383680 0 -2.632110 -29.359300 236.026000 1372.260000 -13 308 1 0 1.000000
-3.967640 -4.641690 0 -8.378520 -8.383690 202.210000 1372.310000 -13 309 1 0 1.000000
3.757270 -4.012250 0 -12.680600 -18.346800 202.899000 1372.230000 -13 310 1 0 1.000000
0.791587 -6.919720 0 10.684800 7.295840 199.374000 1372.220000 -13 311 1 0 1.000000
-8.193080 -0.138190 0 7.934220 17.015000 229.808000 1372.140000 -13 312 1 0 1.000000
2.436540 -2.215140 0 2.245350 8.333320 200.078000 1372.290000 -13 313 1 0 1.000000
-3.806610 -4.382430 0 -4.295270 17.770800 210.155000 1372.190000 -13 314 1 0 1.000000
-0.818430 -4.815960 0 -3.623620 13.055800 220.586000 1372.250000 -13 315 1 0 1.000000
-2.498890 -10.933700 0 -8.733730 -11.669400 198.310000 1372.250000 -13 316 1 0 1.000000
-3.655230 -1.406140 0 6.141350 2.239030 202.477000 1372.220000 -13 317 1 0 1.000000
-5.301880 -1.493730 0 1.631470 14.837700 225.318000 1372.150000 -13 318 1 0 1.000000
-2.773960 -2.467530 0 3.266690 1.087490 212.500000 1372.250000 -13 319 1 0 1.000000
1.633090 -3.904550 0 -33.973300 -5.614190 227.039000 1372.330000 -13 320 1 0 1.000000
3.904380 -2.191570 0 -26.458100 1.213500 210.209000 1372.270000 -13 321 1 0 1.000000
-7.794310 -4.411120 0 -7.563580 -3.005130 199.103000 1372.180000 -13 322 1 0 1.000000
-4.492950 -0.895636 0 0.825997 2.739640 243.937000 1372.240000 -13 323 1 0 1.000000
-3.162160 -2.943670 0 -11.955200 -3.671880 197.926000 1372.200000 -13 324 1 0 1.000000
2.917390 0.572841 0 -19.092700 9.710680 201.474000 1372.250000 -13 325 1 0 1.000000
5.870130 -2.920040 0 -25.085700 -2.487720 209.396000 1372.210000 -13 326 1 0 1.000000
2.547470 -3.376150 0 -13.460900 15.098300 230.174000 1372.360000 -13 327 1 0 1.000000
-2.513600 -4.195640 0 3.787150 -10.393900 200.180000 1372.290000 -13 328 1 0 1.000000
-6.987700 0.140032 0 12.826800 -29.494900 235.420000 1372.290000 -13 329 1 0 1.000000
3.423530 -0.031847 0 -11.355700 0.881221 200.887000 1372.160000 -13 330 1 0 1.000000
-3.194460 -2.103610 0 16.118500 -5.885030 198.182000 1372.110000 -13 331 1 0 1.000000
-5.153890 1.406870 0 21.390800 15.460700 218.358000 1372.240000 -13 332 1 0 1.000000
-0.937397 -5.599710 0 32.169400 4.068670 214.793000 1372.380000 -13 333 1 0 1.000000
3.089430 1.302280 0 -13.434600 -2.746520 214.193000 1372.210000 -13 334 1 0 1.000000
-9.133610 -4.198880 0 34.868500 -15.166800 231.311000 1372.280000 -13 335 1 0 1.000000
2.246270 3.641960 0 -15.291100 12.674300 209.718000 1372.130000 -13 336 1 0 1.000000
0.716863 1.121050 0 -13.756200 -5.016930 205.683000 1372.140000 -13 337 1 0 1.000000
-0.938628 -3.558080 0 1.421440 -21.425100 207.075000 1372.330000 -13 338 1 0 1.000000
-2.763940 0.805932 0 -1.025090 -1.248260 193.131000 1372.630000 -13 339 1 0 1.000000
-4.879870 -2.125040 0 3.489770 21.313300 222.387000 1372.130000 -13 340 1 0 1.000000
-0.931004 -0.030767 0 27.927700 5.484520 218.608000 1372.200000 -13 341 1 0 1.000000
-0.181398 -4.013460 0 -0.977419 -2.977040 226.044000 1372.210000 -13 342 1 0 1.000000
-4.106200 -1.451090 0 -10.396000 13.031900 233.376000 1372.450000 -13 343 1 0 1.000000
-5.215780 -2.340600 0 -20.586400 4.042440 205.701000 1372.190000 -13 344 1 0 1.000000
-1.955750 -8.213320 0 -6.649320 22.472100 233.605000 1372.470000 -13 345 1 0 1.000000
4.233960 -4.230510 0 -3.697090 0.474939 209.511000 1372.120000 -13 346 1 0 1.000000
2.689540 0.605584 0 -10.739500 2.830630 200.451000 1372.220000 -13 347 1 0 1.000000
0.010796 -2.255930 0 6.376830 3.140480 213.396000 1372.240000 -13 348 1 0 1.000000
-0.070520 -5.391370 0 20.413100 4.915870 209.714000 1372.140000 -13 349 1 0 1.000000
-1.097700 -4.566600 0 -30.922600 24.572400 225.271000 1372.190000 -13 350 1 0 1.000000
-1.580140 -5.995480 0 -10.799200 6.707470 216.568000 1372.310000 -13 351 1 0 1.000000
-1.496160 -0.926068 0 5.360050 -22.348400 203.488000 1372.220000 -13 352 1 0 1.000000
1.424860 2.755350 0 19.811100 -2.186460 211.168000 1372.110000 -13 353 1 0 1.000000
-2.152680 -2.955630 0 -11.475900 -5.284840 220.148000 1372.260000 -13 354 1 0 1.000000
2.773190 2.326520 0 -27.867700 -0.427339 212.004000 1372.430000 -13 355 1 0 1.000000
5.980640 -7.412100 0 -11.440000 -1.926380 200.304000 1372.240000 -13 356 1 0 1.000000
-3.247890 -9.246890 0 -12.329700 21.860700 225.041000 1372.300000 -13 357 1 0 1.000000
-9.798390 6.393990 0 15.714100 -6.696170 213.535000 1372.280000 -13 358 1 0 1.000000
0.039691 -5.892760 0 -17.025300 -8.635330 194.968000 1372.310000 -13 359 1 0 1.000000
-0.364741 -2.522850 0 -12.684600 -14.603100 222.087000 1372.320000 -13 360 1 0 1.000000
-3.823560 -2.801130 0 10.415900 -11.083500 232.696000 1372.190000 -13 361 1 0 1.000000
0.216093 -5.998710 0 2.039300 -8.718240 216.833000 1372.170000 -13 362 1 0 1.000000
-3.307080 -2.554350 0 14.673700 -7.081610 237.144000 1372.210000 -13 363 1 0 1.000000
-8.144770 -3.999970 0 1.489460 8.375490 218.581000 1372.120000 -13 364 1 0 1.000000
-4.717430 -5.770210 0 9.326560 2.279780 202.810000 1372.280000 -13 365 1 0 1.000000
-0.585297 -5.488680 0 -11.189100 -24.158300 224.492000 1372.160000 -13 366 1 0 1.000000
-7.301170 2.989970 0 17.875100 -17.057200 229.468000 1372.240000 -13 367 1 0 1.000000
-3.890290 -7.363310 0 -11.510200 -6.062650 216.876000 1372.260000 -13 368 1 0 1.000000
-4.070850 -1.628470 0 6.613360 -20.042200 197.121000 1372.290000 -13 369 1 0 1.000000
-4.420160 -7.112140 0 -4.804870 1.578990 218.508000 1372.310000 -13 370 1 0 1.000000
0.791167 -1.004820 0 -4.378900 -10.982500 233.657000 1372.190000 -13 371 1 0 1.000000
-1.081580 2.834640 0 9.963410 -12.654200 208.504000 1372.520000 -13 372 1 0 1.000000
2.257340 -5.977570 0 34.268500 -0.553442 223.657000 1372.400000 -13 373 1 0 1.000000
-6.203800 -7.366150 0 2.867430 -21.753500 200.712000 1372.120000 -13 374 1 0 1.000000
-1.994580 3.143520 0 -8.412920 -13.453000 206.666000 1372.170000 -13 375 1 0 1.000000
-2.699600 -4.664320 0 3.085410 8.615660 217.302000 1372.350000 -13 376 1 0 1.000000
-3.905240 -6.667470 0 -3.140300 15.641500 209.740000 1372.330000 -13 377 1 0 1.000000
8.609660 -4.914820 0 35.788400 -16.223700 212.785000 1372.120000 -13 378 1 0 1.000000
-6.307450 -2.776120 0 -27.645000 43.291300 231.339000 1372.240000 -13 379 1 0 1.000000
-17.065100 -2.554290 0 22.457600 -5.089100 228.507000 1372.480000 -13 380 1 0 1.000000
-1.836270 0.829529 0 0.919457 -9.778930 221.996000 1372.260000 -13 381 1 0 1.000000
2.973130 -4.613110 0 -1.158500 34.366100 217.217000 1372.310000 -13 382 1 0 1.000000
-3.365000 -5.802500 0 27.179900 -45.255900 221.338000 1372.200000 -13 383 1 0 1.000000
-0.305789 -0.674380 0 2.910140 15.625000 205.909000 1372.230000 -13 384 1 0 1.000000
-6.399450 -4.340700 0 -18.301300 -12.176200 210.583000 1372.350000 -13 385 1 0 1.000000
-7.154570 -3.345410 0 1.106520 -27.225100 201.916000 1372.160000 -13 386 1 0 1.000000
-2.218600 -1.692620 0 -3.420940 -2.514970 197.476000 1372.170000 -13 387 1 0 1.000000
-2.007760 -0.103551 0 5.031230 2.413950 224.545000 1372.310000 -13 388 1 0 1.000000
9.976410 -8.330890 0 -13.258600 8.870990 215.456000 1372.390000 -13 389 1 0 1.000000
-3.457590 -6.218150 0 10.841200 -9.268610 230.084000 1372.240000 -13 390 1 0 1.000000
2.821100 3.028520 0 -6.927440 11.371500 197.991000 1372.300000 -13 391 1 0 1.000000
-2.624730 1.600770 0 -2.549820 -10.442600 194.665000 1372.210000 -13 392 1 0 1.000000
0.500438 -2.780360 0 10.249400 -11.298700 203.711000 1372.290000 -13 393 1 0 1.000000
-3.978570 -2.930070 0 0.178006 -1.696440 196.117000 1372.250000 -13 394 1 0 1.000000
-0.855202 -1.660520 0 -27.655600 -21.792300 220.709000 1372.130000 -13 395 1 0 1.000000
-0.605791 1.114230 0 19.631900 -18.160200 200.149000 1372.360000 -13 396 1 0 1.000000
0.200409 -2.806540 0 8.501900 23.091700 228.978000 1372.380000 -13 397 1 0 1.000000
4.569360 -0.519005 0 31.182500 -2.027280 213.158000 1372.170000 -13 398 1 0 1.000000
2.099390 -1.570540 0 6.090220 3.448850 196.563000 1372.140000 -13 399 1 0 1.000000
2.906530 0.758347 0 -5.569780 -6.899770 200.618000 1372.140000 -13 400 1 0 1.000000
2.529330 -2.891390 0 -35.634300 24.052100 220.112000 1372.200000 -13 401 1 0 1.000000
-5.069320 -4.245890 0 -2.475910 -2.036970 192.822000 1372.170000 -13 402 1 0 1.000000
-3.168220 -1.113510 0 -19.411700 10.270100 203.109000 1372.190000 -13 403 1 0 1.000000
-0.912409 -0.034278 0 -17.116900 17.985300 209.050000 1372.140000 -13 404 1 0 1.000000
2.319780 -0.700779 0 -12.235100 -9.153650 224.615000 1372.380000 -13 405 1 0 1.000000
-3.566420 -3.514420 0 21.568800 -1.962850 211.047000 1372.100000 -13 406 1 0 1.000000
-1.556490 4.793900 0 25.198300 -17.423200 217.745000 1372.230000 -13 407 1 0 1.000000
-0.446625 -2.581580 0 -9.623180 15.486500 215.414000 1372.280000 -13 408 1 0 1.000000
-1.468080 -1.815900 0 3.409270 3.941580 203.683000 1372.170000 -13 409 1 0 1.000000
0.710078 5.107900 0 4.576070 9.294380 206.531000 1372.160000 -13 410 1 0 1.000000
-2.415260 -4.657460 0 10.459600 -16.503700 209.156000 1372.280000 -13 411 1 0 1.000000
-0.359656 0.713432 0 -11.959300 -5.617080 205.679000 1372.190000 -13 412 1 0 1.000000
-0.476322 -0.313037 0 -7.871520 -7.851430 207.904000 1372.260000 -13 413 1 0 1.000000
-0.995492 -1.905020 0 31.651500 -3.961820 219.891000 1372.180000 -13 414 1 0 1.000000
1.687360 -11.013900 0 14.044400 22.309600 232.430000 1372.310000 -13 415 1 0 1.000000
2.214530 0.859565 0 -11.049200 26.714400 213.832000 1372.190000 -13 416 1 0 1.000000
-1.335620 -4.994190 0 23.671800 -23.970500 208.481000 1372.160000 -13 417 1 0 1.000000
-0.828331 -0.386176 0 -35.537400 2.781240 210.363000 1372.200000 -13 418 1 0 1.000000
-4.343150 -3.920500 0 -4.246720 -0.704219 212.757000 1372.200000 -13 419 1 0 1.000000
4.037140 3.878200 0 -15.941200 -6.095790 220.921000 1372.350000 -13 420 1 0 1.000000
2.942330 -2.944890 0 -16.924100 13.077900 225.792000 1372.390000 -13 421 1 0 1.000000
-1.201360 -2.297240 0 17.710400 -5.164350 210.584000 1372.180000 -13 422 1 0 1.000000
-0.554850 -1.886450 0 4.510290 3.913130 199.801000 1372.350000 -13 423 1 0 1.000000
-13.949200 -4.951580 0 7.151070 4.368950 214.570000 1372.130000 -13 424 1 0 1.000000
-1.978840 -1.784700 0 34.740600 24.428800 225.391000 1372.570000 -13 425 1 0 1.000000
-5.643870 -1.053570 0 -2.067010 -0.081742 209.693000 1372.280000 -13 426 1 0 1.000000
-3.270050 -2.257020 0 -12.080700 6.045380 208.193000 1372.190000 -13 427 1 0 1.000000
-1.515850 -1.398140 0 -15.934600 -5.975580 198.570000 1372.240000 -13 428 1 0 1.000000
4.775580 -0.520743 0 -1.660450 27.602200 198.433000 1372.270000 -13 429 1 0 1.000000
-1.901290 -4.055910 0 0.560156 -7.988800 200.144000 1372.330000 -13 430 1 0 1.000000
-3.714940 2.886920 0 -1.678880 40.935100 215.940000 1372.250000 -13 431 1 0 1.000000
-5.564120 -7.773990 0 -0.596301 -19.375100 204.111000 1372.490000 -13 432 1 0 1.000000
0.162518 -2.715680 0 3.719540 -3.602970 199.323000 1372.090000 -13 433 1 0 1.000000
1.942990 -4.042290 0 12.513900 10.940800 203.154000 1372.280000 -13 434 1 0 1.000000
-3.411750 -2.920290 0 -8.552880 25.929800 224.000000 1372.260000 -13 435 1 0 1.000000
-3.813920 2.886910 0 29.697100 15.867100 213.115000 1372.210000 -13 436 1 0 1.000000
4.220820 -1.943350 0 -61.008400 -19.827800 230.225000 1372.300000 -13 437 1 0 1.000000
-0.963166 -8.302720 0 -22.831300 -5.053230 209.790000 1372.260000 -13 438 1 0 1.000000
-9.556870 0.835140 0 -27.267100 13.487200 204.336000 1372.180000 -13 439 1 0 1.000000
-6.213360 -6.154920 0 -23.570800 14.561200 235.822000 1372.230000 -13 440 1 0 1.000000
-4.546700 -0.629468 0 -16.937800 -9.804120 224.000000 1372.230000 -13 441 1 0 1.000000
1.046110 -1.469760 0 12.286100 21.072600 229.394000 1372.340000 -13 442 1 0 1.000000
-1.195640 -5.233170 0 25.921200 -39.775700 226.399000 1372.240000 -13 443 1 0 1.000000
-1.556040 -10.788400 0 -2.570270 32.354600 202.309000 1372.280000 -13 444 1 0 1.000000
1.645030 -2.501440 0 8.099690 25.358600 210.597000 1372.160000 -13 445 1 0 1.000000
-0.747707 -6.293240 0 -32.943200 13.270200 222.090000 1372.170000 -13 446 1 0 1.000000
3.749620 9.755310 0 -4.962210 -13.273300 202.448000 1372.260000 -13 447 1 0 1.000000
-3.929520 -5.674720 0 5.654140 26.861400 206.595000 1372.070000 -13 448 1 0 1.000000
-1.859550 -1.233960 0 -2.620120 -5.163380 208.365000 1372.120000 -13 449 1 0 1.000000
-7.251800 -3.726350 0 -13.968500 11.909700 224.215000 1372.150000 -13 450 1 0 1.000000
-10.895800 -2.737930 0 0.136633 -18.936700 204.277000 1372.250000 -13 451 1 0 1.000000
1.588530 2.661970 0 -3.533860 14.903500 238.871000 1372.200000 -13 452 1 0 1.000000
-4.021720 -0.521268 0 5.331200 -20.581000 229.805000 1372.300000 -13 453 1 0 1.000000
-8.450510 2.605690 0 5.984410 -15.198100 220.429000 1372.210000 -13 454 1 0 1.000000
1.852220 -5.108900 0 -7.840840 12.416200 231.553000 1372.410000 -13 455 1 0 1.000000
-0.779836 -2.706180 0 -0.858074 9.424250 227.156000 1372.310000 -13 456 1 0 1.000000
1.031960 -5.190450 0 -47.966400 41.372800 225.878000 1372.180000 -13 457 1 0 1.000000
-4.266760 -2.143340 0 -5.300080 24.787200 199.408000 1372.320000 -13 458 1 0 1.000000
-5.838430 9.495520 0 -9.458960 -0.680770 210.285000 1372.270000 -13 459 1 0 1.000000
-5.397150 0.888107 0 -0.165905 -28.926300 214.993000 1372.340000 -13 460 1 0 1.000000
-3.508200 1.836260 0 8.808020 0.389960 241.515000 1372.230000 -13 461 1 0 1.000000
-6.356850 -0.298545 0 6.510920 -5.507870 204.339000 1372.140000 -13 462 1 0 1.000000
-7.442630 -5.264000 0 5.500130 -25.414800 199.112000 1372.260000 -13 463 1 0 1.000000
1.432520 0.892177 0 -10.253200 1.204080 221.292000 1372.260000 -13 464 1 0 1.000000
-6.003580 1.121880 0 15.952100 -9.837010 205.461000 1372.290000 -13 465 1 0 1.000000
3.049830 -5.160170 0 -12.088300 15.078100 213.841000 1372.450000 -13 466 1 0 1.000000
-7.244450 3.932710 0 30.602600 -3.305570 221.804000 1372.290000 -13 467 1 0 1.000000
3.791450 -6.834450 0 6.782510 -7.237340 198.490000 1372.190000 -13 468 1 0 1.000000
-2.775880 -1.023160 0 1.359250 -3.463640 193.279000 1372.080000 -13 469 1 0 1.000000
-1.928450 0.668828 0 4.614580 -18.871100 223.500000 1372.380000 -13 470 1 0 1.000000
-5.681150 0.015236 0 28.403600 -5.807790 226.076000 1372.240000 -13 471 1 0 1.000000
-8.194520 -3.706580 0 2.540660 -22.638300 200.419000 1372.210000 -13 472 1 0 1.000000
2.177300 -9.229410 0 -8.778930 18.602000 229.774000 1372.460000 -13 473 1 0 1.000000
-5.178240 -2.145000 0 3.926360 -6.898760 212.645000 1372.300000 -13 474 1 0 1.000000
0.829019 -2.535880 0 -15.510200 -7.419960 212.466000 1372.290000 -13 475 1 0 1.000000
-2.181080 -7.920090 0 16.663200 19.665000 200.396000 1372.180000 -13 476 1 0 1.000000
-6.402910 5.708610 0 -4.431650 -0.197556 203.349000 1372.140000 -13 477 1 0 1.000000
-7.181640 -5.976120 0 -19.663600 14.253400 216.260000 1372.120000 -13 478 1 0 1.000000
0.131512 -2.834020 0 -39.430200 -41.297900 224.261000 1372.190000 -13 479 1 0 1.000000
-7.474890 -6.315380 0 2.950830 -5.875380 216.044000 1372.280000 -13 480 1 0 1.000000
-0.929146 -11.043900 0 -29.467500 23.842800 230.129000 1372.230000 -13 481 1 0 1.000000
-2.606750 2.567830 0 15.488600 -27.060100 214.438000 1372.280000 -13 482 1 0 1.000000
-3.297860 -6.628790 0 -4.307350 6.107930 209.208000 1372.220000 -13 483 1 0 1.000000
-4.115270 -6.151190 0 4.633070 28.070600 222.535000 1372.220000 -13 484 1 0 1.000000
-6.034610 -6.170080 0 6.909840 2.109550 219.622000 1372.180000 -13 485 1 0 1.000000
-2.522460 -0.054967 0 2.265880 -5.378330 177.975000 1372.420000 -13 486 1 0 1.000000
-1.624290 -2.837680 0 -2.586950 0.309475 205.683000 1372.280000 -13 487 1 0 1.000000
-5.945000 1.102130 0 37.274800 -13.415200 229.663000 1372.320000 -13 488 1 0 1.000000
-0.196306 -0.566143 0 7.722330 20.036600 195.068000 1372.240000 -13 489 1 0 1.000000
-3.104220 -3.390830 0 -8.887030 -17.502500 215.185000 1372.360000 -13 490 1 0 1.000000
-8.886100 -5.035780 0 -0.077905 -5.373270 218.454000 1372.440000 -13 491 1 0 1.000000
0.505770 -5.075560 0 40.666100 -32.825800 223.008000 1372.210000 -13 492 1 0 1.000000
-1.774050 -3.112290 0 3.333650 17.291000 214.336000 1372.220000 -13 493 1 0 1.000000
-11.904400 -4.338860 0 -7.048760 -4.530870 218.471000 1372.170000 -13 494 1 0 1.000000
-4.244990 -7.579580 0 6.608570 -18.360600 192.459000 1372.190000 -13 495 1 0 1.000000
-2.762080 -3.722490 0 0.279528 -8.851750 217.757000 1372.230000 -13 496 1 0 1.000000
-0.127093 4.014620 0 12.417400 6.367240 209.908000 1372.210000 -13 497 1 0 1.000000
-3.816920 -6.361430 0 -9.519340 -0.700629 218.639000 1372.270000 -13 498 1 0 1.000000
-2.303210 0.119348 0 -27.782600 3.724910 208.479000 1372.210000 -13 499 1 0 1.000000
1.593570 -4.616620 0 27.468100 21.466200 215.774000 1372.290000 -13 500 1 0 1.000000
-2.451890 0.986888 0 -30.182800 -22.068200 212.659000 1372.220000 -13 501 1 0 1.000000
-3.341510 -3.568010 0 -2.625200 36.980200 205.438000 1372.390000 -13 502 1 0 1.000000
4.548200 -2.368660 0 -5.389220 1.243760 199.363000 1372.130000 -13 503 1 0 1.000000
-0.759886 2.386540 0 2.511710 -14.969600 208.826000 1372.310000 -13 504 1 0 1.000000
-2.396040 -11.236100 0 -8.650440 25.344500 232.507000 1372.200000 -13 505 1 0 1.000000
0.082543 -2.272940 0 4.234340 1.857130 217.569000 1372.110000 -13 506 1 0 1.000000
1.798880 -1.356800 0 15.443600 14.129600 200.200000 1372.220000 -13 507 1 0 1.000000
-2.153930 -3.227450 0 -3.674660 -9.920680 230.750000 1372.180000 -13 508 1 0 1.000000
5.027550 2.517760 0 -2.736350 20.712300 212.095000 1372.320000 -13 509 1 0 1.000000
-0.937590 -1.797210 0 12.499400 7.420190 214.421000 1372.240000 -13 510 1 0 1.000000
-7.054920 3.715550 0 29.962300 -49.972400 229.042000 1372.300000 -13 511 1 0 1.000000
1.775620 1.062750 0 -11.041000 14.622600 213.538000 1372.330000 -13 512 1 0 1.000000
5.283690 -4.993020 0 1.976410 14.572600 196.114000 1372.230000 -13 513 1 0 1.000000
-5.105390 1.623190 0 -1.863910 13.018200 216.499000 1372.220000 -13 514 1 0 1.000000
4.880470 -5.874630 0 -2.374900 -5.860720 196.140000 1372.200000 -13 515 1 0 1.000000
3.905510 -2.671820 0 2.780600 4.991940 193.678000 1372.270000 -13 516 1 0 1.000000
-1.710790 -3.859090 0 -5.185170 2.351810 200.349000 1372.250000 -13 517 1 0 1.000000
-5.980180 -2.121260 0 -2.382160 -8.862490 231.778000 1372.260000 -13 518 1 0 1.000000
11.185800 3.088390 0 4.254270 5.981480 212.826000 1372.180000 -13 519 1 0 1.000000
-3.421650 -0.409403 0 -31.629900 -1.247390 227.937000 1372.250000 -13 520 1 0 1.000000
-3.995040 1.408590 0 -2.542230 2.326640 201.021000 1372.300000 -13 521 1 0 1.000000
-3.041490 -0.415652 0 18.951200 11.200400 227.922000 1372.360000 -13 522 1 0 1.000000
-1.976360 -4.388790 0 -8.970050 -18.470100 220.659000 1372.360000 -13 523 1 0 1.000000
-3.951120 -0.878162 0 12.891900 18.842800 215.100000 1372.170000 -13 524 1 0 1.000000
-5.514900 2.422070 0 -6.590560 3.381190 205.187000 1372.200000 -13 525 1 0 1.000000
-1.879140 -2.934580 0 3.394330 0.504322 221.528000 1372.290000 -13 526 1 0 1.000000
1.338920 -1.316320 0 21.832300 20.001300 218.181000 1372.300000 -13 527 1 0 1.000000
-1.991760 3.359290 0 -16.379600 -8.512050 214.637000 1372.310000 -13 528 1 0 1.000000
-5.322280 3.521340 0 4.724070 -8.780420 202.221000 1372.290000 -13 529 1 0 1.000000
-2.896840 -7.395050 0 21.786300 18.240900 212.430000 1372.280000 -13 530 1 0 1.000000
-2.380960 -1.880540 0 7.955000 -28.462700 214.201000 1372.140000 -13 531 1 0 1.000000
-4.592640 1.196450 0 22.439800 -12.097100 217.244000 1372.370000 -13 532 1 0 1.000000
-2.905940 -1.372480 0 -4.930190 25.453800 217.368000 1372.220000 -13 533 1 0 1.000000
-3.288260 0.122266 0 -1.411030 -14.627600 199.293000 1372.140000 -13 534 1 0 1.000000
-2.910570 -2.780260 0 4.511220 25.268300 212.028000 1372.330000 -13 535 1 0 1.000000
0.995404 -5.345580 0 -19.957800 17.681300 205.882000 1372.180000 -13 536 1 0 1.000000
-7.151520 -0.114570 0 0.769355 -6.542030 216.493000 1372.260000 -13 537 1 0 1.000000
-2.239550 0.347685 0 -16.110600 17.177200 206.637000 1372.150000 -13 538 1 0 1.000000
-0.330982 -0.348902 0 2.660040 5.216230 207.422000 1372.180000 -13 539 1 0 1.000000
-2.747070 -3.296390 0 6.759700 -10.433900 206.229000 1372.160000 -13 540 1 0 1.000000
-1.948420 -5.503800 0 -7.057260 -14.288400 214.109000 1372.260000 -13 541 1 0 1.000000
0.541362 5.151960 0 -9.457560 -10.554000 203.792000 1372.260000 -13 542 1 0 1.000000
-1.224480 -6.500000 0 4.600970 -3.891050 221.275000 1372.240000 -13 543 1 0 1.000000
-5.952920 1.223450 0 6.484870 -19.782700 214.809000 1372.190000 -13 544 1 0 1.000000
-5.196760 1.477820 0 -13.884200 -11.945600 223.910000 1372.240000 -13 545 1 0 1.000000
-1.719550 -0.639111 0 26.082400 5.346640 211.576000 1372.310000 -13 546 1 0 1.000000
-0.128833 0.400281 0 -1.927070 -4.643760 201.490000 1372.210000 -13 547 1 0 1.000000
1.485920 1.160830 0 12.969800 25.515400 220.229000 1372.190000 -13 548 1 0 1.000000
0.964334 -4.181580 0 -9.499100 -36.350700 221.326000 1372.440000 -13 549 1 0 1.000000
-0.985254 -2.691790 0 12.071100 -6.099120 201.208000 1372.200000 -13 550 1 0 1.000000
-2.510160 -6.929150 0 -23.623500 15.767100 195.198000 1372.230000 -13 551 1 0 1.000000
-0.291722 2.968890 0 1.116020 2.901410 210.949000 1372.080000 -13 552 1 0 1.000000
-2.257140 -2.450500 0 8.398290 -13.658100 220.354000 1372.170000 -13 553 1 0 1.000000
-12.627400 -1.088150 0 -6.276050 -16.776000 212.056000 1372.230000 -13 554 1 0 1.000000
-4.304120 0.224137 0 -6.645310 -13.584800 204.910000 1372.290000 -13 555 1 0 1.000000
-2.316960 -3.366690 0 -9.984380 2.803610 229.297000 1372.100000 -13 556 1 0 1.000000
-1.424390 3.111150 0 18.446500 -2.754970 203.348000 1372.120000 -13 557 1 0 1.000000
0.273676 -3.054120 0 -23.285200 6.705450 216.406000 1372.040000 -13 558 1 0 1.000000
-7.009080 -4.955200 0 34.759800 -1.028740 203.266000 1372.170000 -13 559 1 0 1.000000
-4.916220 3.570530 0 27.192900 13.063400 208.455000 1372.180000 -13 560 1 0 1.000000
-3.713000 7.866030 0 3.608990 26.011600 218.048000 1372.130000 -13 561 1 0 1.000000
-4.928310 1.262240 0 22.005000 10.319500 210.065000 1372.360000 -13 562 1 0 1.000000
-5.410390 -8.450420 0 22.531500 11.618600 210.361000 1372.240000 -13 563 1 0 1.000000
-2.260060 -2.025940 0 -5.703160 -4.819430 216.629000 1372.230000 -13 564 1 0 1.000000
-4.072670 -2.224140 0 11.391200 10.655800 203.262000 1372.200000 -13 565 1 0 1.000000
-2.921710 -2.652080 0 -1.471780 25.650400 200.222000 1372.220000 -13 566 1 0 1.000000
-6.824830 -4.222820 0 1.905510 -3.700260 208.664000 1372.250000 -13 567 1 0 1.000000
1.192940 -6.732970 0 3.158570 1.648420 190.168000 1372.220000 -13 568 1 0 1.000000
-1.913230 -4.896670 0 9.122040 -13.426500 201.602000 1372.210000 -13 569 1 0 1.000000
2.328460 2.752320 0 -4.692100 -0.236129 200.065000 1372.300000 -13 570 1 0 1.000000
-6.812390 0.380899 0 22.838000 -21.278100 222.572000 1372.430000 -13 571 1 0 1.000000
2.256070 -5.739610 0 7.490660 13.076900 217.978000 1372.240000 -13 572 1 0 1.000000
-0.478223 0.425193 0 5.596950 2.803620 201.162000 1372.200000 -13 573 1 0 1.000000
-1.127560 -2.568070 0 5.832530 -55.296300 220.013000 1372.420000 -13 574 1 0 1.000000
3.444580 -1.311790 0 15.138100 11.234500 217.761000 1372.100000 -13 575 1 0 1.000000
-1.993640 -5.117590 0 3.435880 -9.496190 213.756000 1372.280000 -13 576 1 0 1.000000
-5.484020 5.737540 0 -25.945400 35.623400 223.399000 1372.210000 -13 577 1 0 1.000000
-3.002490 -2.448340 0 -9.500830 0.547281 209.364000 1372.280000 -13 578 1 0 1.000000
7.133420 -0.325822 0 3.516390 -3.065510 203.160000 1372.100000 -13 579 1 0 1.000000
-0.973921 0.167841 0 -4.843390 -8.799800 208.791000 1372.200000 -13 580 1 0 1.000000
3.545740 -4.506660 0 9.716150 13.900100 210.223000 1372.260000 -13 581 1 0 1.000000
-1.530630 -6.675650 0 -5.856030 -12.296400 236.993000 1372.470000 -13 582 1 0 1.000000
-2.982790 -6.137750 0 12.566400 -2.480640 199.348000 1372.310000 -13 583 1 0 1.000000
-2.965320 -0.828213 0 -0.111771 -20.764900 202.835000 1372.170000 -13 584 1 0 1.000000
-5.879210 -1.001940 0 -0.634240 -16.753000 219.557000 1372.500000 -13 585 1 0 1.000000
-3.518390 -4.564730 0 19.984900 13.985200 222.650000 1372.530000 -13 586 1 0 1.000000
-1.680880 -4.741140 0 18.889800 -18.672700 209.699000 1372.230000 -13 587 1 0 1.000000
1.272390 1.061970 0 -49.646200 -24.527200 235.140000 1372.410000 -13 588 1 0 1.000000
-7.970330 -0.405801 0 -11.530300 -7.888970 219.846000 1372.180000 -13 589 1 0 1.000000
-0.311132 -2.821700 0 14.293800 -19.099500 223.077000 1372.220000 -13 590 1 0 1.000000
-11.825400 0.509816 0 30.358100 -14.414900 222.812000 1372.390000 -13 591 1 0 1.000000
2.843550 -2.061160 0 -4.074160 -2.932880 202.682000 1372.280000 -13 592 1 0 1.000000
4.056040 -6.274860 0 -2.141410 3.142440 209.313000 1372.430000 -13 593 1 0 1.000000
-0.260178 -5.102830 0 6.532360 -1.357290 205.333000 1372.240000 -13 594 1 0 1.000000
-3.881210 -3.801630 0 -7.025900 -5.246530 209.408000 1372.280000 -13 595 1 0 1.000000
-6.158120 4.183550 0 17.934200 -36.339000 230.708000 1372.410000 -13 596 1 0 1.000000
-4.938390 -7.087120 0 -18.267400 -1.847750 218.510000 1372.250000 -13 597 1 0 1.000000
-4.779740 -0.469951 0 -10.177600 11.139000 203.770000 1372.210000 -13 598 1 0 1.000000
2.544730 -5.770480 0 10.264500 5.646820 199.871000 1372.270000 -13 599 1 0 1.000000
-6.813190 -5.489060 0 25.961200 -0.585713 208.163000 1372.290000 -13 600 1 0 1.000000
-2.460520 -0.221152 0 -13.292700 -19.474300 212.748000 1372.260000 -13 601 1 0 1.000000
-1.579970 2.861170 0 -4.731650 -4.569970 207.012000 1372.260000 -13 602 1 0 1.000000
-7.775850 1.705400 0 48.638900 -27.611100 225.476000 1372.440000 -13 603 1 0 1.000000
-3.782130 -8.019140 0 -10.191100 2.180480 198.158000 1372.180000 -13 604 1 0 1.000000
-9.117290 1.622670 0 -0.237073 -3.137570 203.264000 1372.210000 -13 605 1 0 1.000000
7.399030 -4.399880 0 1.613030 -12.396500 221.188000 1372.250000 -13 606 1 0 1.000000
-3.270510 3.383050 0 -22.784700 13.628100 217.919000 1372.130000 -13 607 1 0 1.000000
-7.238070 -3.038190 0 -34.988400 13.267200 226.601000 1372.290000 -13 608 1 0 1.000000
-3.249360 0.499917 0 18.779800 11.175300 213.959000 1372.170000 -13 609 1 0 1.000000
-0.744528 -0.757507 0 37.881100 4.024300 213.455000 1372.300000 -13 610 1 0 1.000000
-1.102360 -0.361053 0 8.154020 3.039300 194.618000 1372.280000 -13 611 1 0 1.000000
-12.213500 -3.466780 0 -8.572650 -3.340140 210.562000 1372.190000 -13 612 1 0 1.000000
1.177030 -3.502780 0 -24.521700 2.555240 213.465000 1372.250000 -13 613 1 0 1.000000
-0.066013 4.983110 0 -12.339000 2.247670 210.654000 1372.220000 -13 614 1 0 1.000000
0.678043 -4.956760 0 20.202500 18.710100 208.722000 1372.150000 -13 615 1 0 1.000000
-0.712883 -8.962550 0 -18.487100 -0.462174 211.288000 1372.150000 -13 616 1 0 1.000000
1.824420 -2.344460 0 2.638670 -4.536270 220.551000 1372.150000 -13 617 1 0 1.000000
-1.523010 -0.068480 0 -6.562650 2.476100 214.001000 1372.080000 -13 618 1 0 1.000000
-1.373700 1.105400 0 -4.562510 -42.842800 228.062000 1372.270000 -13 619 1 0 1.000000
-3.489770 4.012690 0 -5.631970 -14.634900 202.547000 1372.230000 -13 620 1 0 1.000000
0.819172 -7.411060 0 -2.839630 15.220300 217.235000 1372.140000 -13 621 1 0 1.000000
0.668362 -7.113590 0 3.574330 16.855100 217.572000 1372.420000 -13 622 1 0 1.000000
5.059020 -0.150410 0 -0.546017 19.085900 208.894000 1372.230000 -13 623 1 0 1.000000
-10.244700 0.355564 0 -28.178500 10.909500 221.537000 1372.300000 -13 624 1 0 1.000000
-8.744470 -4.422750 0 21.400100 -15.086400 222.288000 1372.440000 -13 625 1 0 1.000000
-2.832480 2.106120 0 13.382700 6.466180 213.221000 1372.220000 -13 626 1 0 1.000000
-4.249780 -0.242416 0 -7.204250 5.549740 201.549000 1372.220000 -13 627 1 0 1.000000
-3.189540 0.887958 0 3.405290 -15.897000 205.335000 1372.310000 -13 628 1 0 1.000000
4.607710 2.183540 0 2.678240 8.839250 206.413000 1372.220000 -13 629 1 0 1.000000
4.481280 -0.245771 0 -6.122730 28.448400 227.605000 1372.180000 -13 630 1 0 1.000000
-2.978120 1.719130 0 2.871680 -3.676780 196.873000 1372.240000 -13 631 1 0 1.000000
-1.252190 -6.056740 0 1.647660 33.618200 212.853000 1372.440000 -13 632 1 0 1.000000
1.651770 2.874960 0 7.683850 -18.724500 209.599000 1372.250000 -13 633 1 0 1.000000
-2.322830 0.007823 0 -22.331800 -1.597700 215.177000 1372.340000 -13 634 1 0 1.000000
-0.807311 8.740450 0 6.764710 -9.029830 201.928000 1372.270000 -13 635 1 0 1.000000
-7.800610 -10.056000 0 5.767000 -13.492100 221.015000 1372.370000 -13 636 1 0 1.000000
-1.127330 -5.141400 0 -23.302900 31.371600 217.941000 1372.110000 -13 637 1 0 1.000000
-2.222850 -7.392200 0 3.567340 -5.351500 224.591000 1372.410000 -13 638 1 0 1.000000
-0.723497 -1.289720 0 7.652760 -7.825930 215.281000 1372.290000 -13 639 1 0 1.000000
-1.495820 1.828760 0 -20.856700 -54.713000 224.207000 1372.220000 -13 640 1 0 1.000000
2.572960 -1.682770 0 -23.875600 -5.251060 204.887000 1372.340000 -13 641 1 0 1.000000
-3.479670 -4.628250 0 -12.632800 -30.800800 213.750000 1372.210000 -13 642 1 0 1.000000
-1.588490 -4.030610 0 0.214800 -5.857300 216.370000 1372.260000 -13 643 1 0 1.000000
-5.148300 -2.152630 0 14.110300 -2.552590 208.924000 1372.150000 -13 644 1 0 1.000000
-6.191450 4.403220 0 0.845082 25.071300 222.820000 1372.370000 -13 645 1 0 1.000000
7.534350 -1.010600 0 -25.481100 -7.356000 200.512000 1372.310000 -13 646 1 0 1.000000
2.192920 -3.377590 0 19.824700 -1.339390 222.205000 1372.320000 -13 647 1 0 1.000000
-2.031470 -0.822100 0 9.400610 -5.912900 202.740000 1372.180000 -13 648 1 0 1.000000
-1.795270 -3.783650 0 2.473320 31.008900 233.396000 1372.200000 -13 649 1 0 1.000000
-5.387640 -0.867579 0 10.933300 10.383900 216.397000 1372.330000 -13 650 1 0 1.000000
-3.722640 -3.518420 0 4.264110 51.719700 229.668000 1372.240000 -13 651 1 0 1.000000
-9.745160 -8.436800 0 -22.997200 28.596600 226.892000 1372.230000 -13 652 1 0 1.000000
-10.165200 -9.360350 0 6.665010 10.107500 237.276000 1372.260000 -13 653 1 0 1.000000
-3.502520 5.497220 0 -16.715800 -32.016700 233.467000 1372.280000 -13 654 1 0 1.000000
-2.649320 -6.683320 0 -0.593823 -4.427300 210.848000 1372.170000 -13 655 1 0 1.000000
-3.699710 -1.389470 0 -49.202400 -22.116700 231.568000 1372.510000 -13 656 1 0 1.000000
-1.283720 -5.732640 0 1.539180 -2.326120 201.445000 1372.280000 -13 657 1 0 1.000000
-2.928040 -3.071910 0 -26.150500 2.255730 191.986000 1372.120000 -13 658 1 0 1.000000
-10.130400 -1.179920 0 -11.833900 13.512500 213.839000 1372.210000 -13 659 1 0 1.000000
0.631481 -0.993612 0 4.373470 7.394780 205.737000 1372.210000 -13 660 1 0 1.000000
-4.105870 1.444660 0 -0.191052 24.547200 212.069000 1372.090000 -13 661 1 0 1.000000
-1.471650 7.413270 0 -1.258130 17.329200 208.943000 1372.120000 -13 662 1 0 1.000000
-3.198570 -3.436830 0 -6.801440 -12.676500 198.404000 1372.210000 -13 663 1 0 1.000000
-6.499650 -5.261860 0 -4.570570 1.604830 226.956000 1372.170000 -13 664 1 0 1.000000
-3.050580 0.821987 0 10.657100 -4.083960 211.980000 1372.190000 -13 665 1 0 1.000000
-2.088240 -3.143240 0 27.002600 -3.566500 216.050000 1372.290000 -13 666 1 0 1.000000
0.006940 -3.706470 0 5.752470 4.456180 212.957000 1372.210000 -13 667 1 0 1.000000
2.150490 -1.013190 0 -23.434000 5.234160 215.845000 1372.130000 -13 668 1 0 1.000000
1.781480 -0.382808 0 -2.022530 15.921800 215.846000 1372.630000 -13 669 1 0 1.000000
-0.771796 2.603800 0 -14.693500 -17.361300 193.134000 1372.240000 -13 670 1 0 1.000000
-4.782020 -2.948030 0 3.703860 -13.547500 212.710000 1372.120000 -13 671 1 0 1.000000
-4.316980 -0.107263 0 0.322379 -21.129200 224.648000 1372.120000 -13 672 1 0 1.000000
-7.814050 -0.857396 0 -1.621500 6.640250 207.809000 1372.250000 -13 673 1 0 1.000000
9.537910 -4.103540 0 -29.673500 15.783100 235.108000 1372.380000 -13 674 1 0 1.000000
-9.655790 1.771520 0 -9.072430 8.453610 231.568000 1372.340000 -13 675 1 0 1.000000
-2.026950 -3.924890 0 -0.736546 9.732220 211.226000 1372.150000 -13 676 1 0 1.000000
-9.303860 1.558960 0 1.410710 -39.995800 209.716000 1372.370000 -13 677 1 0 1.000000
-5.986660 -4.035760 0 -9.446300 -11.616700 215.446000 1372.160000 -13 678 1 0 1.000000
-1.211420 1.307150 0 17.091700 12.841800 194.232000 1372.260000 -13 679 1 0 1.000000
-1.545240 1.487990 0 -3.182810 6.742960 223.963000 1372.270000 -13 680 1 0 1.000000
-2.315610 -1.425630 0 -3.519240 20.886600 221.669000 1372.190000 -13 681 1 0 1.000000
-0.369743 -8.349470 0 12.632300 -10.983600 208.182000 1372.090000 -13 682 1 0 1.000000
1.370820 -3.593700 0 27.783300 10.222900 218.453000 1372.400000 -13 683 1 0 1.000000
-3.772060 -3.560760 0 -14.986000 2.506460 224.218000 1372.230000 -13 684 1 0 1.000000
-5.062450 1.157030 0 15.176600 -1.429930 225.253000 1372.280000 -13 685 1 0 1.000000
0.659991 1.103310 0 -2.858040 -6.502440 208.477000 1372.400000 -13 686 1 0 1.000000
-2.541520 4.180890 0 -13.394500 9.534710 216.607000 1372.120000 -13 687 1 0 1.000000
-6.061020 1.906940 0 3.457900 5.336660 219.946000 1372.500000 -13 688 1 0 1.000000
-1.455150 1.021530 0 -2.900390 -0.520567 181.765000 1372.440000 -13 689 1 0 1.000000
-1.415260 -10.683800 0 17.204000 24.429300 221.480000 1372.440000 -13 690 1 0 1.000000
-5.882570 -3.171540 0 -0.804827 2.678500 224.752000 1372.550000 -13 691 1 0 1.000000
-9.980400 2.327290 0 -15.407200 -5.396390 205.217000 1372.160000 -13 692 1 0 1.000000
-4.859570 3.822060 0 -19.027500 2.922280 214.390000 1372.150000 -13 693 1 0 1.000000
2.867530 -8.737660 0 12.313400 0.043377 204.418000 1372.170000 -13 694 1 0 1.000000
-0.834103 -5.967540 0 12.772900 -8.596790 219.235000 1372.290000 -13 695 1 0 1.000000
-5.676060 -0.951995 0 -17.246000 6.017410 213.909000 1372.320000 -13 696 1 0 1.000000
-13.405300 -6.355910 0 29.697800 -0.110348 234.416000 1372.330000 -13 697 1 0 1.000000
1.494420 0.101786 0 -21.586000 -1.011810 219.450000 1372.290000 -13 698 1 0 1.000000
3.161910 -2.144170 0 3.529200 2.826670 201.885000 1372.110000 -13 699 1 0 1.000000
2.794250 -7.839010 0 -1.334870 -2.760280 211.610000 1372.090000 -13 700 1 0 1.000000
-9.318670 -2.067950 0 31.629900 20.461200 226.239000 1372.210000 -13 701 1 0 1.000000
0.384063 -4.062550 0 -14.196800 8.876710 217.869000 1372.180000 -13 702 1 0 1.000000
-4.370590 -10.195700 0 4.893000 7.443850 232.774000 1372.160000 -13 703 1 0 1.000000
2.326370 -7.859800 0 -2.063650 -0.108574 196.272000 1372.260000 -13 704 1 0 1.000000
-1.415750 -0.579404 0 -16.735000 -11.229700 213.739000 1372.300000 -13 705 1 0 1.000000
-1.815470 -3.263980 0 6.523310 4.942100 221.537000 1372.310000 -13 706 1 0 1.000000
-5.734830 2.679460 0 -4.284900 1.135490 199.710000 1372.240000 -13 707 1 0 1.000000
0.401226 -1.545070 0 12.266300 13.107500 198.882000 1372.250000 -13 708 1 0 1.000000
2.904030 -0.729678 0 3.461230 18.671600 213.324000 1372.080000 -13 709 1 0 1.000000
-0.287586 0.364865 0 6.317770 1.110890 207.474000 1372.060000 -13 710 1 0 1.000000
-0.990042 -2.410130 0 -28.946600 5.613320 209.805000 1372.230000 -13 711 1 0 1.000000
3.255900 2.883440 0 4.250940 -15.541800 205.689000 1372.250000 -13 712 1 0 1.000000
4.983150 4.535070 0 2.030420 22.147100 213.530000 1372.120000 -13 713 1 0 1.000000
-4.366140 -5.721560 0 -6.251070 8.661700 201.368000 1372.170000 -13 714 1 0 1.000000
-0.675652 -0.602459 0 -11.867900 -14.284500 222.375000 1372.180000 -13 715 1 0 1.000000
7.749690 0.511831 0 -1.052760 -14.867700 201.791000 1372.230000 -13 716 1 0 1.000000
0.204650 -4.242980 0 18.636200 8.169600 214.418000 1372.260000 -13 717 1 0 1.000000
-0.339361 -2.504960 0 12.248800 13.133300 197.618000 1372.280000 -13 718 1 0 1.000000
-4.405720 2.884640 0 -16.967100 4.956000 212.598000 1372.160000 -13 719 1 0 1.000000
-0.603822 -1.698200 0 -6.579170 -9.076540 212.568000 1372.140000 -13 720 1 0 1.000000
-0.940823 -5.354410 0 -4.554900 10.901400 229.705000 1372.460000 -13 721 1 0 1.000000
-1.359960 -7.385140 0 2.682040 -2.563910 225.572000 1372.270000 -13 722 1 0 1.000000
-3.050250 -7.565360 0 11.914300 -13.494300 209.554000 1372.340000 -13 723 1 0 1.000000
-2.654700 -5.392120 0 -15.365000 -17.285800 220.945000 1372.350000 -13 724 1 0 1.000000
-1.749010 2.122300 0 -4.060620 2.215120 200.497000 1372.100000 -13 725 1 0 1.000000
-0.656416 -2.876300 0 4.280770 5.207330 210.889000 1372.270000 -13 726 1 0 1.000000
-2.639120 -3.078480 0 -22.090100 -11.290400 216.351000 1372.230000 -13 727 1 0 1.000000
-2.286480 -0.355358 0 11.864100 7.100990 212.832000 1372.180000 -13 728 1 0 1.000000
