#BLTrackFile solenoid_cooling_channel
#x y z Px Py Pz t PDGid EvNum TrkId Parent weight
-5.455090 -7.138310 0 0.000000 0.000000 203.000000 1037.230000 -13 1 1 0 1.000000
-2.798600 -11.274600 0 -0.271566 -13.308200 195.828000 1037.370000 -13 2 1 0 1.000000
-11.779800 9.313560 0 7.956850 -1.692910 198.270000 1037.550000 -13 3 1 0 1.000000
-1.935790 -13.469500 0 -1.489160 49.184400 197.379000 1037.400000 -13 4 1 0 1.000000
-13.625200 -5.412860 0 16.672500 -4.784630 208.548000 1037.560000 -13 5 1 0 1.000000
-3.313950 -6.455090 0 1.280480 10.111500 198.301000 1037.500000 -13 6 1 0 1.000000
1.333820 -15.844800 0 13.143300 -1.430830 195.337000 1037.270000 -13 7 1 0 1.000000
-6.487140 -3.995970 0 -7.858970 -10.761500 191.726000 1037.330000 -13 8 1 0 1.000000
-2.721890 8.925550 0 13.163900 -16.754800 202.432000 1037.590000 -13 9 1 0 1.000000
1.352720 -0.809062 0 11.333200 3.227260 204.007000 1036.980000 -13 10 1 0 1.000000
0.656309 -10.504300 0 -19.517300 -18.556000 220.699000 1037.410000 -13 11 1 0 1.000000
-17.522700 -10.712000 0 -4.657810 7.532230 205.563000 1037.540000 -13 12 1 0 1.000000
3.115610 -11.103800 0 0.003506 -18.656500 188.110000 1037.400000 -13 13 1 0 1.000000
-15.493200 -1.815440 0 -8.465200 -7.768400 194.062000 1037.310000 -13 14 1 0 1.000000
-11.025300 -3.613260 0 14.878700 1.405510 202.533000 1037.500000 -13 15 1 0 1.000000
-9.404970 -18.944400 0 7.383770 -25.952600 198.082000 1037.410000 -13 16 1 0 1.000000
-8.743130 -2.314660 0 6.191110 -8.259620 212.009000 1037.360000 -13 17 1 0 1.000000
-16.428200 -6.100010 0 0.081993 7.035990 205.736000 1037.580000 -13 18 1 0 1.000000
-16.876400 -6.041560 0 -10.629200 -10.600900 204.101000 1037.490000 -13 19 1 0 1.000000
7.909180 -13.558900 0 3.976360 -15.575200 217.812000 1037.440000 -13 20 1 0 1.000000
4.025670 -23.590800 0 -40.912300 9.650790 210.756000 1037.080000 -13 21 1 0 1.000000
-10.356300 -2.081250 0 7.497550 14.931500 217.962000 1037.330000 -13 22 1 0 1.000000
-8.377650 -3.094390 0 14.857800 -5.771900 203.483000 1037.120000 -13 23 1 0 1.000000
-1.669520 -3.431010 0 15.960800 2.187020 198.064000 1037.370000 -13 24 1 0 1.000000
-0.026602 -6.746640 0 -4.572230 -10.354000 193.183000 1037.500000 -13 25 1 0 1.000000
-11.467900 -19.380300 0 -16.199900 -13.478600 201.735000 1037.300000 -13 26 1 0 1.000000
-4.749810 -9.977920 0 3.604100 5.716810 204.789000 1037.500000 -13 27 1 0 1.000000
9.742470 -3.847070 0 10.735100 3.020210 195.247000 1037.230000 -13 28 1 0 1.000000
6.777630 -9.437150 0 -10.473700 -5.445700 206.498000 1037.530000 -13 29 1 0 1.000000
-6.073720 -0.496381 0 -1.464980 -15.946200 195.994000 1037.380000 -13 30 1 0 1.000000
10.620700 -8.115790 0 6.745830 11.330000 207.293000 1037.490000 -13 31 1 0 1.000000
-11.552100 -8.122840 0 5.891650 3.912370 193.699000 1037.340000 -13 32 1 0 1.000000
-5.286530 -6.492920 0 -2.510450 -2.564880 200.769000 1037.520000 -13 33 1 0 1.000000
-0.057794 -6.395280 0 13.639900 16.581800 207.000000 1037.310000 -13 34 1 0 1.000000
-2.804940 -15.040200 0 3.094410 14.732400 205.797000 1037.500000 -13 35 1 0 1.000000
-7.147530 -17.363700 0 24.398300 11.912300 189.439000 1037.360000 -13 36 1 0 1.000000
-10.359100 -4.610870 0 4.268850 14.292100 198.656000 1037.390000 -13 37 1 0 1.000000
-8.149000 -1.615750 0 6.998430 0.781882 212.797000 1037.240000 -13 38 1 0 1.000000
-5.536430 -9.783610 0 9.087070 -5.393750 203.033000 1037.390000 -13 39 1 0 1.000000
2.254270 -7.532040 0 -7.263760 2.073500 177.512000 1037.230000 -13 40 1 0 1.000000
-4.565790 -14.104400 0 -7.136990 15.432400 203.403000 1037.440000 -13 41 1 0 1.000000
-5.750550 5.938960 0 0.530549 22.491400 204.318000 1037.370000 -13 42 1 0 1.000000
-28.065400 -0.937276 0 17.443700 7.852740 213.187000 1037.620000 -13 43 1 0 1.000000
1.827410 -14.974500 0 20.256200 2.570650 212.896000 1037.440000 -13 44 1 0 1.000000
16.733800 -13.779700 0 -16.171400 -3.039410 209.229000 1037.210000 -13 45 1 0 1.000000
-4.827120 -1.326700 0 1.026170 -12.815100 196.987000 1037.430000 -13 46 1 0 1.000000
-13.578700 1.085690 0 -3.197660 4.961550 207.443000 1037.400000 -13 47 1 0 1.000000
-9.399520 -9.832430 0 -12.403800 -0.336641 203.150000 1037.340000 -13 48 1 0 1.000000
-3.805770 -7.107540 0 -5.772160 1.223130 214.353000 1037.390000 -13 49 1 0 1.000000
-8.410870 -9.386050 0 -2.339690 -14.633800 207.794000 1037.570000 -13 50 1 0 1.000000
0.114894 6.200200 0 2.443960 24.260100 205.568000 1037.450000 -13 51 1 0 1.000000
-0.403950 -15.889900 0 5.420430 12.300700 197.759000 1037.300000 -13 52 1 0 1.000000
-1.495090 -8.322550 0 -1.499940 2.861320 202.495000 1037.780000 -13 53 1 0 1.000000
-11.249500 -10.452000 0 4.059630 -5.773620 201.141000 1037.570000 -13 54 1 0 1.000000
-7.445440 -7.066540 0 0.895739 7.404080 204.971000 1037.360000 -13 55 1 0 1.000000
-8.209390 4.544730 0 6.852820 3.611230 202.101000 1037.530000 -13 56 1 0 1.000000
-2.613620 -5.713020 0 -17.482700 3.327750 201.443000 1037.530000 -13 57 1 0 1.000000
6.516560 -9.150130 0 -1.681190 -7.234200 210.582000 1037.590000 -13 58 1 0 1.000000
-7.585300 -4.807030 0 2.567080 0.333060 197.555000 1037.580000 -13 59 1 0 1.000000
-8.450440 -6.955450 0 13.009600 -11.965000 206.330000 1036.750000 -13 60 1 0 1.000000
-4.964200 -4.629940 0 -18.194900 -3.687870 215.307000 1037.310000 -13 61 1 0 1.000000
-4.150720 -1.357450 0 -2.255560 -4.234610 208.965000 1037.420000 -13 62 1 0 1.000000
-22.928500 4.533790 0 16.609700 7.338350 219.957000 1037.240000 -13 63 1 0 1.000000
-0.716128 -9.964950 0 -3.573170 -1.401150 199.379000 1037.550000 -13 64 1 0 1.000000
6.790620 -0.067413 0 -7.663820 -33.077200 198.556000 1037.070000 -13 65 1 0 1.000000
10.837300 -2.656220 0 15.318200 -0.113359 190.266000 1037.540000 -13 66 1 0 1.000000
-8.332700 -1.220510 0 2.476280 -4.367930 193.539000 1037.170000 -13 67 1 0 1.000000
-16.841000 -7.690200 0 -22.114300 10.997400 204.828000 1037.320000 -13 68 1 0 1.000000
-8.591340 -8.744940 0 -11.401400 -9.203470 207.039000 1037.410000 -13 69 1 0 1.000000
-0.219348 -7.329760 0 -38.568400 -25.806500 219.799000 1037.070000 -13 70 1 0 1.000000
2.362230 -6.140820 0 7.879180 -12.793300 189.901000 1037.320000 -13 71 1 0 1.000000
6.064980 1.482950 0 11.834800 0.032018 217.425000 1037.470000 -13 72 1 0 1.000000
8.657720 -4.570740 0 -2.489140 -12.166200 214.113000 1037.470000 -13 73 1 0 1.000000
-4.494170 -1.477510 0 17.203200 7.566190 213.051000 1037.380000 -13 74 1 0 1.000000
2.570720 2.412020 0 4.282300 -17.421200 203.368000 1037.400000 -13 75 1 0 1.000000
5.496960 -5.950040 0 4.670520 3.761880 202.396000 1037.230000 -13 76 1 0 1.000000
0.215016 -5.331800 0 -10.510900 -6.091980 186.714000 1037.360000 -13 77 1 0 1.000000
-3.718160 -5.818620 0 -5.104080 0.568456 192.029000 1037.280000 -13 78 1 0 1.000000
10.832500 -15.991200 0 -5.005760 7.049340 207.537000 1037.490000 -13 79 1 0 1.000000
5.603440 -8.225740 0 5.929180 7.010780 202.135000 1037.450000 -13 80 1 0 1.000000
0.074309 -0.235963 0 -9.731180 3.100590 193.768000 1037.270000 -13 81 1 0 1.000000
-1.123420 -11.915000 0 10.153000 -0.472350 212.260000 1037.280000 -13 82 1 0 1.000000
-5.376260 -8.386640 0 -12.836600 -3.362620 220.281000 1037.200000 -13 83 1 0 1.000000
13.558500 -10.017400 0 1.745770 -10.545100 209.655000 1037.220000 -13 84 1 0 1.000000
2.699880 -12.757700 0 2.873480 -10.565400 205.615000 1037.300000 -13 85 1 0 1.000000
-2.497560 1.171670 0 -9.522810 1.236010 197.007000 1037.500000 -13 86 1 0 1.000000
-3.361730 -3.521290 0 -1.227400 1.064990 198.192000 1037.500000 -13 87 1 0 1.000000
-5.964790 -6.609650 0 -4.369270 -4.480540 192.340000 1037.390000 -13 88 1 0 1.000000
-17.011300 -29.859500 0 -13.364700 -12.605800 206.866000 1037.590000 -13 89 1 0 1.000000
-10.264800 -3.237190 0 -13.176100 20.822300 219.353000 1037.170000 -13 90 1 0 1.000000
-8.504570 -6.732900 0 -14.228800 -16.285400 203.083000 1037.400000 -13 91 1 0 1.000000
-8.480370 2.982030 0 3.020580 2.298970 202.125000 1037.480000 -13 92 1 0 1.000000
-15.292000 2.799150 0 -2.636140 22.575800 202.641000 1037.450000 -13 93 1 0 1.000000
-7.787090 -10.638900 0 32.103400 6.561880 197.856000 1037.480000 -13 94 1 0 1.000000
-16.465100 -14.869700 0 3.958440 1.226620 195.781000 1037.570000 -13 95 1 0 1.000000
6.557560 4.471580 0 8.917630 8.809830 195.071000 1037.190000 -13 96 1 0 1.000000
-13.976800 -5.717220 0 -17.673600 4.553220 206.778000 1037.650000 -13 97 1 0 1.000000
8.746640 -4.930670 0 17.852600 -5.031440 195.316000 1037.350000 -13 98 1 0 1.000000
3.510540 -7.478470 0 -13.186900 18.535900 198.564000 1037.570000 -13 99 1 0 1.000000
1.163880 6.421390 0 7.601520 11.630000 206.462000 1037.830000 -13 100 1 0 1.000000
-22.504100 -3.548460 0 -12.256900 23.098900 202.858000 1037.440000 -13 101 1 0 1.000000
-14.772500 -18.334800 0 -4.434730 3.315840 210.270000 1037.620000 -13 102 1 0 1.000000
-14.296500 -11.445600 0 7.297300 -12.661600 220.038000 1037.420000 -13 103 1 0 1.000000
-9.827810 -5.897450 0 -0.051569 -6.309460 204.977000 1037.650000 -13 104 1 0 1.000000
-10.421000 -10.221300 0 6.250570 -7.547680 194.499000 1037.480000 -13 105 1 0 1.000000
-11.773100 0.196436 0 11.836300 21.044300 208.591000 1037.170000 -13 106 1 0 1.000000
-4.162310 -9.381850 0 -10.253400 -6.121060 195.320000 1036.970000 -13 107 1 0 1.000000
9.051810 -9.492180 0 -16.201900 -17.860600 210.182000 1037.220000 -13 108 1 0 1.000000
-16.064800 2.226100 0 -6.949360 0.999187 217.662000 1037.430000 -13 109 1 0 1.000000
-11.027900 -14.982500 0 -24.789100 4.500690 195.865000 1037.380000 -13 110 1 0 1.000000
-3.310800 -18.316800 0 17.119500 16.686500 223.126000 1037.340000 -13 111 1 0 1.000000
-0.042610 -11.959300 0 8.122660 -8.904140 200.270000 1037.270000 -13 112 1 0 1.000000
-6.012820 16.905700 0 -8.075200 6.890000 219.365000 1037.090000 -13 113 1 0 1.000000
-4.777340 -16.806200 0 -9.605610 15.947300 198.727000 1037.240000 -13 114 1 0 1.000000
-20.382600 -5.178850 0 -7.739810 10.055900 200.137000 1037.790000 -13 115 1 0 1.000000
-19.102800 -3.593570 0 -4.735210 -3.336540 207.846000 1037.590000 -13 116 1 0 1.000000
-17.971800 -6.060250 0 0.234817 8.589450 201.216000 1037.280000 -13 117 1 0 1.000000
14.042900 -0.246187 0 -25.323400 2.518430 199.711000 1037.540000 -13 118 1 0 1.000000
1.670020 -16.963700 0 1.188720 10.948900 204.403000 1037.470000 -13 119 1 0 1.000000
40.855500 -11.412300 0 -1.176090 -19.384300 207.221000 1037.290000 -13 120 1 0 1.000000
-2.619080 -13.883400 0 -6.936700 1.800710 218.593000 1037.400000 -13 121 1 0 1.000000
-17.974900 -13.306900 0 7.834630 -5.296620 196.315000 1037.250000 -13 122 1 0 1.000000
-6.915140 -5.630620 0 10.576000 3.080080 203.581000 1037.520000 -13 123 1 0 1.000000
-10.221700 -5.096980 0 7.137490 2.899610 210.695000 1037.400000 -13 124 1 0 1.000000
5.663530 -4.554450 0 -14.817800 -1.020590 203.855000 1037.200000 -13 125 1 0 1.000000
-6.190660 0.296029 0 2.462050 -18.220700 195.595000 1037.320000 -13 126 1 0 1.000000
-15.252300 10.031000 0 -1.656700 -3.841440 207.727000 1037.450000 -13 127 1 0 1.000000
-14.021200 -7.405440 0 -0.830898 -2.086230 189.951000 1037.510000 -13 128 1 0 1.000000
-31.550200 -2.607690 0 -16.382400 -12.160000 202.267000 1037.420000 -13 129 1 0 1.000000
-3.445370 0.425220 0 -0.439487 -7.750140 204.487000 1037.370000 -13 130 1 0 1.000000
-18.207600 -3.832080 0 -15.994900 3.172930 195.765000 1037.370000 -13 131 1 0 1.000000
-6.369610 -13.678400 0 1.590480 3.605160 205.071000 1037.480000 -13 132 1 0 1.000000
-2.861230 -8.283890 0 -1.738360 -13.205600 190.622000 1037.340000 -13 133 1 0 1.000000
-18.335200 4.025800 0 16.333700 -10.602000 207.563000 1037.450000 -13 134 1 0 1.000000
-15.022500 -9.115580 0 -5.072940 -6.564950 197.552000 1037.460000 -13 135 1 0 1.000000
-11.994900 -10.326100 0 -18.250700 -9.335280 201.388000 1037.090000 -13 136 1 0 1.000000
-1.733280 -9.345320 0 -7.207730 -5.727400 194.390000 1037.490000 -13 137 1 0 1.000000
10.797100 -2.105270 0 -0.223329 -24.784400 205.121000 1037.310000 -13 138 1 0 1.000000
-18.492700 -2.691660 0 6.588980 -10.577100 199.302000 1037.450000 -13 139 1 0 1.000000
-5.545840 -8.652240 0 -1.445240 3.609920 208.827000 1037.480000 -13 140 1 0 1.000000
-4.478140 -2.244350 0 17.342900 -19.643500 197.976000 1037.080000 -13 141 1 0 1.000000
-5.635480 -3.290350 0 -22.592100 9.673820 211.920000 1037.520000 -13 142 1 0 1.000000
-14.114700 7.494300 0 16.883500 -0.419239 221.859000 1037.370000 -13 143 1 0 1.000000
-12.950200 5.670410 0 10.199600 11.518000 208.503000 1037.490000 -13 144 1 0 1.000000
-14.919000 -9.371850 0 -0.130072 17.036100 201.237000 1037.420000 -13 145 1 0 1.000000
19.745800 -11.439200 0 -2.120930 -10.308000 200.941000 1037.530000 -13 146 1 0 1.000000
2.746200 -6.469360 0 -8.373430 -7.068220 202.907000 1037.570000 -13 147 1 0 1.000000
-13.066900 -0.508557 0 0.147202 3.267030 199.489000 1037.210000 -13 148 1 0 1.000000
-8.218790 8.808250 0 22.961300 10.459800 207.353000 1037.150000 -13 149 1 0 1.000000
1.099440 -11.109100 0 3.761530 -17.657300 195.729000 1037.410000 -13 150 1 0 1.000000
6.667730 -7.009460 0 22.313500 -6.550790 199.608000 1037.600000 -13 151 1 0 1.000000
-15.781900 -9.576010 0 1.196370 1.498610 216.957000 1037.260000 -13 152 1 0 1.000000
-8.051060 -14.519000 0 20.599000 27.848600 196.490000 1037.350000 -13 153 1 0 1.000000
15.067000 4.981430 0 27.636300 11.925800 205.833000 1037.280000 -13 154 1 0 1.000000
-8.429700 -7.405840 0 -8.598940 -4.195670 203.400000 1037.140000 -13 155 1 0 1.000000
-18.018600 -9.799180 0 -2.039110 -7.627130 193.743000 1037.260000 -13 156 1 0 1.000000
11.420600 -4.950010 0 10.918300 -1.337050 197.639000 1037.310000 -13 157 1 0 1.000000
-19.136700 6.923880 0 6.020670 12.190300 219.717000 1037.490000 -13 158 1 0 1.000000
10.427000 -3.734350 0 4.071750 -14.151100 198.630000 1037.330000 -13 159 1 0 1.000000
-1.895790 -1.095250 0 1.887670 -13.305100 213.969000 1037.440000 -13 160 1 0 1.000000
-4.715120 -15.041100 0 -3.629890 4.778550 187.487000 1037.800000 -13 161 1 0 1.000000
-23.729300 -5.331210 0 -2.989990 -2.412070 206.766000 1037.400000 -13 162 1 0 1.000000
-5.068970 -3.045310 0 -2.961690 -10.594300 183.797000 1037.310000 -13 163 1 0 1.000000
-11.065900 -8.857730 0 4.672340 13.523400 203.621000 1037.590000 -13 164 1 0 1.000000
-11.968200 -13.789200 0 -7.578910 -1.179260 198.903000 1037.210000 -13 165 1 0 1.000000
-5.857430 -0.261414 0 3.676040 -19.236800 189.050000 1037.340000 -13 166 1 0 1.000000
-11.757900 -9.498510 0 -7.210770 -24.276800 211.116000 1037.440000 -13 167 1 0 1.000000
-3.559020 -6.807710 0 -1.062810 -8.040410 200.284000 1037.350000 -13 168 1 0 1.000000
-37.859800 -5.967300 0 15.853600 -4.813900 203.874000 1037.730000 -13 169 1 0 1.000000
-14.161900 7.508630 0 10.196000 6.241620 209.014000 1037.480000 -13 170 1 0 1.000000
-0.517279 -10.053000 0 -8.669020 -21.234100 207.749000 1037.330000 -13 171 1 0 1.000000
-2.292710 -10.607100 0 -8.379290 2.697280 196.375000 1037.530000 -13 172 1 0 1.000000
-3.401890 1.596300 0 -29.105500 -13.302800 196.963000 1037.330000 -13 173 1 0 1.000000
9.173010 -3.711090 0 7.515690 7.163140 203.751000 1037.360000 -13 174 1 0 1.000000
-3.800490 -24.036500 0 -5.041030 4.917780 205.665000 1037.550000 -13 175 1 0 1.000000
-21.781600 -4.172260 0 -3.706800 -5.357020 208.963000 1037.400000 -13 176 1 0 1.000000
-7.927740 -0.606591 0 -3.095380 12.780800 202.481000 1037.470000 -13 177 1 0 1.000000
-9.272030 -8.236060 0 -2.156170 -8.132010 207.099000 1037.300000 -13 178 1 0 1.000000
-10.887400 -2.300600 0 -11.248900 -9.185770 190.716000 1037.310000 -13 179 1 0 1.000000
-6.372960 6.431440 0 -0.097066 -15.607400 206.151000 1037.620000 -13 180 1 0 1.000000
-4.167570 -2.135110 0 1.315080 5.953230 186.292000 1037.220000 -13 181 1 0 1.000000
-13.089500 -4.140580 0 -8.180610 4.037030 201.419000 1037.580000 -13 182 1 0 1.000000
-3.449830 -12.607500 0 6.900400 -3.851130 201.293000 1037.280000 -13 183 1 0 1.000000
2.944090 -9.154680 0 -5.459930 -21.408900 213.674000 1037.380000 -13 184 1 0 1.000000
-9.568200 -3.878460 0 3.170470 -8.636690 198.901000 1037.470000 -13 185 1 0 1.000000
-2.227310 -8.579380 0 -0.745070 14.061100 214.393000 1037.330000 -13 186 1 0 1.000000
-6.978680 -13.474300 0 -18.121300 4.691180 190.813000 1037.290000 -13 187 1 0 1.000000
-8.740840 -2.383660 0 -6.401560 20.660900 199.798000 1037.200000 -13 188 1 0 1.000000
-14.103200 0.092195 0 5.316260 -2.101050 214.734000 1037.350000 -13 189 1 0 1.000000
-7.931540 -9.490590 0 -9.544950 10.072400 204.475000 1037.560000 -13 190 1 0 1.000000
-30.080700 9.857000 0 3.825790 -4.593770 198.221000 1037.750000 -13 191 1 0 1.000000
-12.273800 -1.654140 0 -5.316640 -2.739110 209.187000 1037.580000 -13 192 1 0 1.000000
-36.852100 -16.125900 0 -0.899210 -2.965930 205.605000 1037.290000 -13 193 1 0 1.000000
8.171280 2.434900 0 2.882610 5.478100 216.745000 1037.520000 -13 194 1 0 1.000000
1.304850 -9.876870 0 13.908200 -2.703460 211.115000 1037.330000 -13 195 1 0 1.000000
-10.363800 3.217350 0 -6.032250 -10.169700 209.591000 1037.460000 -13 196 1 0 1.000000
-8.270060 7.042980 0 15.063100 6.787470 213.169000 1037.480000 -13 197 1 0 1.000000
-15.298300 -10.246800 0 6.422410 -10.698400 209.326000 1036.980000 -13 198 1 0 1.000000
2.363800 -1.490160 0 -24.670000 6.340060 222.665000 1037.370000 -13 199 1 0 1.000000
-2.017810 12.541700 0 2.402400 -16.710600 200.877000 1037.330000 -13 200 1 0 1.000000
5.491380 -8.655760 0 -15.821800 -0.865485 197.264000 1037.310000 -13 201 1 0 1.000000
-15.190900 -1.698760 0 -3.570760 -0.371716 227.486000 1037.170000 -13 202 1 0 1.000000
-5.717820 -11.141200 0 -28.698700 1.690360 194.157000 1037.400000 -13 203 1 0 1.000000
1.356280 6.152270 0 12.680000 -4.726470 191.904000 1037.590000 -13 204 1 0 1.000000
0.414439 -4.890680 0 -0.532651 -3.011880 219.024000 1037.630000 -13 205 1 0 1.000000
-18.445400 -2.136700 0 9.892770 -14.860100 206.258000 1037.260000 -13 206 1 0 1.000000
-5.560190 7.546350 0 5.086710 -10.216300 202.375000 1037.190000 -13 207 1 0 1.000000
-13.699100 -18.071500 0 8.385700 17.825900 200.887000 1037.380000 -13 208 1 0 1.000000
6.478710 19.018200 0 3.689980 21.117800 225.283000 1037.090000 -13 209 1 0 1.000000
-7.366280 -1.978720 0 -27.766400 -14.463400 205.756000 1037.210000 -13 210 1 0 1.000000
-2.817790 -9.905790 0 9.687520 10.023500 215.034000 1037.390000 -13 211 1 0 1.000000
0.163498 -3.366010 0 -12.617600 16.679900 203.439000 1037.020000 -13 212 1 0 1.000000
-7.626370 5.360910 0 -11.086100 -10.012000 201.645000 1037.550000 -13 213 1 0 1.000000
-7.403940 -6.610500 0 8.778370 -1.043020 192.829000 1037.430000 -13 214 1 0 1.000000
-8.966280 -9.474100 0 12.306500 -4.350060 206.774000 1037.180000 -13 215 1 0 1.000000
3.524420 -12.381500 0 3.122890 8.458730 198.656000 1037.200000 -13 216 1 0 1.000000
-11.521600 -2.053880 0 -10.006000 3.076960 210.038000 1037.550000 -13 217 1 0 1.000000
-9.086360 -9.396670 0 3.568380 8.171840 211.505000 1037.390000 -13 218 1 0 1.000000
-15.746900 -12.235100 0 12.537700 1.162280 215.505000 1037.540000 -13 219 1 0 1.000000
-14.457400 -3.958100 0 3.886350 -23.446700 210.319000 1037.500000 -13 220 1 0 1.000000
5.697420 -8.405250 0 7.492170 12.102700 210.623000 1037.560000 -13 221 1 0 1.000000
-24.273700 -3.219620 0 4.587860 4.539520 203.193000 1037.590000 -13 222 1 0 1.000000
-6.978520 -14.516600 0 3.894140 0.099230 206.266000 1037.580000 -13 223 1 0 1.000000
-10.511800 -6.726430 0 -3.310460 -11.425400 188.265000 1037.400000 -13 224 1 0 1.000000
1.372690 -14.359900 0 1.257470 -0.636587 197.708000 1037.500000 -13 225 1 0 1.000000
-7.282040 -10.249800 0 -12.622200 -0.488438 207.167000 1037.630000 -13 226 1 0 1.000000
0.593843 -12.414800 0 8.536440 7.105810 191.727000 1037.420000 -13 227 1 0 1.000000
-6.168010 0.160032 0 4.067680 0.148074 203.150000 1037.420000 -13 228 1 0 1.000000
-16.597100 -13.754200 0 8.261330 -14.035900 203.101000 1037.530000 -13 229 1 0 1.000000
-24.913000 -34.078600 0 -5.170930 -25.583300 208.925000 1037.720000 -13 230 1 0 1.000000
-3.780350 -5.014780 0 3.881220 4.745020 198.276000 1037.350000 -13 231 1 0 1.000000
-22.666800 -16.488600 0 2.649760 9.347400 213.545000 1037.360000 -13 232 1 0 1.000000
-10.243000 -13.897200 0 11.779100 6.312710 201.914000 1037.550000 -13 233 1 0 1.000000
-12.576600 -1.868150 0 10.834200 10.737400 204.909000 1037.330000 -13 234 1 0 1.000000
0.178443 5.502590 0 0.006432 -4.337030 188.251000 1037.200000 -13 235 1 0 1.000000
-9.123690 -7.259280 0 6.379480 -4.800570 212.004000 1037.500000 -13 236 1 0 1.000000
-0.203432 0.467562 0 6.667760 -3.524310 213.041000 1037.380000 -13 237 1 0 1.000000
3.648510 -10.071500 0 1.566350 -3.674790 205.142000 1037.470000 -13 238 1 0 1.000000
-28.489800 -7.814720 0 12.012900 -20.410900 226.914000 1037.430000 -13 239 1 0 1.000000
-41.528800 -18.842000 0 -9.504010 -5.193770 204.257000 1037.270000 -13 240 1 0 1.000000
-9.063190 -5.114280 0 -11.407100 -0.497228 198.936000 1037.670000 -13 241 1 0 1.000000
7.921420 -3.753280 0 8.453800 11.782500 191.114000 1037.290000 -13 242 1 0 1.000000
-17.049800 -9.367280 0 0.297316 0.872069 202.013000 1037.120000 -13 243 1 0 1.000000
4.061260 -9.448790 0 6.707160 -3.605520 200.161000 1037.450000 -13 244 1 0 1.000000
-13.039900 6.673900 0 -7.780510 17.597600 215.919000 1037.440000 -13 245 1 0 1.000000
0.094894 0.832739 0 4.282210 -6.943570 215.046000 1037.340000 -13 246 1 0 1.000000
7.936660 -11.651400 0 3.582390 4.904640 202.003000 1037.300000 -13 247 1 0 1.000000
12.166200 0.154695 0 6.021100 -9.671350 201.745000 1037.410000 -13 248 1 0 1.000000
-3.473190 -5.105250 0 -8.912400 -13.775000 197.112000 1037.250000 -13 249 1 0 1.000000
-11.496100 1.190550 0 -12.537800 24.101900 201.706000 1037.400000 -13 250 1 0 1.000000
-12.755700 -13.583300 0 9.067340 -3.749080 204.330000 1037.480000 -13 251 1 0 1.000000
1.825520 -25.439500 0 -7.913820 16.789800 210.729000 1037.610000 -13 252 1 0 1.000000
-2.546790 -1.473060 0 -8.410750 7.714150 209.330000 1037.470000 -13 253 1 0 1.000000
0.298785 0.820121 0 -6.491450 -6.939570 206.380000 1037.370000 -13 254 1 0 1.000000
-3.584150 9.193330 0 -0.671623 -12.170800 202.466000 1037.010000 -13 255 1 0 1.000000
-0.574802 -6.411850 0 7.693100 -6.627430 206.682000 1037.320000 -13 256 1 0 1.000000
4.840620 10.240200 0 5.761830 -18.909000 217.721000 1037.210000 -13 257 1 0 1.000000
-6.055140 -15.020200 0 12.135200 -5.781600 221.634000 1037.110000 -13 258 1 0 1.000000
0.073808 -11.395800 0 1.162740 7.915310 224.197000 1037.220000 -13 259 1 0 1.000000
10.515800 3.808530 0 -6.849260 -20.246300 208.406000 1037.450000 -13 260 1 0 1.000000
0.038829 -2.265250 0 -11.485300 -4.628020 212.882000 1037.570000 -13 261 1 0 1.000000
1.793500 -35.983000 0 -4.707720 -21.081400 203.846000 1037.160000 -13 262 1 0 1.000000
11.764600 -10.544800 0 -2.639240 -24.605600 198.394000 1037.500000 -13 263 1 0 1.000000
-5.529160 -11.236000 0 6.488370 -8.923780 204.372000 1037.530000 -13 264 1 0 1.000000
0.547655 -9.408410 0 -22.523900 12.366300 206.080000 1037.550000 -13 265 1 0 1.000000
5.212340 -7.893600 0 15.949200 -30.446500 198.518000 1037.470000 -13 266 1 0 1.000000
-11.250800 5.534630 0 -13.344900 7.654740 199.054000 1037.290000 -13 267 1 0 1.000000
-14.137300 -17.750300 0 -5.913010 9.474860 213.246000 1037.440000 -13 268 1 0 1.000000
9.519960 -21.339700 0 -15.366100 -1.354860 204.619000 1037.300000 -13 269 1 0 1.000000
-5.660600 -10.181700 0 -9.197890 19.642400 215.650000 1037.480000 -13 270 1 0 1.000000
5.138320 -12.158100 0 2.014240 -13.858900 210.921000 1037.560000 -13 271 1 0 1.000000
-13.403900 -1.567350 0 26.327900 -4.822270 219.863000 1037.340000 -13 272 1 0 1.000000
-16.578600 -7.033740 0 12.562800 10.631900 208.296000 1037.410000 -13 273 1 0 1.000000
-2.277850 -0.354067 0 1.337180 -36.988000 209.581000 1037.060000 -13 274 1 0 1.000000
6.991120 -19.735400 0 -16.905600 5.964960 191.902000 1037.410000 -13 275 1 0 1.000000
-8.593750 -15.458200 0 13.533900 3.348680 203.628000 1037.450000 -13 276 1 0 1.000000
-1.713780 -7.737950 0 -5.766710 -6.779770 213.579000 1037.450000 -13 277 1 0 1.000000
-13.420600 2.384640 0 6.745130 -2.522280 205.114000 1037.530000 -13 278 1 0 1.000000
-15.302000 6.609920 0 -23.600300 -7.405420 218.150000 1037.470000 -13 279 1 0 1.000000
-1.633950 -7.006360 0 -12.648800 -5.038850 204.907000 1037.500000 -13 280 1 0 1.000000
-8.644310 -14.852300 0 7.696710 22.726600 207.034000 1037.340000 -13 281 1 0 1.000000
-8.770520 -7.728850 0 -15.557900 5.727270 206.728000 1037.500000 -13 282 1 0 1.000000
4.679860 8.083090 0 -11.988600 -14.494300 202.500000 1037.570000 -13 283 1 0 1.000000
-10.360900 -5.158040 0 6.257050 5.499910 200.710000 1037.240000 -13 284 1 0 1.000000
13.004800 -26.923700 0 -20.065800 -13.575800 201.576000 1037.450000 -13 285 1 0 1.000000
24.175600 -17.266800 0 19.421200 -8.491130 214.129000 1037.370000 -13 286 1 0 1.000000
-6.094220 -10.907500 0 -7.347390 1.013300 197.982000 1037.620000 -13 287 1 0 1.000000
-5.476810 -10.366500 0 9.857520 -15.376600 208.259000 1037.470000 -13 288 1 0 1.000000
-14.385000 -0.207009 0 -1.366000 -0.550785 204.052000 1037.530000 -13 289 1 0 1.000000
-16.448600 -2.870210 0 21.694300 -29.818300 205.117000 1037.390000 -13 290 1 0 1.000000
5.830720 -9.027560 0 -1.127920 -9.487230 194.483000 1037.490000 -13 291 1 0 1.000000
-3.664080 -15.500400 0 -2.220720 9.218340 204.885000 1037.440000 -13 292 1 0 1.000000
10.987500 0.501315 0 10.899600 -6.225870 194.139000 1037.550000 -13 293 1 0 1.000000
1.233860 7.511050 0 -3.637360 -0.494709 208.140000 1037.480000 -13 294 1 0 1.000000
6.888690 -1.128730 0 6.784840 -4.395280 192.014000 1037.530000 -13 295 1 0 1.000000
-10.575700 0.044791 0 -4.948300 -7.467670 206.451000 1037.390000 -13 296 1 0 1.000000
-8.658960 -10.458100 0 -0.746731 8.879290 200.168000 1037.430000 -13 297 1 0 1.000000
-9.895890 -4.713730 0 -5.336660 0.648984 200.615000 1037.610000 -13 298 1 0 1.000000
-11.880200 -7.860550 0 -2.225000 -16.857700 202.216000 1037.360000 -13 299 1 0 1.000000
-10.929500 5.218080 0 6.152920 -6.110870 209.453000 1037.290000 -13 300 1 0 1.000000
-13.822500 10.000800 0 11.581300 -11.388900 196.926000 1037.330000 -13 301 1 0 1.000000
-7.740460 -4.265180 0 -15.539500 -11.313300 201.148000 1037.420000 -13 302 1 0 1.000000
-19.068800 -5.614390 0 0.242973 -3.170890 200.596000 1037.510000 -13 303 1 0 1.000000
11.963700 -16.857300 0 -15.460500 11.735900 196.980000 1037.250000 -13 304 1 0 1.000000
-3.233660 -7.138940 0 -15.696300 10.914500 204.901000 1037.200000 -13 305 1 0 1.000000
-19.052800 -21.396800 0 -26.286700 -5.260850 223.855000 1036.920000 -13 306 1 0 1.000000
-9.620390 -11.369600 0 -1.156520 -12.460500 210.385000 1037.220000 -13 307 1 0 1.000000
-13.963500 -16.056800 0 -4.876560 -3.749380 200.156000 1037.080000 -13 308 1 0 1.000000
13.068000 -13.530100 0 -24.331000 -9.549440 206.660000 1037.310000 -13 309 1 0 1.000000
-19.625200 -17.844200 0 -20.744200 1.466530 208.762000 1037.530000 -13 310 1 0 1.000000
-6.380680 -14.993600 0 -0.001092 7.315300 205.023000 1037.500000 -13 311 1 0 1.000000
1.611560 -17.545600 0 3.887150 -8.051970 201.200000 1037.400000 -13 312 1 0 1.000000
-15.756700 -4.815190 0 6.771470 6.431110 205.863000 1037.310000 -13 313 1 0 1.000000
-9.212410 -10.208300 0 2.377880 2.119280 183.566000 1037.190000 -13 314 1 0 1.000000
-2.975310 -1.762520 0 5.501190 -1.652090 199.557000 1037.550000 -13 315 1 0 1.000000
-13.748500 -9.805450 0 -6.705490 9.618520 202.666000 1037.460000 -13 316 1 0 1.000000
3.196770 -13.897700 0 -27.823300 -2.394300 212.935000 1037.410000 -13 317 1 0 1.000000
-14.242200 16.877400 0 -9.401220 -2.710170 198.926000 1037.270000 -13 318 1 0 1.000000
-8.107790 -27.202200 0 14.143900 2.401910 193.599000 1037.260000 -13 319 1 0 1.000000
-12.279000 -5.634570 0 0.816307 19.030700 215.500000 1037.390000 -13 320 1 0 1.000000
-7.633990 -3.121970 0 18.535700 -5.437480 185.225000 1037.360000 -13 321 1 0 1.000000
16.824200 -1.815150 0 14.510500 -1.739380 198.573000 1037.220000 -13 322 1 0 1.000000
-8.081400 4.484570 0 -8.040910 -11.752900 202.135000 1037.590000 -13 323 1 0 1.000000
-15.925900 -9.692540 0 -2.138980 7.092040 195.089000 1037.490000 -13 324 1 0 1.000000
-1.433520 10.037500 0 5.989150 -14.101700 203.561000 1037.230000 -13 325 1 0 1.000000
9.374100 -5.836740 0 2.216830 -5.565570 192.645000 1037.610000 -13 326 1 0 1.000000
-11.381000 0.454331 0 -9.767110 -3.814420 209.091000 1037.470000 -13 327 1 0 1.000000
3.324820 -9.596980 0 11.833600 -21.711500 201.206000 1037.370000 -13 328 1 0 1.000000
-4.149970 -6.992160 0 26.987200 -0.465084 205.694000 1037.700000 -13 329 1 0 1.000000
-24.842700 0.138343 0 -17.109700 17.079600 205.576000 1037.430000 -13 330 1 0 1.000000
-4.935530 -2.950850 0 57.684100 16.775700 205.272000 1037.670000 -13 331 1 0 1.000000
-0.864275 -18.732100 0 3.624490 4.446270 204.336000 1037.570000 -13 332 1 0 1.000000
-9.179640 0.231412 0 1.067810 -1.373350 201.169000 1037.590000 -13 333 1 0 1.000000
-5.814590 -12.083700 0 1.317780 -8.146670 194.605000 1037.710000 -13 334 1 0 1.000000
-2.122410 -9.935590 0 -1.512160 2.018410 196.806000 1037.370000 -13 335 1 0 1.000000
2.716030 -12.086900 0 3.978040 -18.935600 206.908000 1037.320000 -13 336 1 0 1.000000
-8.244570 -30.334800 0 -2.412760 -15.249200 218.017000 1037.360000 -13 337 1 0 1.000000
-17.797900 2.006610 0 -0.292028 0.421195 197.821000 1037.220000 -13 338 1 0 1.000000
-2.163400 -4.098660 0 1.497780 -2.816280 211.413000 1037.520000 -13 339 1 0 1.000000
1.185630 -17.000500 0 -12.564500 -8.817950 199.867000 1037.250000 -13 340 1 0 1.000000
-15.938300 -20.574400 0 3.947080 8.957560 197.079000 1037.410000 -13 341 1 0 1.000000
-6.821590 -13.768900 0 -4.233950 6.828250 213.135000 1037.270000 -13 342 1 0 1.000000
4.230080 -4.779520 0 -2.690250 -20.011600 203.848000 1037.420000 -13 343 1 0 1.000000
-0.850667 -2.433220 0 -0.340553 -9.149740 189.627000 1037.300000 -13 344 1 0 1.000000
-9.554630 -17.227900 0 3.749450 -4.006480 207.846000 1037.200000 -13 345 1 0 1.000000
-13.995100 1.448610 0 -2.921640 4.399620 193.826000 1037.470000 -13 346 1 0 1.000000
-4.468720 -6.496540 0 10.156100 -5.006710 197.553000 1037.380000 -13 347 1 0 1.000000
12.415200 12.379700 0 18.489200 2.859970 209.787000 1037.240000 -13 348 1 0 1.000000
17.444800 -12.093500 0 -11.978700 -11.202000 192.673000 1037.560000 -13 349 1 0 1.000000
-19.206900 -2.431300 0 14.585200 -7.086560 202.992000 1037.620000 -13 350 1 0 1.000000
-16.687100 -14.176300 0 -5.274150 13.979300 206.131000 1037.370000 -13 351 1 0 1.000000
0.776847 -16.383800 0 6.597620 -12.058500 208.938000 1037.580000 -13 352 1 0 1.000000
-17.025000 -7.360940 0 4.399210 -0.777083 205.842000 1037.490000 -13 353 1 0 1.000000
-14.756600 -7.024090 0 14.048300 -8.139960 208.749000 1037.140000 -13 354 1 0 1.000000
-17.103500 1.283280 0 30.197500 -10.497600 214.707000 1037.540000 -13 355 1 0 1.000000
2.357800 2.997360 0 -31.129900 34.684400 213.564000 1037.300000 -13 356 1 0 1.000000
7.207200 3.624750 0 20.244800 5.875220 195.097000 1037.170000 -13 357 1 0 1.000000
-12.713800 0.630829 0 -4.689670 0.994059 196.000000 1037.340000 -13 358 1 0 1.000000
-15.734400 -14.308100 0 -14.400400 -2.848810 199.552000 1037.360000 -13 359 1 0 1.000000
-16.051700 4.562710 0 2.755380 25.234900 200.678000 1037.440000 -13 360 1 0 1.000000
-14.884800 -3.351080 0 -7.332340 10.306700 210.461000 1037.470000 -13 361 1 0 1.000000
-12.076900 -4.185840 0 5.397200 -7.232590 212.498000 1037.320000 -13 362 1 0 1.000000
-6.777980 -9.956910 0 -11.152100 27.501000 196.969000 1037.310000 -13 363 1 0 1.000000
-9.413470 -19.307900 0 -0.584779 -8.632070 201.074000 1037.200000 -13 364 1 0 1.000000
-6.950440 -1.929990 0 -13.601300 4.876320 210.194000 1037.410000 -13 365 1 0 1.000000
-3.884600 -5.719250 0 -8.537120 15.870600 205.015000 1037.450000 -13 366 1 0 1.000000
-10.925200 -2.602730 0 -17.790300 -6.507710 205.633000 1037.120000 -13 367 1 0 1.000000
-1.529490 -17.835200 0 3.046960 -6.697520 198.968000 1037.410000 -13 368 1 0 1.000000
-6.195570 -6.155320 0 0.721286 -4.507120 199.497000 1037.520000 -13 369 1 0 1.000000
-18.839800 3.900360 0 -9.657010 -4.987210 202.745000 1037.440000 -13 370 1 0 1.000000
-7.032160 -10.632000 0 -20.558400 -1.006780 199.469000 1037.250000 -13 371 1 0 1.000000
-0.503870 6.067010 0 -2.743320 11.395500 215.744000 1037.330000 -13 372 1 0 1.000000
5.643700 -7.429900 0 16.775900 -9.406330 194.372000 1037.430000 -13 373 1 0 1.000000
-8.637360 -17.948200 0 -8.215600 -1.315460 217.571000 1037.430000 -13 374 1 0 1.000000
-13.313900 -10.523300 0 -6.677490 13.290200 201.153000 1037.400000 -13 375 1 0 1.000000
-16.562900 6.383800 0 6.952340 3.295390 215.695000 1037.340000 -13 376 1 0 1.000000
-10.582700 9.366910 0 16.399500 20.915300 199.580000 1037.490000 -13 377 1 0 1.000000
-1.812990 -27.005700 0 -13.961700 9.964470 211.178000 1037.260000 -13 378 1 0 1.000000
-5.043880 -10.952900 0 3.813430 -3.928600 194.565000 1037.310000 -13 379 1 0 1.000000
-7.862810 -2.814180 0 10.150000 0.342765 209.930000 1037.220000 -13 380 1 0 1.000000
-4.723560 -12.939300 0 7.509720 20.889000 204.166000 1037.490000 -13 381 1 0 1.000000
-4.169560 9.472250 0 -13.349500 21.614500 206.754000 1037.420000 -13 382 1 0 1.000000
-7.660970 6.027450 0 -9.885300 -9.652330 203.014000 1037.500000 -13 383 1 0 1.000000
0.414283 -4.787900 0 25.508000 -0.515780 206.102000 1037.360000 -13 384 1 0 1.000000
-2.472820 -11.199600 0 12.643900 19.613100 202.170000 1037.600000 -13 385 1 0 1.000000
-6.835570 -13.969000 0 -12.182900 9.882960 199.901000 1037.430000 -13 386 1 0 1.000000
-1.234030 0.112164 0 6.271890 -6.998180 196.039000 1037.280000 -13 387 1 0 1.000000
-11.031200 -18.426900 0 -9.630010 2.137650 198.348000 1037.410000 -13 388 1 0 1.000000
-20.340600 -3.045080 0 -26.631900 -27.844400 220.868000 1037.340000 -13 389 1 0 1.000000
4.684430 -9.110630 0 -5.861790 15.617000 212.282000 1037.150000 -13 390 1 0 1.000000
-1.379920 -19.597300 0 -12.660100 -9.924340 213.087000 1037.410000 -13 391 1 0 1.000000
-12.085600 2.455010 0 -8.069840 16.471800 221.109000 1037.560000 -13 392 1 0 1.000000
14.749200 -7.647510 0 19.463600 13.100900 206.837000 1037.450000 -13 393 1 0 1.000000
-10.870100 3.261750 0 0.418232 -27.381700 223.757000 1037.350000 -13 394 1 0 1.000000
8.312660 -6.970600 0 -10.130100 3.821000 198.963000 1037.460000 -13 395 1 0 1.000000
-1.846700 -7.282110 0 26.932300 13.389100 194.301000 1037.350000 -13 396 1 0 1.000000
-4.849620 2.066120 0 -6.691270 -14.470900 195.285000 1037.320000 -13 397 1 0 1.000000
2.832460 -10.596400 0 -2.541810 12.426100 199.627000 1037.370000 -13 398 1 0 1.000000
-16.919600 -7.477250 0 12.378400 -12.443800 212.523000 1037.450000 -13 399 1 0 1.000000
-10.789200 -2.862690 0 9.388120 -4.945860 203.948000 1037.590000 -13 400 1 0 1.000000
-13.156000 -15.255100 0 7.573640 -17.776800 206.472000 1037.500000 -13 401 1 0 1.000000
-29.137800 -4.236600 0 8.414320 14.505300 201.828000 1037.340000 -13 402 1 0 1.000000
-6.220120 -9.084310 0 -14.949500 9.124110 211.144000 1037.420000 -13 403 1 0 1.000000
-14.184700 -5.102570 0 5.672820 22.799300 197.471000 1037.350000 -13 404 1 0 1.000000
-3.217980 -4.532240 0 -4.882460 0.542183 197.318000 1037.280000 -13 405 1 0 1.000000
-11.063700 -23.854200 0 -14.597600 7.913470 208.202000 1037.460000 -13 406 1 0 1.000000
-0.784540 -4.646090 0 9.682930 25.222200 200.335000 1037.140000 -13 407 1 0 1.000000
27.334900 -24.006700 0 3.606950 -11.383500 222.127000 1037.080000 -13 408 1 0 1.000000
0.267955 4.617500 0 3.422410 7.620010 211.916000 1037.470000 -13 409 1 0 1.000000
-3.525390 -19.775300 0 -7.365960 0.596218 205.189000 1037.400000 -13 410 1 0 1.000000
5.921840 7.058920 0 -15.068800 10.455800 213.191000 1037.430000 -13 411 1 0 1.000000
-7.428080 -5.065620 0 -0.627037 -1.156540 200.403000 1037.500000 -13 412 1 0 1.000000
12.840700 -3.000810 0 -0.527326 6.676300 207.163000 1037.360000 -13 413 1 0 1.000000
-3.290790 -20.843700 0 -16.720700 10.745300 193.404000 1037.260000 -13 414 1 0 1.000000
-6.333270 -4.291340 0 -3.706930 -0.116599 209.846000 1037.430000 -13 415 1 0 1.000000
6.031390 -4.398780 0 -13.047400 -7.121130 196.463000 1037.420000 -13 416 1 0 1.000000
-13.215600 12.074900 0 -8.575650 -9.937670 208.920000 1037.290000 -13 417 1 0 1.000000
-7.685240 -1.799100 0 -2.390300 0.235280 211.317000 1037.420000 -13 418 1 0 1.000000
-3.789240 -3.422020 0 9.738430 19.602500 205.743000 1037.440000 -13 419 1 0 1.000000
3.595160 -20.709800 0 -16.001300 4.008460 198.282000 1037.000000 -13 420 1 0 1.000000
-4.144270 -14.413100 0 1.964750 0.367538 209.260000 1037.430000 -13 421 1 0 1.000000
-30.891400 -20.384200 0 -14.354900 -16.108200 200.855000 1037.510000 -13 422 1 0 1.000000
-4.946530 2.019720 0 0.084147 -3.420560 212.689000 1037.500000 -13 423 1 0 1.000000
-16.112500 -11.232200 0 4.942690 8.826170 205.621000 1037.400000 -13 424 1 0 1.000000
-8.423090 2.536560 0 3.868510 2.885250 207.978000 1037.310000 -13 425 1 0 1.000000
9.246260 -13.573400 0 13.947800 -0.609616 202.635000 1037.570000 -13 426 1 0 1.000000
-4.961300 -10.694700 0 -4.240880 -4.101380 201.927000 1037.400000 -13 427 1 0 1.000000
-7.810910 -6.898640 0 11.560800 -7.199750 204.625000 1037.290000 -13 428 1 0 1.000000
-2.931450 4.075940 0 8.941930 -9.057080 191.827000 1037.190000 -13 429 1 0 1.000000
-4.613580 3.884330 0 1.773740 -5.607640 216.552000 1037.390000 -13 430 1 0 1.000000
-16.852800 1.020720 0 8.446800 2.117670 207.285000 1037.360000 -13 431 1 0 1.000000
7.950800 -13.775600 0 4.806550 6.841920 193.898000 1037.080000 -13 432 1 0 1.000000
1.649050 -16.774200 0 13.855800 5.784010 211.631000 1037.410000 -13 433 1 0 1.000000
-5.771180 -6.118550 0 5.479470 -3.506250 193.036000 1037.390000 -13 434 1 0 1.000000
4.306590 -28.804500 0 -10.078600 -16.246800 213.241000 1037.260000 -13 435 1 0 1.000000
1.223460 -14.968000 0 -3.008010 5.571910 211.297000 1037.460000 -13 436 1 0 1.000000
-12.551500 -11.960200 0 2.884520 4.254600 201.195000 1037.530000 -13 437 1 0 1.000000
9.341670 -23.747900 0 -15.163400 0.520691 203.966000 1037.180000 -13 438 1 0 1.000000
-3.036620 -21.082200 0 -3.345270 4.636090 214.570000 1037.370000 -13 439 1 0 1.000000
-5.303640 -10.997200 0 7.880170 12.613300 192.186000 1037.580000 -13 440 1 0 1.000000
-6.743500 5.758660 0 -5.603780 -6.214400 213.264000 1037.610000 -13 441 1 0 1.000000
0.846994 -5.811450 0 -8.699480 5.884180 219.160000 1037.110000 -13 442 1 0 1.000000
-2.724210 -15.517400 0 2.996800 -11.997900 209.632000 1037.430000 -13 443 1 0 1.000000
4.240480 -11.795400 0 -27.718100 -3.395110 207.846000 1037.280000 -13 444 1 0 1.000000
-13.038000 -8.787320 0 4.783910 -1.485780 208.317000 1037.330000 -13 445 1 0 1.000000
0.273013 -15.402600 0 0.442209 -4.975540 204.558000 1037.260000 -13 446 1 0 1.000000
-5.331900 -14.103300 0 4.813270 -1.875040 203.739000 1037.600000 -13 447 1 0 1.000000
-6.493210 -13.627800 0 -3.617980 -15.235300 203.675000 1037.390000 -13 448 1 0 1.000000
-0.956823 -7.215670 0 19.385600 -22.905000 218.353000 1037.400000 -13 449 1 0 1.000000
5.970840 -4.707440 0 -9.961350 8.772200 209.292000 1037.190000 -13 450 1 0 1.000000
-9.682780 -7.749690 0 -2.554730 -5.510480 204.641000 1037.570000 -13 451 1 0 1.000000
6.408140 -9.647190 0 -36.484800 11.963500 206.773000 1037.340000 -13 452 1 0 1.000000
0.401691 1.222650 0 -2.858670 8.099640 208.835000 1037.310000 -13 453 1 0 1.000000
0.167989 -1.311840 0 3.303040 23.149500 198.169000 1037.480000 -13 454 1 0 1.000000
-17.405000 -4.964140 0 -2.154580 23.663400 206.162000 1036.930000 -13 455 1 0 1.000000
0.772274 -23.646400 0 -11.782900 -35.138000 208.799000 1037.420000 -13 456 1 0 1.000000
5.758440 -12.301600 0 9.378100 17.868500 199.638000 1037.440000 -13 457 1 0 1.000000
-1.046700 -11.426900 0 15.608000 -1.447430 206.794000 1037.570000 -13 458 1 0 1.000000
2.343370 -13.404900 0 15.191300 -4.725330 193.346000 1037.370000 -13 459 1 0 1.000000
-19.808800 -11.134200 0 2.290040 4.738280 203.016000 1037.500000 -13 460 1 0 1.000000
-15.046300 -24.213800 0 0.550972 22.417300 210.851000 1037.360000 -13 461 1 0 1.000000
0.666274 -2.181280 0 -9.599720 11.769500 212.532000 1037.420000 -13 462 1 0 1.000000
7.268270 -0.456107 0 17.217800 18.114600 216.292000 1037.420000 -13 463 1 0 1.000000
-14.494600 -6.402110 0 9.381870 -18.312500 204.989000 1037.450000 -13 464 1 0 1.000000
-1.652500 -13.289800 0 -7.064370 -1.266480 206.977000 1037.630000 -13 465 1 0 1.000000
-23.681500 -6.385000 0 -10.659900 6.657560 199.113000 1037.450000 -13 466 1 0 1.000000
-7.922170 3.407470 0 9.870240 -1.662760 198.721000 1037.600000 -13 467 1 0 1.000000
-9.354580 7.377820 0 -3.320960 16.697000 191.862000 1037.160000 -13 468 1 0 1.000000
-22.951800 -14.206500 0 -15.726400 4.031780 198.365000 1037.330000 -13 469 1 0 1.000000
9.017470 -10.399200 0 14.771100 -2.691100 212.450000 1037.360000 -13 470 1 0 1.000000
-6.096410 -6.595640 0 4.959010 23.881400 193.289000 1037.250000 -13 471 1 0 1.000000
-26.430500 2.435720 0 -4.467310 -4.707370 212.454000 1037.160000 -13 472 1 0 1.000000
-10.889500 -4.702350 0 26.398100 3.923300 210.670000 1037.450000 -13 473 1 0 1.000000
-7.891460 -0.580373 0 28.190100 -24.137600 193.375000 1037.480000 -13 474 1 0 1.000000
-11.528000 -7.193860 0 11.367000 10.650200 209.779000 1037.320000 -13 475 1 0 1.000000
-17.189100 -2.342990 0 -3.122890 4.629830 183.557000 1037.190000 -13 476 1 0 1.000000
2.443430 -26.772400 0 -15.577000 -4.386840 195.148000 1037.230000 -13 477 1 0 1.000000
-9.589700 -17.043900 0 -4.437150 6.671630 194.523000 1037.200000 -13 478 1 0 1.000000
-6.150170 -5.381970 0 -9.284000 2.708690 200.552000 1037.490000 -13 479 1 0 1.000000
-6.093500 5.284530 0 2.669720 0.821175 200.425000 1037.520000 -13 480 1 0 1.000000
-25.686600 -17.810300 0 -25.285100 -8.879780 206.398000 1037.450000 -13 481 1 0 1.000000
-13.537800 7.345510 0 -4.986110 0.146890 200.400000 1037.530000 -13 482 1 0 1.000000
7.600730 -4.475060 0 -0.206367 -6.512050 198.715000 1037.290000 -13 483 1 0 1.000000
-7.368390 -15.487600 0 -19.966500 -7.218930 197.154000 1037.330000 -13 484 1 0 1.000000
-12.698500 -5.430480 0 -20.415300 9.799090 210.746000 1037.420000 -13 485 1 0 1.000000
-5.167440 -3.773120 0 21.757500 -0.656343 190.472000 1037.360000 -13 486 1 0 1.000000
-15.526700 9.021180 0 15.653200 0.732425 218.262000 1037.370000 -13 487 1 0 1.000000
3.499410 -2.742590 0 3.434880 -9.184820 185.179000 1037.390000 -13 488 1 0 1.000000
-12.275000 -3.457610 0 12.595500 3.976190 201.969000 1037.250000 -13 489 1 0 1.000000
-9.858410 -8.427100 0 2.862170 -21.804800 201.623000 1037.470000 -13 490 1 0 1.000000
-2.890540 -13.523300 0 -7.234980 -11.046100 204.449000 1037.270000 -13 491 1 0 1.000000
7.993750 -4.177010 0 -1.972440 0.748579 203.016000 1037.360000 -13 492 1 0 1.000000
2.113220 -14.114300 0 -21.480700 11.056800 200.514000 1037.250000 -13 493 1 0 1.000000
0.995418 -10.765900 0 -9.519050 -7.850780 201.200000 1037.270000 -13 494 1 0 1.000000
-0.990148 -2.917150 0 -17.755500 -6.884390 211.521000 1037.190000 -13 495 1 0 1.000000
-2.876710 -12.482300 0 0.959076 20.172500 197.576000 1037.240000 -13 496 1 0 1.000000
-14.931200 -7.997790 0 2.371440 5.654440 191.954000 1037.200000 -13 497 1 0 1.000000
-4.687900 -6.071070 0 13.639200 15.468400 199.871000 1037.120000 -13 498 1 0 1.000000
-15.895300 -12.489700 0 -9.762330 -0.951073 199.466000 1037.350000 -13 499 1 0 1.000000
-6.659460 -6.553780 0 -3.947990 -3.286720 203.974000 1037.520000 -13 500 1 0 1.000000
-9.235590 -8.017540 0 8.886440 -4.817510 188.077000 1037.470000 -13 501 1 0 1.000000
13.092100 2.310870 0 -1.492600 2.072120 214.120000 1037.460000 -13 502 1 0 1.000000
6.272980 -10.385000 0 -13.798100 -0.461175 215.472000 1037.490000 -13 503 1 0 1.000000
7.266590 3.573890 0 -1.807600 20.578000 215.238000 1037.370000 -13 504 1 0 1.000000
-4.836350 -2.551290 0 5.237020 -6.564060 204.192000 1037.510000 -13 505 1 0 1.000000
-0.121265 -1.143830 0 10.125400 3.691590 207.347000 1037.340000 -13 506 1 0 1.000000
1.144960 -0.777230 0 -5.819370 -9.656140 215.933000 1037.540000 -13 507 1 0 1.000000
-3.218630 3.571800 0 3.037720 14.260700 200.766000 1037.520000 -13 508 1 0 1.000000
-1.655540 -11.306100 0 -6.835080 -1.864500 199.084000 1037.480000 -13 509 1 0 1.000000
-11.167900 3.099860 0 20.754300 2.579750 207.452000 1037.490000 -13 510 1 0 1.000000
-3.543910 5.192250 0 1.499250 -31.667500 198.312000 1037.390000 -13 511 1 0 1.000000
-17.188100 7.043380 0 -11.656700 -15.462000 199.158000 1037.430000 -13 512 1 0 1.000000
-13.315500 -17.781000 0 -5.039370 -16.710900 210.956000 1037.550000 -13 513 1 0 1.000000
-10.884500 -2.635370 0 -7.964420 0.618575 199.434000 1037.420000 -13 514 1 0 1.000000
4.390770 -5.092640 0 -10.997700 -13.382600 204.908000 1037.310000 -13 515 1 0 1.000000
-10.338800 15.428600 0 -6.283680 -6.638510 210.076000 1037.470000 -13 516 1 0 1.000000
0.440316 -1.146180 0 -4.491520 2.116710 207.038000 1037.680000 -13 517 1 0 1.000000
-2.023970 6.800480 0 -3.472690 6.031780 211.098000 1037.390000 -13 518 1 0 1.000000
-10.144900 -11.356200 0 -15.778600 -11.076500 206.657000 1037.290000 -13 519 1 0 1.000000
-11.893100 6.637590 0 6.582170 -3.292150 193.586000 1037.400000 -13 520 1 0 1.000000
-1.502780 -4.438300 0 25.280300 9.433020 204.192000 1037.670000 -13 521 1 0 1.000000
-10.875000 -25.595100 0 -21.738500 -9.261150 237.764000 1037.250000 -13 522 1 0 1.000000
3.390390 -16.996600 0 -22.063400 0.169993 203.033000 1037.730000 -13 523 1 0 1.000000
-14.253200 -6.493030 0 35.684800 -12.545800 207.962000 1037.490000 -13 524 1 0 1.000000
-0.852755 -3.498400 0 -3.258340 -7.300400 190.869000 1037.240000 -13 525 1 0 1.000000
13.530800 3.263400 0 19.605400 0.691449 195.603000 1037.550000 -13 526 1 0 1.000000
-1.291490 -11.402900 0 30.403800 20.274900 189.501000 1037.410000 -13 527 1 0 1.000000
-5.120240 -1.872880 0 22.151900 8.107550 205.154000 1037.590000 -13 528 1 0 1.000000
-2.634900 -14.562300 0 -15.941100 -0.669119 210.891000 1037.430000 -13 529 1 0 1.000000
-16.900800 -15.708900 0 -14.030300 -7.694690 197.733000 1037.430000 -13 530 1 0 1.000000
-18.018600 5.986800 0 3.039700 -4.623020 217.449000 1037.530000 -13 531 1 0 1.000000
-6.201420 -7.832660 0 8.007030 -6.456730 201.065000 1037.200000 -13 532 1 0 1.000000
-1.309410 -7.601720 0 -0.842495 4.491620 189.255000 1037.470000 -13 533 1 0 1.000000
1.026740 -9.214220 0 -1.589380 4.936730 216.595000 1037.340000 -13 534 1 0 1.000000
2.432020 -10.986100 0 15.297800 1.301600 197.416000 1037.030000 -13 535 1 0 1.000000
4.475470 -19.430800 0 -36.075900 -3.257610 219.031000 1037.500000 -13 536 1 0 1.000000
-4.536900 -19.453000 0 -24.082100 -12.171500 191.362000 1037.170000 -13 537 1 0 1.000000
-10.183900 15.624900 0 16.030700 -10.270000 193.895000 1037.280000 -13 538 1 0 1.000000
12.361100 5.082350 0 -2.813390 -14.168800 208.744000 1037.300000 -13 539 1 0 1.000000
-0.900856 -5.346800 0 -7.322490 -23.269000 190.723000 1037.370000 -13 540 1 0 1.000000
5.770130 -7.741070 0 -15.894800 -7.270800 202.052000 1037.400000 -13 541 1 0 1.000000
-2.727610 -12.606400 0 2.257070 10.676900 199.153000 1037.130000 -13 542 1 0 1.000000
-6.625220 -3.709530 0 -14.378500 3.803870 208.767000 1037.180000 -13 543 1 0 1.000000
-8.638120 6.596240 0 -8.637820 1.776090 197.755000 1037.350000 -13 544 1 0 1.000000
3.154500 6.326510 0 -10.450800 -10.335000 198.100000 1037.600000 -13 545 1 0 1.000000
-12.883400 6.037000 0 -0.559166 -26.216600 204.876000 1037.250000 -13 546 1 0 1.000000
-6.496920 -10.432800 0 15.177000 -12.642500 206.021000 1037.260000 -13 547 1 0 1.000000
-10.227000 -2.464820 0 18.502700 -11.782900 212.305000 1037.260000 -13 548 1 0 1.000000
1.148550 -17.227400 0 -1.090080 3.925590 203.459000 1037.600000 -13 549 1 0 1.000000
-0.581617 -12.709600 0 2.868590 -7.410450 209.882000 1037.460000 -13 550 1 0 1.000000
-5.944390 -7.926470 0 1.388050 -4.930540 193.135000 1037.350000 -13 551 1 0 1.000000
7.645790 -17.344400 0 -5.742980 7.565390 207.770000 1037.430000 -13 552 1 0 1.000000
-23.634700 -2.213890 0 -15.383900 12.668100 204.801000 1037.390000 -13 553 1 0 1.000000
-8.613780 -8.057880 0 8.248080 -2.725900 212.825000 1037.310000 -13 554 1 0 1.000000
-5.392650 -4.632700 0 3.253010 -6.702900 193.781000 1037.680000 -13 555 1 0 1.000000
-17.771300 -7.615300 0 -3.763610 6.985220 202.882000 1037.520000 -13 556 1 0 1.000000
-13.251400 -1.697660 0 1.014220 1.951810 203.086000 1037.380000 -13 557 1 0 1.000000
-0.460975 5.239750 0 -10.681600 -0.415745 220.639000 1037.220000 -13 558 1 0 1.000000
-5.668960 -3.913500 0 11.976400 -16.840500 204.755000 1037.500000 -13 559 1 0 1.000000
6.297800 11.171900 0 -8.504290 -12.116200 211.961000 1037.440000 -13 560 1 0 1.000000
-3.217600 -13.346200 0 3.309330 23.360200 205.906000 1037.290000 -13 561 1 0 1.000000
12.279500 -5.183580 0 -18.990900 6.717770 205.817000 1037.520000 -13 562 1 0 1.000000
-22.533900 -9.403570 0 6.260280 -2.008990 197.388000 1037.210000 -13 563 1 0 1.000000
-2.858610 -5.639870 0 -9.354370 -9.464120 207.269000 1037.430000 -13 564 1 0 1.000000
-2.411230 -4.936220 0 -3.130950 2.571360 209.118000 1037.120000 -13 565 1 0 1.000000
8.017440 -8.361820 0 -4.287950 -13.036500 208.122000 1037.250000 -13 566 1 0 1.000000
-9.497410 -7.737300 0 3.397930 2.902820 204.641000 1037.130000 -13 567 1 0 1.000000
11.778000 5.572260 0 -4.046880 -4.984050 207.863000 1037.410000 -13 568 1 0 1.000000
3.422130 1.789860 0 0.544832 -15.723700 209.892000 1037.480000 -13 569 1 0 1.000000
-4.275550 -24.308500 0 -4.608800 -6.297260 198.866000 1037.520000 -13 570 1 0 1.000000
1.937370 11.216600 0 6.512010 -28.097000 206.441000 1037.430000 -13 571 1 0 1.000000
0.053611 -10.444700 0 14.695300 -5.697530 219.446000 1037.110000 -13 572 1 0 1.000000
-5.799250 -12.610600 0 0.287225 -12.373100 204.841000 1037.350000 -13 573 1 0 1.000000
-19.789400 -6.110320 0 -5.590580 11.332500 202.866000 1037.550000 -13 574 1 0 1.000000
-1.502290 -13.989800 0 -1.549820 -5.341520 197.481000 1037.440000 -13 575 1 0 1.000000
-4.252790 -6.562540 0 2.348740 -1.392080 193.161000 1037.370000 -13 576 1 0 1.000000
-14.950900 -11.848000 0 -14.482200 -26.834400 211.778000 1037.450000 -13 577 1 0 1.000000
-7.419370 -23.754100 0 -11.928600 38.802400 200.648000 1037.080000 -13 578 1 0 1.000000
12.018400 -15.743800 0 -2.650640 -3.937090 215.518000 1037.430000 -13 579 1 0 1.000000
7.966350 4.736520 0 24.352300 29.937000 193.481000 1037.260000 -13 580 1 0 1.000000
-3.349130 -6.551980 0 12.321200 -1.496380 203.657000 1037.430000 -13 581 1 0 1.000000
0.875948 -10.912600 0 9.895040 -13.411600 200.815000 1037.480000 -13 582 1 0 1.000000
-15.510400 -9.820660 0 -11.081800 4.517200 200.726000 1037.430000 -13 583 1 0 1.000000
-11.467000 -8.117800 0 -13.051000 12.987500 208.491000 1037.400000 -13 584 1 0 1.000000
3.060180 4.133300 0 9.818810 4.198270 203.942000 1037.370000 -13 585 1 0 1.000000
-5.335480 -11.844700 0 -4.311210 -7.947040 201.625000 1037.560000 -13 586 1 0 1.000000
-5.169170 8.088530 0 -0.114539 -1.902510 210.878000 1037.500000 -13 587 1 0 1.000000
-13.654300 -2.711580 0 4.123260 3.449350 190.956000 1037.390000 -13 588 1 0 1.000000
-4.355000 -5.178070 0 6.572320 7.041700 209.647000 1037.520000 -13 589 1 0 1.000000
6.640920 -13.071800 0 -5.531340 4.090610 217.269000 1037.440000 -13 590 1 0 1.000000
-5.476440 -9.395120 0 4.369840 0.011684 196.235000 1037.490000 -13 591 1 0 1.000000
-6.640860 -1.970240 0 1.193620 1.122410 194.678000 1037.330000 -13 592 1 0 1.000000
-7.626370 -8.595850 0 -2.355750 8.815450 212.494000 1037.580000 -13 593 1 0 1.000000
-10.683100 -18.486100 0 6.610120 -19.554400 193.320000 1037.420000 -13 594 1 0 1.000000
-18.829400 5.635730 0 -17.249300 1.372680 204.838000 1037.460000 -13 595 1 0 1.000000
-11.622300 -6.193680 0 1.251440 6.772530 204.172000 1037.210000 -13 596 1 0 1.000000
-1.665960 -16.593100 0 -14.520300 -6.407150 208.853000 1037.550000 -13 597 1 0 1.000000
-5.034070 -4.987840 0 4.833830 6.858510 190.990000 1037.320000 -13 598 1 0 1.000000
-14.150400 -0.861280 0 22.100400 -6.161450 214.431000 1037.360000 -13 599 1 0 1.000000
-12.058300 -3.495250 0 -9.992220 12.461200 219.670000 1037.390000 -13 600 1 0 1.000000
-15.239800 3.746550 0 10.836600 -2.019060 207.304000 1037.300000 -13 601 1 0 1.000000
-5.916680 -1.255530 0 2.755650 9.467240 214.158000 1037.070000 -13 602 1 0 1.000000
-4.903670 -0.995503 0 -5.971950 2.263930 218.896000 1037.530000 -13 603 1 0 1.000000
-3.895960 -4.654830 0 4.213090 4.254010 207.283000 1037.300000 -13 604 1 0 1.000000
-2.157540 -0.784536 0 1.048670 -8.618290 192.305000 1037.370000 -13 605 1 0 1.000000
-2.782980 -7.519930 0 -13.483500 8.043680 195.734000 1037.470000 -13 606 1 0 1.000000
10.598700 -11.334600 0 10.858600 1.367130 197.667000 1037.210000 -13 607 1 0 1.000000
-1.715240 -11.841900 0 -13.542300 -23.011000 209.160000 1037.410000 -13 608 1 0 1.000000
-18.486600 -10.123200 0 -3.421550 -7.402110 203.817000 1037.450000 -13 609 1 0 1.000000
2.105570 -12.664300 0 -8.482870 15.228400 198.779000 1037.600000 -13 610 1 0 1.000000
-4.555780 17.304400 0 14.861800 7.494980 204.198000 1037.280000 -13 611 1 0 1.000000
-13.045800 -14.100000 0 -11.597600 4.959690 216.027000 1037.500000 -13 612 1 0 1.000000
-5.264870 -9.473170 0 -9.632450 -10.402300 207.509000 1037.450000 -13 613 1 0 1.000000
-14.230700 -11.417800 0 -18.192700 6.032030 202.029000 1037.690000 -13 614 1 0 1.000000
-10.238900 -17.477000 0 10.659200 2.272370 197.293000 1037.460000 -13 615 1 0 1.000000
5.704990 -7.196750 0 -0.068371 7.137990 211.627000 1037.290000 -13 616 1 0 1.000000
-1.301270 -9.874920 0 -3.355640 -2.236510 205.507000 1037.530000 -13 617 1 0 1.000000
-6.976420 -9.914050 0 -10.234000 -15.137700 189.767000 1037.360000 -13 618 1 0 1.000000
11.122000 -6.239920 0 -24.532800 -1.937350 217.747000 1037.300000 -13 619 1 0 1.000000
-7.639710 4.751970 0 4.682760 3.675320 209.649000 1037.530000 -13 620 1 0 1.000000
-6.382680 3.367530 0 -2.798100 -0.958261 207.324000 1037.650000 -13 621 1 0 1.000000
-16.230800 -3.375310 0 -10.165800 2.432730 207.605000 1037.350000 -13 622 1 0 1.000000
-10.347200 -10.702800 0 -15.258500 4.349280 202.350000 1037.250000 -13 623 1 0 1.000000
-3.477940 -6.567580 0 2.786050 6.887160 226.203000 1037.260000 -13 624 1 0 1.000000
-19.251800 -7.962070 0 -0.279852 3.291890 200.113000 1037.550000 -13 625 1 0 1.000000
-10.546500 -6.370380 0 -23.192200 -0.293732 212.171000 1037.530000 -13 626 1 0 1.000000
-9.192970 -9.651580 0 -3.913760 6.650010 212.935000 1037.520000 -13 627 1 0 1.000000
-10.776500 -5.616020 0 -16.606800 -1.775740 196.276000 1037.230000 -13 628 1 0 1.000000
-8.979970 -14.559600 0 -4.702340 3.803080 217.675000 1037.460000 -13 629 1 0 1.000000
-16.696200 -10.437800 0 3.851600 -13.833100 196.531000 1037.330000 -13 630 1 0 1.000000
-7.651300 -15.824500 0 -8.890540 -20.884900 212.587000 1037.470000 -13 631 1 0 1.000000
-18.525900 4.570020 0 5.995300 19.982800 205.343000 1037.260000 -13 632 1 0 1.000000
1.671660 -0.003184 0 16.225700 0.935529 208.440000 1037.410000 -13 633 1 0 1.000000
-4.913590 -8.833440 0 -0.911029 -1.672590 206.953000 1037.450000 -13 634 1 0 1.000000
-6.823320 -5.749400 0 -21.993500 10.907400 199.389000 1037.470000 -13 635 1 0 1.000000
-12.184900 -14.823500 0 -5.696040 -15.906900 209.041000 1037.610000 -13 636 1 0 1.000000
-7.062590 -10.564000 0 -1.860230 -29.248700 198.683000 1037.390000 -13 637 1 0 1.000000
-0.599701 -1.557750 0 17.201000 -9.795840 203.871000 1037.270000 -13 638 1 0 1.000000
9.305900 5.045700 0 -11.446500 5.232170 193.182000 1037.240000 -13 639 1 0 1.000000
-14.832700 -8.794240 0 10.107300 -6.882000 192.365000 1037.210000 -13 640 1 0 1.000000
-8.051700 -2.925990 0 10.364300 -10.740600 200.518000 1037.580000 -13 641 1 0 1.000000
5.824770 -1.244530 0 -10.655300 -3.462850 209.929000 1037.560000 -13 642 1 0 1.000000
-20.261900 -13.298300 0 -23.561200 3.622190 202.859000 1037.500000 -13 643 1 0 1.000000
-8.577960 -1.046020 0 16.764000 -6.639010 200.715000 1037.310000 -13 644 1 0 1.000000
-5.227310 -2.687750 0 7.037330 5.576590 195.469000 1037.630000 -13 645 1 0 1.000000
-6.513050 -3.854890 0 -19.664200 8.953330 186.593000 1037.110000 -13 646 1 0 1.000000
6.280260 -2.955930 0 -7.466440 -3.195600 197.634000 1037.380000 -13 647 1 0 1.000000
-0.904385 2.269220 0 3.906590 -10.188000 208.284000 1037.500000 -13 648 1 0 1.000000
12.282100 -9.052950 0 -20.583700 -10.949500 216.316000 1037.070000 -13 649 1 0 1.000000
0.558910 -5.402180 0 -24.464500 -4.793750 187.960000 1037.280000 -13 650 1 0 1.000000
-15.214400 -17.002900 0 8.103230 8.340090 204.453000 1037.310000 -13 651 1 0 1.000000
-10.166200 -8.163790 0 -16.065900 30.971400 187.992000 1037.080000 -13 652 1 0 1.000000
-0.713009 -4.078000 0 -17.865700 -4.659190 187.291000 1037.360000 -13 653 1 0 1.000000
-2.993940 -13.067600 0 -1.430350 -1.781150 200.973000 1037.450000 -13 654 1 0 1.000000
0.540361 -10.504600 0 24.664000 11.550100 186.789000 1037.250000 -13 655 1 0 1.000000
-1.587600 -3.802080 0 5.660830 15.149100 208.971000 1037.620000 -13 656 1 0 1.000000
-13.040400 0.429980 0 22.648300 -5.142330 203.624000 1037.290000 -13 657 1 0 1.000000
-4.942550 -11.831400 0 -9.773250 -0.032109 207.441000 1037.510000 -13 658 1 0 1.000000
-4.327220 -5.859670 0 6.956660 12.269700 206.903000 1037.610000 -13 659 1 0 1.000000
-3.517190 5.316910 0 -4.616480 3.764590 182.984000 1037.210000 -13 660 1 0 1.000000
-0.533920 7.771610 0 4.817830 -0.457642 197.068000 1037.530000 -13 661 1 0 1.000000
0.343037 -2.997000 0 -15.525300 9.248250 195.817000 1037.640000 -13 662 1 0 1.000000
-5.538430 -18.653900 0 -20.158400 14.104800 200.773000 1037.270000 -13 663 1 0 1.000000
-27.566200 -16.576700 0 -32.879300 -7.597580 206.958000 1037.470000 -13 664 1 0 1.000000
18.552600 5.731760 0 -31.032100 9.338050 225.728000 1037.100000 -13 665 1 0 1.000000
-13.171200 -3.297510 0 14.415700 -0.952941 212.839000 1037.520000 -13 666 1 0 1.000000
-28.058600 -8.449400 0 5.370070 -3.431780 198.144000 1037.570000 -13 667 1 0 1.000000
-2.110980 -0.902905 0 -0.864616 12.996200 201.610000 1037.300000 -13 668 1 0 1.000000
-7.510250 -10.996800 0 -5.951680 13.808300 203.745000 1037.520000 -13 669 1 0 1.000000
-7.659380 -9.280100 0 2.996390 7.364570 217.643000 1037.400000 -13 670 1 0 1.000000
-5.661050 -3.186630 0 8.634080 -3.367780 214.297000 1037.480000 -13 671 1 0 1.000000
-3.174120 -20.183200 0 1.732960 -6.102530 216.316000 1037.380000 -13 672 1 0 1.000000
-11.386700 -9.446810 0 -8.281120 33.338100 208.255000 1037.340000 -13 673 1 0 1.000000
-6.174330 7.827620 0 6.631200 -2.748570 210.796000 1037.470000 -13 674 1 0 1.000000
-6.151130 5.731750 0 -8.806740 2.701720 192.882000 1037.430000 -13 675 1 0 1.000000
-7.696990 -3.590680 0 2.098420 -11.146000 199.351000 1037.540000 -13 676 1 0 1.000000
2.536530 -22.021500 0 -6.383670 3.755480 207.316000 1037.040000 -13 677 1 0 1.000000
-17.732400 -10.973800 0 6.560910 17.873800 204.801000 1037.250000 -13 678 1 0 1.000000
-18.008100 -4.559160 0 4.461620 1.921080 199.388000 1037.450000 -13 679 1 0 1.000000
2.382130 -1.728980 0 -10.642900 -21.658000 212.048000 1037.580000 -13 680 1 0 1.000000
-8.321970 -4.295140 0 12.065600 18.579900 208.218000 1037.350000 -13 681 1 0 1.000000
-20.287400 6.059260 0 -21.324900 -6.295780 208.542000 1037.650000 -13 682 1 0 1.000000
-4.542120 -9.966520 0 4.895670 -6.818630 196.188000 1037.360000 -13 683 1 0 1.000000
-8.750070 -1.650340 0 12.246500 5.214260 212.711000 1037.220000 -13 684 1 0 1.000000
2.135900 -5.128680 0 -0.478392 -13.413300 203.001000 1037.410000 -13 685 1 0 1.000000
-8.622970 -6.628720 0 23.468400 -9.108560 212.083000 1037.400000 -13 686 1 0 1.000000
-6.112580 -2.631730 0 -15.265900 1.424540 220.289000 1037.350000 -13 687 1 0 1.000000
-26.309000 -10.504900 0 -0.067496 19.058300 209.571000 1037.310000 -13 688 1 0 1.000000
2.209040 -9.763920 0 10.454700 -15.258600 194.918000 1037.300000 -13 689 1 0 1.000000
-10.961600 -10.402400 0 -19.416300 15.437100 206.557000 1037.330000 -13 690 1 0 1.000000
-4.200880 -28.737100 0 10.535800 -9.583630 218.083000 1037.580000 -13 691 1 0 1.000000
17.512800 -10.885200 0 -14.886600 2.131640 220.486000 1037.190000 -13 692 1 0 1.000000
-18.491300 6.167330 0 3.597650 10.632200 222.261000 1037.500000 -13 693 1 0 1.000000
-10.931600 -16.964000 0 8.857380 -12.772500 197.476000 1037.260000 -13 694 1 0 1.000000
9.474420 -7.954820 0 -4.606670 -12.434900 218.871000 1037.450000 -13 695 1 0 1.000000
8.588100 -5.337990 0 -9.859350 -2.445850 214.577000 1037.450000 -13 696 1 0 1.000000
-16.675100 -3.749040 0 -0.884922 -7.221240 208.520000 1037.770000 -13 697 1 0 1.000000
-0.711976 5.337390 0 -1.002220 7.318140 205.296000 1037.370000 -13 698 1 0 1.000000
-9.335970 -3.838110 0 -4.876400 -5.556990 206.158000 1037.250000 -13 699 1 0 1.000000
-23.806100 -5.796610 0 -13.852600 19.142200 199.583000 1037.560000 -13 700 1 0 1.000000
-1.352610 -19.858700 0 -9.517940 -12.225400 195.938000 1037.300000 -13 701 1 0 1.000000
2.363970 -13.108700 0 11.584700 -6.365250 203.880000 1037.610000 -13 702 1 0 1.000000
-6.083450 -10.377500 0 -1.920570 2.629260 194.337000 1037.420000 -13 703 1 0 1.000000
-0.828929 -16.512300 0 0.695367 3.473170 211.703000 1037.550000 -13 704 1 0 1.000000
-18.188300 8.993860 0 -6.351540 8.912070 201.789000 1037.500000 -13 705 1 0 1.000000
-12.069600 -5.964850 0 7.631530 -14.211100 218.361000 1037.310000 -13 706 1 0 1.000000
-5.816760 -5.979610 0 11.649800 12.382100 186.915000 1037.030000 -13 707 1 0 1.000000
-3.474990 -2.625400 0 -3.492180 -1.246210 182.854000 1037.440000 -13 708 1 0 1.000000
3.903470 -6.300020 0 4.257610 14.618500 187.210000 1037.390000 -13 709 1 0 1.000000
-10.067600 -11.616600 0 -32.436800 -10.501800 204.639000 1037.310000 -13 710 1 0 1.000000
-11.724000 -0.971603 0 3.515380 -2.914570 194.877000 1037.560000 -13 711 1 0 1.000000
-13.241200 -1.987360 0 -0.390537 15.363700 214.599000 1037.330000 -13 712 1 0 1.000000
-23.425000 -10.077800 0 -12.747200 6.754430 210.938000 1037.470000 -13 713 1 0 1.000000
-2.125010 -15.305100 0 -5.319790 16.982400 216.497000 1037.300000 -13 714 1 0 1.000000
-15.542400 -4.454000 0 -11.657800 -1.545530 191.566000 1037.170000 -13 715 1 0 1.000000
-2.182230 -4.401530 0 -23.075600 -19.793400 215.255000 1037.330000 -13 716 1 0 1.000000
-4.643530 -12.363200 0 11.132300 18.631300 193.419000 1037.300000 -13 717 1 0 1.000000
2.568710 -4.393630 0 -10.387100 -1.478950 208.551000 1037.430000 -13 718 1 0 1.000000
6.832540 -5.502460 0 11.431800 -8.675040 177.209000 1037.420000 -13 719 1 0 1.000000
-3.931030 -13.087400 0 6.673130 16.364200 203.091000 1037.570000 -13 720 1 0 1.000000
-4.555620 2.746810 0 1.056400 32.392300 193.185000 1037.460000 -13 721 1 0 1.000000
-8.516480 1.347470 0 -12.399400 4.898160 200.166000 1037.160000 -13 722 1 0 1.000000
0.884918 -0.371893 0 0.185681 -6.029470 186.583000 1037.480000 -13 723 1 0 1.000000
-3.055460 14.599400 0 0.927577 -21.006100 241.396000 1037.350000 -13 724 1 0 1.000000
-4.992180 5.192190 0 -2.810220 -10.994200 198.793000 1037.420000 -13 725 1 0 1.000000
-11.009800 -8.858680 0 -2.009400 10.818000 199.824000 1037.330000 -13 726 1 0 1.000000
-14.455100 -7.502740 0 28.005900 14.580400 200.019000 1037.310000 -13 727 1 0 1.000000
-9.741140 -6.626950 0 26.579700 -11.580000 214.198000 1037.420000 -13 728 1 0 1.000000
-15.507500 -6.783510 0 11.482300 12.882400 190.823000 1037.520000 -13 729 1 0 1.000000
-5.303030 9.558960 0 5.259810 -13.457300 203.564000 1037.180000 -13 730 1 0 1.000000
-20.992900 -3.760220 0 -5.392030 58.533000 216.487000 1037.220000 -13 731 1 0 1.000000
-1.176300 -14.279400 0 2.191440 1.675200 186.884000 1037.240000 -13 732 1 0 1.000000
-23.240600 -6.876850 0 3.955630 0.224731 209.565000 1037.460000 -13 733 1 0 1.000000
-2.099090 14.927400 0 -0.962322 -30.873000 198.363000 1037.420000 -13 734 1 0 1.000000
0.399716 14.098400 0 1.339080 -15.003800 202.539000 1037.150000 -13 735 1 0 1.000000
4.544080 -3.935830 0 17.038100 -2.937990 211.427000 1037.130000 -13 736 1 0 1.000000
-11.026400 -6.202760 0 -3.970920 -12.522200 188.489000 1037.570000 -13 737 1 0 1.000000
-3.260830 -10.957900 0 6.724530 31.090000 195.776000 1037.330000 -13 738 1 0 1.000000
6.297810 4.488250 0 -1.525560 21.879900 209.142000 1037.120000 -13 739 1 0 1.000000
-9.867190 -0.914556 0 4.157940 5.435690 197.293000 1037.310000 -13 740 1 0 1.000000
-0.482464 -12.873000 0 0.974788 5.465790 212.199000 1037.530000 -13 741 1 0 1.000000
-1.143810 -10.400500 0 -11.953800 2.151800 205.246000 1037.450000 -13 742 1 0 1.000000
-13.427500 -1.917250 0 14.819100 -11.209900 193.705000 1037.190000 -13 743 1 0 1.000000
2.414920 -7.416010 0 3.972360 1.525630 188.799000 1037.360000 -13 744 1 0 1.000000
-15.511900 -17.810700 0 -15.042400 36.496800 215.312000 1037.450000 -13 745 1 0 1.000000
-16.235600 2.734620 0 -8.100590 5.322460 200.109000 1037.170000 -13 746 1 0 1.000000
4.061020 -10.774900 0 0.888748 -12.665900 197.690000 1037.490000 -13 747 1 0 1.000000
-11.367800 -25.399700 0 -6.218610 2.461410 205.865000 1037.650000 -13 748 1 0 1.000000
-6.038230 -6.199750 0 11.575700 -33.736400 197.159000 1037.350000 -13 749 1 0 1.000000
-11.342000 2.181510 0 8.519010 4.199190 187.985000 1037.180000 -13 750 1 0 1.000000
-0.239024 -7.365430 0 -7.987050 -7.681860 210.065000 1037.440000 -13 751 1 0 1.000000
-13.344700 -13.229000 0 0.979202 -22.232700 199.205000 1037.180000 -13 752 1 0 1.000000
-13.292500 -3.455870 0 -2.833460 16.641200 209.460000 1037.480000 -13 753 1 0 1.000000
-10.296200 2.272240 0 5.448890 -2.464530 212.172000 1037.350000 -13 754 1 0 1.000000
-2.732180 -5.428490 0 3.077360 1.731470 194.598000 1037.490000 -13 755 1 0 1.000000
-12.831200 1.629800 0 -6.800470 -1.979510 206.130000 1037.060000 -13 756 1 0 1.000000
-5.662780 -6.335310 0 9.998130 19.761400 201.436000 1037.270000 -13 757 1 0 1.000000
-11.484400 -12.659300 0 -4.108600 9.949510 201.815000 1037.510000 -13 758 1 0 1.000000
-8.278730 -12.171900 0 -0.199398 -6.447230 204.506000 1037.480000 -13 759 1 0 1.000000
-8.875220 -10.601000 0 5.541410 -2.331780 197.157000 1037.610000 -13 760 1 0 1.000000
-5.203480 -20.043000 0 -15.341200 -8.315470 190.202000 1037.300000 -13 761 1 0 1.000000
-10.443100 2.271420 0 22.773500 -20.812500 192.232000 1037.300000 -13 762 1 0 1.000000
-6.170760 -15.232200 0 -8.591100 -9.418080 209.709000 1037.470000 -13 763 1 0 1.000000
-20.091600 4.516480 0 -24.270900 7.729220 194.658000 1037.260000 -13 764 1 0 1.000000
3.906120 -2.533610 0 9.941170 10.839800 192.775000 1037.430000 -13 765 1 0 1.000000
-5.690310 5.150620 0 24.585700 -10.938100 214.163000 1037.290000 -13 766 1 0 1.000000
5.417600 -3.444290 0 8.709130 -9.509860 200.848000 1037.570000 -13 767 1 0 1.000000
-19.825300 -5.502550 0 6.758360 -6.502150 211.647000 1037.450000 -13 768 1 0 1.000000
-15.688000 -7.693960 0 13.189000 11.127700 209.588000 1037.470000 -13 769 1 0 1.000000
-11.441600 -5.683090 0 11.669800 14.916300 196.644000 1037.320000 -13 770 1 0 1.000000
-17.123700 -8.452120 0 21.057000 7.662340 203.666000 1037.400000 -13 771 1 0 1.000000
-10.852300 3.795200 0 2.793980 17.023000 211.519000 1037.160000 -13 772 1 0 1.000000
-11.624200 -10.516100 0 2.428210 -11.088900 208.498000 1037.610000 -13 773 1 0 1.000000
-10.682600 -9.348970 0 -9.357190 3.036530 203.390000 1037.300000 -13 774 1 0 1.000000
-0.931704 -13.719000 0 -7.911410 -14.254500 210.968000 1037.500000 -13 775 1 0 1.000000
-3.978110 8.191840 0 13.862600 8.379460 213.964000 1037.250000 -13 776 1 0 1.000000
-10.502400 4.433320 0 -12.140400 -5.757300 193.934000 1037.530000 -13 777 1 0 1.000000
10.723900 -4.829330 0 -7.705370 1.580150 204.235000 1037.530000 -13 778 1 0 1.000000
-10.869300 -4.662690 0 -28.064900 24.940600 200.330000 1037.430000 -13 779 1 0 1.000000
3.497540 -10.214300 0 -12.094700 11.004000 207.260000 1037.140000 -13 780 1 0 1.000000
8.693610 -9.467490 0 -17.940600 8.978510 201.105000 1037.490000 -13 781 1 0 1.000000
-2.835890 -12.319300 0 32.225400 -18.496600 195.206000 1037.090000 -13 782 1 0 1.000000
-21.174000 -15.112400 0 3.384210 -13.613700 201.097000 1037.100000 -13 783 1 0 1.000000
-11.287700 -8.405560 0 10.678600 2.165230 197.866000 1037.430000 -13 784 1 0 1.000000
-1.519770 -18.826700 0 -23.351600 9.699050 200.963000 1037.280000 -13 785 1 0 1.000000
-3.209480 -6.712200 0 -16.168600 -11.650800 196.506000 1037.510000 -13 786 1 0 1.000000
-6.192100 -6.647220 0 -6.068260 -11.183600 209.036000 1037.440000 -13 787 1 0 1.000000
-0.227422 -6.473460 0 6.990500 -8.512780 207.247000 1037.570000 -13 788 1 0 1.000000
14.529000 -8.543570 0 10.568200 4.219960 203.373000 1037.250000 -13 789 1 0 1.000000
-15.323600 -10.819100 0 -6.193540 6.208650 202.543000 1037.460000 -13 790 1 0 1.000000
-4.527540 -5.791730 0 14.925400 6.411730 199.121000 1037.570000 -13 791 1 0 1.000000
-8.122150 -10.187100 0 20.232400 0.457683 195.984000 1037.510000 -13 792 1 0 1.000000
-14.124800 -10.845200 0 -10.319900 -1.622650 211.282000 1037.150000 -13 793 1 0 1.000000
-15.600700 -15.410600 0 15.915700 -0.262325 210.810000 1037.470000 -13 794 1 0 1.000000
-7.221100 -12.801400 0 8.181010 19.090600 222.487000 1037.370000 -13 795 1 0 1.000000
-7.399210 -9.728080 0 11.306800 19.162100 203.993000 1037.300000 -13 796 1 0 1.000000
-0.713411 2.092790 0 25.804700 -35.901600 212.136000 1037.080000 -13 797 1 0 1.000000
1.944470 -10.948400 0 1.001980 17.530000 191.153000 1037.370000 -13 798 1 0 1.000000
-15.819100 -13.748200 0 17.746400 8.090720 213.905000 1037.490000 -13 799 1 0 1.000000
-8.227010 -9.469980 0 -3.419310 -10.974600 204.740000 1037.430000 -13 800 1 0 1.000000
-3.859250 -12.991600 0 -0.235639 -5.144420 191.746000 1037.380000 -13 801 1 0 1.000000
2.615640 -1.535470 0 -0.900871 -3.203290 216.767000 1037.410000 -13 802 1 0 1.000000
-16.630400 -13.247700 0 -15.948200 -16.789400 227.235000 1037.140000 -13 803 1 0 1.000000
-2.697150 -13.414600 0 -19.452700 1.285330 207.463000 1037.540000 -13 804 1 0 1.000000
-8.218710 -9.496200 0 -20.219100 -7.999230 192.977000 1037.370000 -13 805 1 0 1.000000
-4.131260 -3.606860 0 -1.887950 -13.035400 198.285000 1037.480000 -13 806 1 0 1.000000
-11.398300 0.410442 0 -13.694100 0.671208 204.199000 1037.380000 -13 807 1 0 1.000000
-9.863420 -1.599390 0 9.019170 8.250910 195.702000 1037.270000 -13 808 1 0 1.000000
-14.827200 -12.161600 0 -3.210930 3.269240 195.648000 1037.450000 -13 809 1 0 1.000000
-17.840900 -16.182400 0 -3.006340 19.559300 203.691000 1037.270000 -13 810 1 0 1.000000
-12.742200 -10.753500 0 -1.365600 16.866400 208.461000 1037.310000 -13 811 1 0 1.000000
-3.239740 -10.649300 0 -1.881010 22.848800 213.818000 1037.300000 -13 812 1 0 1.000000
-9.789370 7.620530 0 9.910410 0.557761 189.984000 1037.520000 -13 813 1 0 1.000000
-8.542300 -18.542500 0 1.788950 -12.065500 214.188000 1037.580000 -13 814 1 0 1.000000
-4.895440 -0.023643 0 14.230400 -1.942190 189.533000 1037.020000 -13 815 1 0 1.000000
-8.018220 -1.166670 0 -13.182700 -29.367100 213.963000 1037.370000 -13 816 1 0 1.000000
8.036010 -7.332530 0 3.709210 0.435787 194.420000 1037.540000 -13 817 1 0 1.000000
11.978000 -10.820700 0 -3.528280 -2.129700 195.272000 1037.520000 -13 818 1 0 1.000000
-5.176410 -3.494970 0 -18.657500 -10.410100 196.963000 1037.180000 -13 819 1 0 1.000000
1.674610 3.165400 0 -3.905620 -0.063935 207.277000 1037.660000 -13 820 1 0 1.000000
6.953910 -15.743300 0 0.418521 9.554830 214.841000 1037.650000 -13 821 1 0 1.000000
-10.494900 -6.101800 0 3.877930 -0.239063 207.327000 1037.400000 -13 822 1 0 1.000000
-2.549980 4.044630 0 -9.454770 -12.328600 204.342000 1037.400000 -13 823 1 0 1.000000
-3.107090 -8.312140 0 -29.541500 10.502100 217.683000 1037.390000 -13 824 1 0 1.000000
-2.709070 -12.008200 0 -18.211800 -0.267138 216.283000 1037.500000 -13 825 1 0 1.000000
-9.683600 -1.468010 0 -13.012700 -23.299400 213.446000 1037.440000 -13 826 1 0 1.000000
-1.594280 -8.919540 0 -0.772898 1.136040 203.885000 1037.480000 -13 827 1 0 1.000000
-5.527440 0.101458 0 21.039300 -9.379700 205.058000 1037.430000 -13 828 1 0 1.000000
-11.515400 -19.835000 0 -4.684640 -13.109100 197.018000 1037.460000 -13 829 1 0 1.000000
-0.495932 -4.428420 0 -3.581810 -22.536100 206.652000 1037.460000 -13 830 1 0 1.000000
19.982300 -13.939700 0 -5.514310 -17.788600 204.573000 1037.340000 -13 831 1 0 1.000000
-14.186400 -9.209870 0 1.176490 3.443920 208.128000 1037.350000 -13 832 1 0 1.000000
-9.912440 -3.827270 0 9.031970 0.394730 195.479000 1037.220000 -13 833 1 0 1.000000
-13.349500 -11.482900 0 -8.393420 4.310970 215.262000 1037.490000 -13 834 1 0 1.000000
-7.093820 -14.059900 0 -24.434000 1.428540 206.216000 1037.170000 -13 835 1 0 1.000000
-16.319900 2.082640 0 5.021050 -7.147670 198.484000 1037.570000 -13 836 1 0 1.000000
-4.880850 -16.602000 0 10.600600 19.067300 206.426000 1037.470000 -13 837 1 0 1.000000
-25.023800 15.210300 0 19.720700 -7.202220 205.145000 1037.300000 -13 838 1 0 1.000000
-9.871900 1.001830 0 5.258200 8.661460 207.080000 1037.680000 -13 839 1 0 1.000000
2.546450 -15.184500 0 22.566300 -11.737700 200.849000 1037.480000 -13 840 1 0 1.000000
-4.642070 -4.105570 0 -13.127600 21.426000 208.493000 1037.260000 -13 841 1 0 1.000000
0.474130 -5.201060 0 -19.655200 -30.564300 212.890000 1037.360000 -13 842 1 0 1.000000
16.495700 4.864250 0 0.008125 -4.782730 203.806000 1037.230000 -13 843 1 0 1.000000
11.036100 -16.825900 0 -5.809570 -7.545420 210.175000 1037.350000 -13 844 1 0 1.000000
-13.391000 4.795010 0 -0.054328 -8.448760 200.636000 1037.450000 -13 845 1 0 1.000000
-0.652111 4.160260 0 0.473219 -13.521000 198.048000 1037.530000 -13 846 1 0 1.000000
-5.272050 -3.996340 0 -9.799880 -4.182880 198.339000 1037.350000 -13 847 1 0 1.000000
-8.797390 2.531790 0 -7.108720 9.159260 211.305000 1037.440000 -13 848 1 0 1.000000
-14.017000 0.945970 0 14.136700 3.525070 211.869000 1037.320000 -13 849 1 0 1.000000
-3.213780 -7.232150 0 -6.862190 7.661960 201.391000 1037.460000 -13 850 1 0 1.000000
-12.602600 -11.403500 0 1.041910 13.870700 198.250000 1037.330000 -13 851 1 0 1.000000
3.230970 -8.492700 0 0.899306 3.659330 203.945000 1037.250000 -13 852 1 0 1.000000
-18.570700 -6.840080 0 13.053700 -17.604600 214.034000 1037.660000 -13 853 1 0 1.000000
-2.146880 -1.147530 0 -12.327900 -5.519120 200.682000 1037.550000 -13 854 1 0 1.000000
-3.370550 12.503800 0 18.590600 -16.110800 200.274000 1037.390000 -13 855 1 0 1.000000
-16.780800 -5.386930 0 -0.449637 -7.958090 201.673000 1037.250000 -13 856 1 0 1.000000
-14.246300 -5.461430 0 3.411620 -2.689650 197.732000 1037.440000 -13 857 1 0 1.000000
1.837850 -7.913070 0 -8.980670 -5.934510 195.501000 1037.380000 -13 858 1 0 1.000000
0.944829 -11.545300 0 -7.552500 -27.740700 205.976000 1037.120000 -13 859 1 0 1.000000
-3.662990 1.341230 0 -9.146710 6.956770 209.839000 1037.410000 -13 860 1 0 1.000000
-1.147830 0.022878 0 -1.186520 12.107700 198.232000 1037.260000 -13 861 1 0 1.000000
-1.353720 -4.842490 0 -6.897350 1.587590 198.369000 1037.510000 -13 862 1 0 1.000000
-5.677410 -10.059100 0 2.522950 4.182580 194.436000 1037.180000 -13 863 1 0 1.000000
5.581660 -8.861500 0 1.499330 -16.622300 208.589000 1037.460000 -13 864 1 0 1.000000
-15.758100 -12.044700 0 10.218100 13.413400 208.939000 1037.540000 -13 865 1 0 1.000000
1.184670 -28.253300 0 -15.893100 22.180200 201.034000 1037.300000 -13 866 1 0 1.000000
-1.020760 -28.835400 0 -0.508283 -2.600370 206.728000 1037.480000 -13 867 1 0 1.000000
1.000360 -11.350700 0 -3.060660 -9.638320 199.770000 1037.280000 -13 868 1 0 1.000000
9.154330 -21.331600 0 -22.066500 32.022400 208.512000 1037.380000 -13 869 1 0 1.000000
-11.568600 -17.467700 0 -10.233400 5.434560 213.716000 1037.470000 -13 870 1 0 1.000000
3.138930 -6.471370 0 -15.827700 14.335900 199.536000 1037.650000 -13 871 1 0 1.000000
-5.925360 -1.271520 0 9.253750 -10.263300 216.717000 1037.500000 -13 872 1 0 1.000000
-8.372600 -19.628800 0 8.191010 7.564020 204.524000 1037.280000 -13 873 1 0 1.000000
-11.979400 -7.970560 0 -2.171540 20.726600 205.294000 1037.310000 -13 874 1 0 1.000000
-4.208500 -1.416820 0 -9.187120 4.773360 201.383000 1037.410000 -13 875 1 0 1.000000
-5.681380 -11.230500 0 -3.397000 14.938200 194.930000 1037.290000 -13 876 1 0 1.000000
-6.116250 -20.292900 0 11.522100 3.348810 217.067000 1037.480000 -13 877 1 0 1.000000
-19.699800 4.747960 0 10.181400 -2.996800 210.532000 1037.010000 -13 878 1 0 1.000000
7.176320 -1.789790 0 42.759500 16.232600 196.847000 1037.650000 -13 879 1 0 1.000000
-2.801320 -3.845840 0 8.786400 -15.718400 199.152000 1037.420000 -13 880 1 0 1.000000
-15.108500 -17.153700 0 15.375500 5.338120 217.225000 1037.600000 -13 881 1 0 1.000000
10.141800 10.037900 0 -17.223500 -0.556240 207.455000 1037.600000 -13 882 1 0 1.000000
-11.147800 -10.411400 0 9.425480 -7.975100 207.017000 1037.540000 -13 883 1 0 1.000000
4.851660 -5.390970 0 12.735200 -4.906470 203.192000 1037.470000 -13 884 1 0 1.000000
-7.212200 6.508990 0 -12.569900 10.553100 208.586000 1037.530000 -13 885 1 0 1.000000
-15.478100 -17.176200 0 -13.687700 -2.507740 205.145000 1037.510000 -13 886 1 0 1.000000
-21.488100 -3.822770 0 29.915500 0.817719 213.753000 1037.620000 -13 887 1 0 1.000000
-4.755990 -34.392300 0 -21.572200 7.329660 219.260000 1037.120000 -13 888 1 0 1.000000
6.307220 -19.934600 0 -22.397800 9.569470 205.882000 1037.280000 -13 889 1 0 1.000000
-6.895070 -7.739820 0 -10.355800 3.472280 192.953000 1037.350000 -13 890 1 0 1.000000
-20.846800 1.399660 0 -13.323900 15.423000 194.341000 1037.410000 -13 891 1 0 1.000000
-10.365500 -12.031500 0 -29.470800 1.320720 222.118000 1037.290000 -13 892 1 0 1.000000
-6.739630 -12.524500 0 5.791880 6.343830 203.398000 1037.370000 -13 893 1 0 1.000000
-12.015900 12.078800 0 -9.981210 -21.123800 197.124000 1037.510000 -13 894 1 0 1.000000
-5.624600 -10.193600 0 -6.087020 5.969300 204.842000 1037.330000 -13 895 1 0 1.000000
-5.149140 -0.999750 0 -4.885270 17.786200 203.140000 1037.060000 -13 896 1 0 1.000000
0.835752 -3.319850 0 21.025600 23.951600 193.138000 1037.420000 -13 897 1 0 1.000000
-8.095500 -11.996200 0 6.379610 5.719950 211.085000 1037.440000 -13 898 1 0 1.000000
-3.173080 -17.203300 0 -11.671100 -14.666500 213.582000 1037.420000 -13 899 1 0 1.000000
7.447850 -11.309900 0 2.719550 1.060530 196.487000 1037.210000 -13 900 1 0 1.000000
-1.915410 -13.499400 0 0.726902 -9.490920 200.601000 1037.400000 -13 901 1 0 1.000000
-7.540360 -7.484680 0 -2.346390 -4.393570 207.893000 1037.600000 -13 902 1 0 1.000000
-9.770420 0.524659 0 3.226890 -9.841410 205.707000 1037.550000 -13 903 1 0 1.000000
-8.829990 -0.239082 0 5.928270 -3.754930 206.179000 1037.330000 -13 904 1 0 1.000000
-2.489470 -1.569550 0 2.072850 -32.826300 204.326000 1037.360000 -13 905 1 0 1.000000
6.908670 7.453720 0 6.037380 -22.440200 196.179000 1037.340000 -13 906 1 0 1.000000
-8.199560 -16.850900 0 -1.071210 9.594460 205.407000 1037.500000 -13 907 1 0 1.000000
-20.017100 -5.343140 0 33.017500 2.520120 207.185000 1037.420000 -13 908 1 0 1.000000
12.061300 -8.848970 0 4.910650 -11.522300 205.039000 1037.270000 -13 909 1 0 1.000000
-6.803160 -4.454570 0 -4.326480 3.110420 207.376000 1037.420000 -13 910 1 0 1.000000
-27.099400 -8.448160 0 5.725980 4.141270 204.725000 1037.300000 -13 911 1 0 1.000000
-2.332010 -9.807070 0 -30.112200 5.158590 205.325000 1037.080000 -13 912 1 0 1.000000
-3.969830 -20.939100 0 -2.570860 3.524960 198.226000 1037.630000 -13 913 1 0 1.000000
0.369721 -13.274300 0 -0.392539 1.933310 199.881000 1037.250000 -13 914 1 0 1.000000
-15.897000 -24.561400 0 0.544151 3.162520 197.244000 1037.260000 -13 915 1 0 1.000000
-20.615100 -7.151920 0 -8.195190 -7.193120 213.589000 1037.230000 -13 916 1 0 1.000000
-22.379200 -7.893390 0 5.810900 -5.046720 186.420000 1037.240000 -13 917 1 0 1.000000
10.614700 -5.860700 0 -16.267100 -14.207900 185.901000 1037.290000 -13 918 1 0 1.000000
-22.778900 -4.548280 0 5.579090 -4.700130 197.181000 1037.540000 -13 919 1 0 1.000000
2.856050 -7.583760 0 -4.555170 1.914260 198.237000 1037.420000 -13 920 1 0 1.000000
-2.217070 -22.758500 0 1.690370 3.267020 204.555000 1037.540000 -13 921 1 0 1.000000
-2.922820 -10.962100 0 -2.580440 1.716830 188.313000 1037.350000 -13 922 1 0 1.000000
-4.424870 -7.627690 0 -19.818900 -1.750480 207.368000 1037.390000 -13 923 1 0 1.000000
-0.251738 3.631050 0 -11.628600 -25.716400 189.766000 1037.400000 -13 924 1 0 1.000000
-1.439020 -9.722960 0 8.332520 -8.791680 191.984000 1037.200000 -13 925 1 0 1.000000
19.027700 -24.578000 0 22.511900 -23.580900 211.654000 1037.370000 -13 926 1 0 1.000000
0.018140 -10.595100 0 -3.242270 -6.975910 198.063000 1037.440000 -13 927 1 0 1.000000
-4.904320 5.009890 0 -2.486820 -6.068350 196.347000 1037.610000 -13 928 1 0 1.000000
9.409700 -6.818850 0 -3.270590 3.777170 197.204000 1037.670000 -13 929 1 0 1.000000
-13.128400 -16.780800 0 -10.649200 4.820310 210.813000 1037.510000 -13 930 1 0 1.000000
-9.020510 -1.901980 0 2.208220 7.267430 216.281000 1037.510000 -13 931 1 0 1.000000
5.628830 -10.050300 0 12.488400 -16.627900 192.675000 1037.440000 -13 932 1 0 1.000000
3.365680 -6.254340 0 9.604830 -1.353390 191.765000 1037.630000 -13 933 1 0 1.000000
1.620780 -3.963800 0 -0.340069 6.689350 200.474000 1037.440000 -13 934 1 0 1.000000
3.966650 1.140880 0 -2.487860 -3.423240 201.833000 1037.430000 -13 935 1 0 1.000000
-8.190680 -19.808600 0 3.568670 18.827600 206.346000 1037.180000 -13 936 1 0 1.000000
-5.662110 -1.525720 0 -9.680240 -24.839200 208.274000 1037.410000 -13 937 1 0 1.000000
-5.826610 -5.345060 0 -14.897400 -6.199210 200.523000 1037.270000 -13 938 1 0 1.000000
0.828005 -0.492293 0 4.207080 1.409120 187.685000 1037.200000 -13 939 1 0 1.000000
-14.418000 -24.459600 0 -17.187800 -5.964480 204.769000 1037.210000 -13 940 1 0 1.000000
-0.908103 -9.724630 0 -4.165760 16.090200 196.354000 1037.250000 -13 941 1 0 1.000000
-19.277600 0.148307 0 4.780390 1.256500 202.053000 1037.320000 -13 942 1 0 1.000000
0.291545 -4.866560 0 -0.222890 -19.626800 197.001000 1037.580000 -13 943 1 0 1.000000
-1.743180 -9.921660 0 5.739590 2.003090 214.603000 1037.660000 -13 944 1 0 1.000000
-1.022770 -16.666300 0 4.094540 -8.771330 200.010000 1037.450000 -13 945 1 0 1.000000
6.393600 -8.086940 0 -2.233020 -18.155000 205.257000 1037.510000 -13 946 1 0 1.000000
-18.429800 -11.532500 0 -6.776430 11.252400 205.003000 1037.640000 -13 947 1 0 1.000000
-8.682850 5.263830 0 11.061000 -8.229170 209.518000 1037.290000 -13 948 1 0 1.000000
-7.497220 -9.211210 0 1.338260 0.011210 211.764000 1037.420000 -13 949 1 0 1.000000
15.003800 -12.129600 0 -3.623200 -2.552190 195.822000 1037.470000 -13 950 1 0 1.000000
-10.317400 -0.807691 0 2.688450 -26.363900 213.595000 1037.580000 -13 951 1 0 1.000000
4.171350 -4.622560 0 1.499040 -26.854700 206.295000 1037.420000 -13 952 1 0 1.000000
-8.659380 -4.538540 0 3.161540 -16.675700 193.122000 1037.290000 -13 953 1 0 1.000000
-11.237100 -7.400380 0 4.820380 8.959200 198.874000 1037.450000 -13 954 1 0 1.000000
-2.857420 -2.031250 0 -1.333120 -5.928360 201.567000 1037.400000 -13 955 1 0 1.000000
-5.766530 -2.673470 0 -6.243080 -4.722550 199.336000 1037.290000 -13 956 1 0 1.000000
7.965930 -2.768050 0 17.498000 3.661640 195.794000 1037.210000 -13 957 1 0 1.000000
0.792040 -2.286840 0 -4.262930 -3.624280 192.330000 1037.310000 -13 958 1 0 1.000000
-2.967990 -11.354300 0 -4.066520 -1.693270 210.605000 1037.270000 -13 959 1 0 1.000000
-13.379200 1.800130 0 24.058700 7.295730 194.605000 1037.200000 -13 960 1 0 1.000000
-19.933000 -12.537700 0 18.023800 10.590000 209.350000 1037.250000 -13 961 1 0 1.000000
-10.040000 3.387600 0 3.140010 -3.042450 189.097000 1037.530000 -13 962 1 0 1.000000
3.418850 -15.313400 0 6.435750 -3.978020 193.447000 1037.560000 -13 963 1 0 1.000000
-8.792470 -10.541800 0 -1.568980 17.907900 194.645000 1037.220000 -13 964 1 0 1.000000
-7.910700 8.592660 0 11.362000 -12.590100 216.186000 1037.310000 -13 965 1 0 1.000000
-5.022820 -15.163100 0 0.667372 -10.618700 197.083000 1037.490000 -13 966 1 0 1.000000
-3.236110 -1.549620 0 -8.317240 -13.579300 195.727000 1037.250000 -13 967 1 0 1.000000
0.118781 4.532090 0 35.671400 -9.092280 183.955000 1037.960000 -13 968 1 0 1.000000
-8.107290 -21.780200 0 -13.508300 -22.978700 209.163000 1037.380000 -13 969 1 0 1.000000
-27.881600 -0.469466 0 -14.211500 7.711860 195.309000 1037.150000 -13 970 1 0 1.000000
-14.513400 -6.163910 0 -1.350100 -18.440800 210.403000 1037.460000 -13 971 1 0 1.000000
-11.006900 -1.832080 0 35.328900 25.072300 209.678000 1037.720000 -13 972 1 0 1.000000
-12.302300 -11.098400 0 14.591000 -18.490100 205.375000 1037.400000 -13 973 1 0 1.000000
-8.615840 -7.855590 0 30.519300 11.583900 208.910000 1037.430000 -13 974 1 0 1.000000
6.242070 16.030900 0 -1.286210 -20.064300 203.283000 1037.370000 -13 975 1 0 1.000000
10.970900 -9.591140 0 17.352100 4.748460 207.075000 1036.960000 -13 976 1 0 1.000000
20.773600 -22.033100 0 2.077190 0.286265 208.795000 1037.720000 -13 977 1 0 1.000000
-4.705490 -16.751000 0 4.550430 3.279280 210.919000 1037.400000 -13 978 1 0 1.000000
-16.864100 -2.565530 0 10.521200 -7.608750 207.709000 1037.290000 -13 979 1 0 1.000000
-0.750723 -9.835580 0 -8.389440 -7.331000 184.764000 1037.440000 -13 980 1 0 1.000000
-9.783430 -0.011863 0 -8.751630 20.475700 200.474000 1037.520000 -13 981 1 0 1.000000
-5.923610 -6.192390 0 -18.572400 -1.507570 202.249000 1037.280000 -13 982 1 0 1.000000
-7.209790 -7.337510 0 -18.958800 -3.499670 206.804000 1037.190000 -13 983 1 0 1.000000
-12.544900 -12.618500 0 -9.881960 -6.566410 204.519000 1037.410000 -13 984 1 0 1.000000
2.514070 -7.319030 0 3.137570 8.681660 204.515000 1037.270000 -13 985 1 0 1.000000
-4.505080 -12.253100 0 16.758500 -5.967030 200.658000 1037.390000 -13 986 1 0 1.000000
-4.732740 -3.079140 0 2.729620 6.168340 206.071000 1037.210000 -13 987 1 0 1.000000
5.733060 -9.857330 0 3.074320 7.011430 201.695000 1037.400000 -13 988 1 0 1.000000
-7.409040 -0.325430 0 -6.401830 -9.705210 198.109000 1037.500000 -13 989 1 0 1.000000
-0.708284 -5.407790 0 -25.098100 -10.179800 204.273000 1037.330000 -13 990 1 0 1.000000
-16.462400 -16.399700 0 21.132800 0.490245 212.443000 1037.400000 -13 991 1 0 1.000000
-1.876120 -7.292670 0 0.547958 -14.071500 212.020000 1037.470000 -13 992 1 0 1.000000
-1.170860 -5.699660 0 -8.547570 -8.198160 194.174000 1037.550000 -13 993 1 0 1.000000
-3.631460 -15.309400 0 -21.753000 7.888890 190.005000 1037.320000 -13 994 1 0 1.000000
-1.933540 -7.604190 0 -9.596040 11.380500 220.944000 1037.260000 -13 995 1 0 1.000000
-12.693200 -9.105500 0 0.916666 8.713400 197.985000 1037.370000 -13 996 1 0 1.000000
-4.806530 -10.149100 0 8.678580 -4.233640 196.278000 1037.660000 -13 997 1 0 1.000000
9.103140 6.322250 0 -4.633990 9.428690 201.852000 1037.440000 -13 998 1 0 1.000000
-14.552700 -9.945930 0 -4.933120 -17.238800 208.696000 1037.400000 -13 999 1 0 1.000000
-6.676360 -13.694400 0 6.139770 6.139680 199.803000 1037.270000 -13 1000 1 0 1.000000
-8.644310 -2.074350 0 0.916882 6.312510 201.669000 1037.370000 -13 1001 1 0 1.000000
-18.304700 -18.041400 0 -9.995580 -2.656330 199.505000 1037.390000 -13 1002 1 0 1.000000
7.025210 -11.470600 0 -5.864330 -8.045590 194.321000 1037.450000 -13 1003 1 0 1.000000
-16.440700 -9.123420 0 8.910830 -1.598880 199.533000 1037.290000 -13 1004 1 0 1.000000
-5.154730 1.140070 0 -4.642410 -2.718550 203.697000 1037.310000 -13 1005 1 0 1.000000
-7.664710 -6.960090 0 -11.688100 -6.406340 211.106000 1037.380000 -13 1006 1 0 1.000000
-9.936090 0.620153 0 1.581730 -6.980180 206.331000 1037.280000 -13 1007 1 0 1.000000
-17.511300 -0.376098 0 -14.621100 -16.686000 218.290000 1037.550000 -13 1008 1 0 1.000000
-3.916160 -4.309110 0 -8.741330 0.680312 199.745000 1037.510000 -13 1009 1 0 1.000000
-21.931700 -14.896600 0 10.110700 9.665330 214.169000 1037.320000 -13 1010 1 0 1.000000
-0.788830 0.450858 0 -13.745300 17.473400 197.711000 1037.480000 -13 1011 1 0 1.000000
-13.530500 -11.244300 0 15.862400 19.694900 205.988000 1037.410000 -13 1012 1 0 1.000000
-5.555980 -12.660700 0 -5.834270 -13.277000 198.248000 1037.470000 -13 1013 1 0 1.000000
-19.206400 -10.036600 0 18.540900 6.941330 218.850000 1037.210000 -13 1014 1 0 1.000000
-12.469300 -16.690400 0 -13.581500 -23.993000 207.730000 1037.210000 -13 1015 1 0 1.000000
-9.967090 4.280820 0 -18.752100 6.666960 204.331000 1037.480000 -13 1016 1 0 1.000000
-9.145490 -3.091470 0 -3.373820 -20.683200 199.167000 1037.470000 -13 1017 1 0 1.000000
-1.277840 -14.780100 0 5.527560 4.725400 200.202000 1037.370000 -13 1018 1 0 1.000000
-14.433200 10.235200 0 30.237800 -12.714100 200.048000 1037.370000 -13 1019 1 0 1.000000
-11.735300 -5.798710 0 -1.361950 22.699500 205.293000 1037.540000 -13 1020 1 0 1.000000
-18.043800 4.149010 0 25.375800 -3.269690 216.054000 1037.400000 -13 1021 1 0 1.000000
9.064080 -15.515500 0 -5.920220 -7.360570 205.499000 1037.590000 -13 1022 1 0 1.000000
-0.983108 -17.621600 0 -12.462500 -10.629900 204.867000 1037.330000 -13 1023 1 0 1.000000
-5.055200 -1.260130 0 15.879200 -7.171270 205.567000 1037.710000 -13 1024 1 0 1.000000
-12.413200 -12.537700 0 1.587120 5.375190 211.785000 1037.600000 -13 1025 1 0 1.000000
1.194480 -3.088500 0 7.917180 7.349620 201.299000 1037.620000 -13 1026 1 0 1.000000
-15.847400 1.220380 0 8.743650 -15.890600 200.977000 1037.600000 -13 1027 1 0 1.000000
-3.175630 -8.116770 0 1.327100 -4.574950 198.636000 1037.170000 -13 1028 1 0 1.000000
3.145040 -2.137780 0 -11.117900 -10.902300 196.006000 1037.280000 -13 1029 1 0 1.000000
-5.959980 -8.287110 0 -8.220800 5.702010 216.745000 1037.290000 -13 1030 1 0 1.000000
-12.391500 -14.756500 0 -4.282170 8.468370 209.259000 1037.280000 -13 1031 1 0 1.000000
1.113180 3.203340 0 13.305300 -4.832380 200.334000 1037.380000 -13 1032 1 0 1.000000
3.737290 -0.089128 0 -8.832180 6.095270 211.475000 1037.350000 -13 1033 1 0 1.000000
-2.235260 4.150500 0 -2.162830 -11.150000 209.701000 1037.310000 -13 1034 1 0 1.000000
-0.306902 -6.953540 0 -7.520630 1.047750 206.384000 1037.330000 -13 1035 1 0 1.000000
-4.803930 -6.851830 0 -9.275630 -7.968540 205.589000 1037.280000 -13 1036 1 0 1.000000
-9.635070 -10.268100 0 -12.394500 -2.662040 213.774000 1037.110000 -13 1037 1 0 1.000000
-6.585840 2.845070 0 -3.223850 -13.709400 204.996000 1037.550000 -13 1038 1 0 1.000000
0.520536 -4.292260 0 5.246780 -23.327700 203.950000 1037.370000 -13 1039 1 0 1.000000
-15.458600 -21.512300 0 4.066600 19.705500 212.534000 1037.490000 -13 1040 1 0 1.000000
-4.050240 -8.326190 0 2.572810 0.386597 184.311000 1037.300000 -13 1041 1 0 1.000000
-28.457300 -9.582690 0 4.399990 -2.459870 201.808000 1037.540000 -13 1042 1 0 1.000000
-12.523900 -8.585920 0 27.784700 16.867200 194.927000 1037.290000 -13 1043 1 0 1.000000
10.366600 -14.883200 0 -4.326650 -0.867485 206.623000 1037.130000 -13 1044 1 0 1.000000
3.623230 -2.215540 0 -3.570180 8.798870 225.017000 1037.370000 -13 1045 1 0 1.000000
-11.749400 -1.567170 0 16.144800 1.859740 210.464000 1037.280000 -13 1046 1 0 1.000000
-17.990800 -7.806560 0 -0.448904 22.355300 214.751000 1037.390000 -13 1047 1 0 1.000000
-1.308160 5.077670 0 -22.485700 -17.559100 187.898000 1037.380000 -13 1048 1 0 1.000000
-5.340930 -14.285100 0 1.126370 -6.779090 211.235000 1037.340000 -13 1049 1 0 1.000000
-2.192120 -14.795000 0 14.083700 27.703900 205.077000 1037.650000 -13 1050 1 0 1.000000
-6.555740 6.129970 0 20.058300 -7.996880 204.944000 1037.590000 -13 1051 1 0 1.000000
-11.772700 -12.254100 0 -23.612800 -7.544670 198.092000 1037.360000 -13 1052 1 0 1.000000
-0.995002 -3.048440 0 5.499950 11.155500 204.359000 1037.340000 -13 1053 1 0 1.000000
-5.624470 3.457440 0 18.744300 -7.759210 214.125000 1037.260000 -13 1054 1 0 1.000000
-8.217130 3.560480 0 -2.716930 3.768960 195.944000 1037.490000 -13 1055 1 0 1.000000
0.227703 -6.017580 0 -12.572800 -10.191200 200.827000 1037.580000 -13 1056 1 0 1.000000
-6.785650 -1.800760 0 4.507680 3.564110 214.453000 1037.460000 -13 1057 1 0 1.000000
-4.961340 0.927241 0 -1.341220 -16.779200 211.630000 1037.410000 -13 1058 1 0 1.000000
2.273400 -13.999900 0 -2.270050 0.079858 206.743000 1037.560000 -13 1059 1 0 1.000000
-6.127880 -8.539910 0 -16.101900 -11.323600 213.482000 1037.410000 -13 1060 1 0 1.000000
0.317741 -6.594090 0 31.487600 14.517800 195.637000 1037.470000 -13 1061 1 0 1.000000
3.988160 -9.133060 0 -14.960400 17.166200 196.674000 1037.380000 -13 1062 1 0 1.000000
-2.152500 -9.840040 0 -0.323492 -6.975710 187.732000 1037.400000 -13 1063 1 0 1.000000
-0.127932 -16.515500 0 -13.014700 -20.668700 198.852000 1037.060000 -13 1064 1 0 1.000000
-11.218300 -5.007840 0 2.572660 1.402550 210.621000 1037.390000 -13 1065 1 0 1.000000
-8.891480 -10.750800 0 -5.370890 -13.462300 199.832000 1037.630000 -13 1066 1 0 1.000000
3.462960 -18.882900 0 -11.874700 13.345200 208.734000 1037.190000 -13 1067 1 0 1.000000
-16.348900 9.205060 0 24.207400 5.236460 222.668000 1037.430000 -13 1068 1 0 1.000000
3.404160 -6.890460 0 15.614800 -1.353160 201.037000 1037.460000 -13 1069 1 0 1.000000
-8.331380 -15.652400 0 -15.351900 -2.734800 202.983000 1037.290000 -13 1070 1 0 1.000000
5.044360 -5.320230 0 -6.560590 12.201000 198.125000 1037.500000 -13 1071 1 0 1.000000
-6.186910 -9.363070 0 -18.417200 5.576660 214.597000 1037.400000 -13 1072 1 0 1.000000
-12.951400 -14.098000 0 7.071640 1.501590 208.820000 1037.420000 -13 1073 1 0 1.000000
-13.175700 -3.174090 0 -2.264810 -6.384940 192.820000 1037.350000 -13 1074 1 0 1.000000
-10.512000 -17.429700 0 2.976150 9.216120 208.046000 1037.520000 -13 1075 1 0 1.000000
-17.138800 -28.855500 0 -20.696400 2.161120 211.757000 1037.220000 -13 1076 1 0 1.000000
-7.028910 -8.510920 0 1.607110 -3.155850 204.576000 1037.460000 -13 1077 1 0 1.000000
2.872600 -13.294700 0 5.081800 -1.362370 206.669000 1037.520000 -13 1078 1 0 1.000000
-19.621700 -8.033400 0 6.573180 9.660220 193.488000 1037.330000 -13 1079 1 0 1.000000
-10.984100 -16.974200 0 -3.020260 -6.445520 208.397000 1037.530000 -13 1080 1 0 1.000000
-13.912400 -12.438900 0 15.594600 -1.059310 206.536000 1037.410000 -13 1081 1 0 1.000000
-5.735220 3.453190 0 -14.698800 -16.494100 201.539000 1037.390000 -13 1082 1 0 1.000000
1.571670 -4.725550 0 6.879600 -1.857680 196.330000 1037.400000 -13 1083 1 0 1.000000
-3.076860 5.315690 0 7.437090 -2.634400 207.404000 1037.400000 -13 1084 1 0 1.000000
-0.919489 -12.373800 0 21.919800 3.706790 204.502000 1037.510000 -13 1085 1 0 1.000000
-11.157100 -2.281930 0 10.944800 7.349950 219.456000 1037.380000 -13 1086 1 0 1.000000
-14.633000 -7.641780 0 9.310520 -0.020667 204.629000 1037.360000 -13 1087 1 0 1.000000
7.318930 -6.571190 0 -0.125621 -12.669600 192.491000 1037.430000 -13 1088 1 0 1.000000
2.003110 -4.378340 0 8.619440 10.185700 192.622000 1037.340000 -13 1089 1 0 1.000000
2.191050 9.124920 0 12.767000 0.163903 200.788000 1037.050000 -13 1090 1 0 1.000000
-11.735700 13.852900 0 5.525940 -9.137100 212.233000 1037.450000 -13 1091 1 0 1.000000
6.066290 -15.669700 0 -7.540440 12.826400 209.388000 1037.520000 -13 1092 1 0 1.000000
-19.856700 -16.027500 0 -6.309970 -21.990700 203.444000 1037.410000 -13 1093 1 0 1.000000
-0.447658 -8.123020 0 -8.346020 -1.952890 199.008000 1037.490000 -13 1094 1 0 1.000000
-2.517970 -2.137530 0 20.188800 9.125250 208.448000 1037.390000 -13 1095 1 0 1.000000
-18.646000 1.352220 0 -0.380247 5.123020 202.593000 1037.460000 -13 1096 1 0 1.000000
-4.118790 -11.082000 0 -14.805800 9.336820 217.368000 1037.510000 -13 1097 1 0 1.000000
-10.993700 -3.183040 0 -12.075800 1.808360 197.597000 1037.470000 -13 1098 1 0 1.000000
-15.245300 -7.115300 0 -1.595270 -5.862320 208.222000 1037.350000 -13 1099 1 0 1.000000
-10.179100 -8.898960 0 -10.158400 -11.637100 196.743000 1037.530000 -13 1100 1 0 1.000000
0.917722 -3.399870 0 1.806640 -1.986020 209.902000 1037.450000 -13 1101 1 0 1.000000
3.978380 -1.380980 0 -18.788100 -11.880000 201.762000 1037.370000 -13 1102 1 0 1.000000
-2.909600 5.085320 0 -3.312850 3.130710 200.689000 1037.420000 -13 1103 1 0 1.000000
-7.897250 9.800920 0 16.779600 37.686700 200.117000 1037.600000 -13 1104 1 0 1.000000
-19.878000 -0.785818 0 -0.325775 -8.118160 222.882000 1037.460000 -13 1105 1 0 1.000000
-6.737480 -18.845900 0 -30.546600 -2.353820 211.177000 1037.230000 -13 1106 1 0 1.000000
7.697640 -12.924300 0 6.911240 -10.142500 203.171000 1037.470000 -13 1107 1 0 1.000000
-11.089400 -8.748500 0 26.594900 3.939300 208.971000 1037.580000 -13 1108 1 0 1.000000
-0.065937 -4.390420 0 -25.764700 11.338500 216.223000 1037.250000 -13 1109 1 0 1.000000
-21.668900 -18.855500 0 0.558857 -11.177100 201.629000 1037.540000 -13 1110 1 0 1.000000
-4.443770 -9.456520 0 11.858000 0.467480 200.794000 1037.590000 -13 1111 1 0 1.000000
-2.661500 -7.117310 0 18.153700 -16.115100 212.086000 1037.390000 -13 1112 1 0 1.000000
1.981330 -6.817930 0 14.832300 1.282780 198.919000 1037.690000 -13 1113 1 0 1.000000
-6.646330 -3.349340 0 -4.345380 6.980210 213.013000 1037.500000 -13 1114 1 0 1.000000
-5.771900 -7.467780 0 -2.579260 -17.065700 212.562000 1037.420000 -13 1115 1 0 1.000000
7.687040 -15.490400 0 -15.263600 -4.729240 199.721000 1037.310000 -13 1116 1 0 1.000000
15.613100 -12.991600 0 -28.725300 -1.585970 199.840000 1037.290000 -13 1117 1 0 1.000000
-19.547600 -6.717060 0 12.383200 3.350830 197.923000 1037.290000 -13 1118 1 0 1.000000
-4.092120 -2.144140 0 1.471740 6.912250 201.601000 1037.430000 -13 1119 1 0 1.000000
6.881760 -1.242800 0 2.148480 -5.322360 202.365000 1037.350000 -13 1120 1 0 1.000000
-12.624900 -9.700940 0 -4.237070 -19.441300 207.597000 1037.300000 -13 1121 1 0 1.000000
-2.032040 -5.227030 0 -7.503020 11.534600 209.804000 1037.290000 -13 1122 1 0 1.000000
