#BLTrackFile VirtualDetector/beamDet
#x y z Px Py Pz t PDGid EventID TrackID ParentID Weight
#mm mm mm MeV/c MeV/c MeV/c ns - - - - -
-15.7857 -19.2507 76260 -11.5744 -24.3564 221.854 1065.41 -13 2 1 0 1
9.30563 -5.07166 76260 1.69395 -6.62978 226.042 1065.35 -13 3 1 0 1
-28.0891 16.2209 76260 -47.083 -8.9058 204.819 1065.66 -13 5 1 0 1
2.62821 -15.1543 76260 2.81483 -9.14511 231.977 1065.46 -13 6 1 0 1
-11.71 27.9976 76260 -49.8798 21.5124 219.026 1065.34 -13 7 1 0 1
-8.91744 6.72137 76260 -14.7504 -2.57855 216.771 1065.38 -13 8 1 0 1
11.4688 -5.85753 76260 -3.46291 11.3107 206.261 1065.37 -13 9 1 0 1
-12.4464 4.0605 76260 -24.7511 1.738 219.97 1065.61 -13 10 1 0 1
-27.2502 23.2803 76260 -36.087 -9.89044 190.625 1065.72 -13 11 1 0 1
-10.0436 -6.92897 76260 -7.53805 -22.0878 206.356 1065.51 -13 12 1 0 1
-0.973394 10.177 76260 -11.5266 12.9817 209.596 1065.62 -13 15 1 0 1
22.4094 8.61676 76260 5.54505 33.4449 212.623 1065.69 -13 16 1 0 1
13.4205 -18.2364 76260 41.6101 -13.0636 220.527 1065.5 -13 17 1 0 1
-13.6842 22.3004 76260 -43.3673 9.43425 215.377 1065.55 -13 18 1 0 1
-15.7016 8.15873 76260 -19.6408 -6.99173 201.01 1065.55 -13 19 1 0 1
-3.55491 22.6426 76260 -29.1627 15.9678 209.719 1065.57 -13 20 1 0 1
-3.05371 9.90655 76260 -28.2461 5.47513 211.48 1065.22 -13 21 1 0 1
5.88319 26.4829 76260 -21.1914 28.8147 213.694 1065.61 -13 22 1 0 1
-3.66094 -1.99609 76260 -6.71946 -4.46187 199.626 1065.47 -13 23 1 0 1
-15.3924 7.767 76260 -35.1939 10.4494 215.293 1065.44 -13 24 1 0 1
-4.57 -7.28426 76260 -0.778782 -12.3016 218.511 1065.46 -13 25 1 0 1
-6.41044 38.9253 76260 -46.9862 46.8463 216.226 1065.65 -13 26 1 0 1
-20.2568 -10.5664 76260 -24.7492 -26.3012 217.92 1065.76 -13 27 1 0 1
4.9651 22.7174 76260 -21.7689 40.3422 205.772 1065.59 -13 28 1 0 1
-6.90123 10.3635 76260 -17.9652 12.3684 217.524 1065.55 -13 29 1 0 1
5.35412 -4.45837 76260 11.6883 2.92384 223.078 1065.42 -13 31 1 0 1
-8.13636 20.5308 76260 -28.1373 8.40944 201.101 1065.6 -13 32 1 0 1
-12.8605 10.3213 76260 -27.0492 3.96508 205.249 1065.59 -13 33 1 0 1
22.1561 -1.79443 76260 8.6147 12.7213 219.45 1065.72 -13 34 1 0 1
25.4501 20.2848 76260 5.78084 30.5171 200.52 1065.57 -13 35 1 0 1
-23.2402 14.6258 76260 -30.345 -7.00889 207.882 1065.4 -13 37 1 0 1
-5.69609 15.7477 76260 -29.8 8.60219 204.263 1065.61 -13 38 1 0 1
-13.5515 15.1677 76260 -30.4879 8.4594 205.538 1065.26 -13 39 1 0 1
-5.23495 12.4202 76260 -17.6251 6.1181 224.786 1065.65 -13 41 1 0 1
-20.4827 34.7073 76260 -53.5434 8.42962 197.88 1065.44 -13 42 1 0 1
0.808648 3.01327 76260 -1.16476 11.1235 201.868 1065.46 -13 44 1 0 1
1.13953 14.3417 76260 -11.8642 8.32813 201.051 1065.69 -13 45 1 0 1
0.336309 8.81557 76260 -4.03705 8.37099 210.223 1065.59 -13 46 1 0 1
-8.41599 17.2108 76260 -42.4297 8.71538 208.054 1065.51 -13 47 1 0 1
-5.46944 2.57719 76260 -9.75788 10.4529 207.282 1065.54 -13 48 1 0 1
-25.5357 8.34623 76260 -30.2762 -14.7528 210.652 1065.51 -13 49 1 0 1
2.21717 8.17129 76260 3.98853 4.56646 211.964 1065.59 -13 50 1 0 1
-11.9932 6.23221 76260 -17.9094 -7.48729 198.413 1065.47 -13 51 1 0 1
14.8331 42.2356 76260 -34.403 54.0785 207.96 1065.53 -13 52 1 0 1
11.6031 -9.3797 76260 19.6427 -18.0659 202.217 1065.76 -13 53 1 0 1
-2.24562 53.7503 76260 -53.4 39.9815 209.095 1065.36 -13 54 1 0 1
7.76502 13.5021 76260 -13.9607 15.8185 215.323 1065.47 -13 55 1 0 1
-1.3933 26.7599 76260 -38.7883 10.1052 197.806 1065.6 -13 56 1 0 1
13.801 22.4911 76260 -1.27063 35.5806 227.078 1065.72 -13 57 1 0 1
-16.3512 2.66915 76260 -29.676 -3.61059 222.202 1065.33 -13 59 1 0 1
-25.78 26.1079 76260 -51.4006 9.07787 210.297 1065.42 -13 60 1 0 1
-29.3425 28.3967 76260 -72.8568 14.0833 220.777 1065.5 -13 61 1 0 1
-10.221 22.0226 76260 -31.3644 17.2002 207.676 1065.53 -13 62 1 0 1
-22.0713 -1.74734 76260 -21.7777 -11.39 198.553 1065.47 -13 63 1 0 1
6.78931 9.81812 76260 -12.9963 14.7077 205.968 1065.35 -13 64 1 0 1
6.98521 -28.2028 76260 19.5943 -29.3954 208.81 1065.57 -13 65 1 0 1
-19.035 5.98302 76260 -26.2501 -16.5474 197.592 1065.54 -13 66 1 0 1
-17.5463 34.3788 76260 -55.1195 13.1156 199.691 1065.49 -13 67 1 0 1
1.82921 -1.58747 76260 7.16397 -4.47019 200.317 1065.72 -13 68 1 0 1
-11.1373 24.8525 76260 -41.3358 5.61747 201.999 1065.51 -13 69 1 0 1
3.2701 27.8002 76260 -31.1774 14.141 202.908 1065.54 -13 70 1 0 1
-0.730812 0.543928 76260 -20.4338 5.14073 213.425 1065.61 -13 71 1 0 1
-0.424402 13.1834 76260 -14.6243 15.3438 197.554 1065.36 -13 72 1 0 1
10.0062 13.5209 76260 -16.4926 32.5831 211.507 1065.31 -13 74 1 0 1
10.5822 16.8578 76260 -9.42584 24.102 209.885 1065.69 -13 75 1 0 1
13.0296 10.9691 76260 -4.51543 38.4332 219.641 1065.58 -13 76 1 0 1
-9.25556 0.844685 76260 -5.30843 -4.31775 198.122 1065.48 -13 77 1 0 1
2.38988 9.27436 76260 2.95383 22.8871 228.977 1065.51 -13 78 1 0 1
9.81453 32.6927 76260 -28.5573 41.3786 217.565 1065.71 -13 79 1 0 1
-10.4866 11.4243 76260 -30.2868 11.6578 213.1 1065.54 -13 80 1 0 1
7.44549 -2.82785 76260 0.832345 15.3277 221.943 1065.44 -13 81 1 0 1
17.4142 10.094 76260 -5.43445 17.5663 209.45 1065.67 -13 82 1 0 1
-2.18863 23.4349 76260 -21.8543 11.7607 200.919 1065.46 -13 83 1 0 1
-11.3905 -4.55318 76260 -17.2496 -10.6557 202.189 1065.49 -13 85 1 0 1
-28.9511 -8.37366 76260 -30.5328 -43.2851 217.958 1065.52 -13 86 1 0 1
6.31649 31.4678 76260 -27.709 33.7045 200.905 1065.46 -13 87 1 0 1
-1.97801 18.5081 76260 -36.3007 29.4689 213.693 1065.63 -13 88 1 0 1
-15.3529 9.83631 76260 -20.6284 1.37375 211.004 1065.64 -13 89 1 0 1
12.7695 9.59822 76260 -1.94374 19.9645 216.858 1065.57 -13 90 1 0 1
-17.7196 20.1763 76260 -53.2575 18.1524 214.675 1065.57 -13 91 1 0 1
-3.05127 5.60029 76260 -19.876 7.38838 212.986 1065.51 -13 92 1 0 1
-16.2195 15.7695 76260 -28.9908 9.54261 221.124 1065.44 -13 93 1 0 1
2.8866 8.57016 76260 -13.8281 2.77194 203.761 1065.5 -13 94 1 0 1
15.8725 13.6747 76260 -2.41749 36.99 210.518 1065.55 -13 95 1 0 1
-18.6455 0.674533 76260 -20.9286 -19.3248 207.896 1065.63 -13 98 1 0 1
-8.83699 9.69637 76260 -34.3089 -8.90521 196.607 1065.62 -13 99 1 0 1
5.79742 20.6613 76260 -24.1035 21.4285 207.847 1065.41 -13 100 1 0 1
-17.0458 0.0910892 76260 -24.2423 -20.6202 216.161 1065.73 -13 101 1 0 1
-8.03355 -6.04522 76260 -4.25611 -24.02 198.611 1065.6 -13 103 1 0 1
22.1155 -3.65004 76260 29.6338 8.16081 234.264 1065.38 -13 104 1 0 1
-13.7197 29.5056 76260 -37.8077 25.7308 225.844 1065.47 -13 105 1 0 1
2.12297 2.31989 76260 -7.92118 10.1027 205.095 1065.6 -13 106 1 0 1
-22.7393 13.0382 76260 -31.1895 -5.96207 208.341 1065.42 -13 108 1 0 1
-6.93624 22.7638 76260 -30.7697 22.0266 204.8 1065.44 -13 109 1 0 1
7.20809 12.1764 76260 -10.7811 25.4291 211.934 1065.4 -13 110 1 0 1
-14.9261 -2.40525 76260 -19.5005 -12.6789 201.041 1065.4 -13 111 1 0 1
-18.2708 18.5426 76260 -41.0632 4.08728 207.812 1065.39 -13 112 1 0 1
-45.0702 11.2905 76260 -91.5758 -5.33061 236.776 1065.76 -13 113 1 0 1
-8.40977 33.7491 76260 -49.3195 32.6263 224.226 1065.52 -13 114 1 0 1
-1.89089 -2.77831 76260 6.1817 0.426985 217.815 1065.3 -13 115 1 0 1
-3.76615 2.10569 76260 -8.59946 -3.62326 227.485 1065.47 -13 116 1 0 1
-7.46944 19.6273 76260 -42.7091 10.8063 204.064 1065.52 -13 117 1 0 1
-8.65322 6.29387 76260 -10.5885 -3.23694 215.229 1065.31 -13 119 1 0 1
18.1053 21.4112 76260 -7.43225 50.9615 235.1 1065.51 -13 120 1 0 1
-5.7079 15.1287 76260 -32.0813 15.4964 213.017 1065.44 -13 121 1 0 1
-8.71822 0.434459 76260 -12.1055 12.0631 225.515 1065.57 -13 122 1 0 1
4.06454 44.4231 76260 -41.1597 54.9729 207.71 1065.58 -13 123 1 0 1
-4.00122 -5.44483 76260 -4.61603 -9.14348 202.285 1065.6 -13 125 1 0 1
4.0227 0.490287 76260 11.3619 15.6189 215.621 1065.59 -13 126 1 0 1
-1.21482 15.2688 76260 -21.29 9.81073 202.719 1065.53 -13 127 1 0 1
-14.4465 8.96385 76260 -29.8539 -3.82165 214.216 1065.59 -13 128 1 0 1
-24.2137 17.213 76260 -50.1651 -8.75804 203.228 1065.57 -13 129 1 0 1
8.30513 8.73484 76260 -9.55601 27.4061 227.202 1065.33 -13 130 1 0 1
18.4493 5.10466 76260 8.16289 19.466 221.05 1065.52 -13 131 1 0 1
-4.94484 9.75171 76260 -21.3034 22.0227 229.07 1065.65 -13 132 1 0 1
-23.2987 8.14217 76260 -48.3467 -2.68489 217.997 1065.34 -13 133 1 0 1
-19.2682 12.5725 76260 -34.7387 8.49954 215.504 1065.33 -13 134 1 0 1
-5.09397 1.4782 76260 -14.9027 5.39196 219.121 1065.49 -13 135 1 0 1
-21.2879 16.8685 76260 -41.2245 2.5567 211.88 1065.36 -13 136 1 0 1
-0.633855 6.09344 76260 -16.012 8.03418 218.715 1065.56 -13 137 1 0 1
38.0477 8.78709 76260 8.70577 36.8373 213.524 1065.46 -13 138 1 0 1
-13.8871 18.9389 76260 -28.5257 2.26141 201.848 1065.73 -13 139 1 0 1
-13.9628 9.6542 76260 -25.8169 -1.71657 211.656 1065.28 -13 140 1 0 1
-3.8186 23.9195 76260 -26.3711 26.2416 206.193 1065.59 -13 141 1 0 1
-10.2138 31.1791 76260 -51.8663 6.6456 200.884 1065.48 -13 142 1 0 1
-1.33074 10.7177 76260 -13.7613 11.2553 203.256 1065.38 -13 144 1 0 1
6.30847 33.6625 76260 -34.2868 43.7534 221.453 1065.53 -13 145 1 0 1
15.2388 14.2176 76260 -10.5397 17.2856 206.887 1065.35 -13 146 1 0 1
19.6695 13.7089 76260 -5.89351 35.6638 210.196 1065.42 -13 147 1 0 1
-12.6602 13.5422 76260 -37.3756 -7.86322 203.998 1065.39 -13 148 1 0 1
-7.33906 10.353 76260 -27.0448 -1.20408 205.497 1065.37 -13 149 1 0 1
12.2968 2.80854 76260 -0.364847 13.1866 209.917 1065.52 -13 150 1 0 1
15.6228 29.2732 76260 -16.6335 42.3126 213.875 1065.44 -13 151 1 0 1
4.70066 -4.68373 76260 1.67433 16.2756 222.957 1065.34 -13 152 1 0 1
2.29463 23.1273 76260 -22.9413 18.0817 203.278 1065.46 -13 153 1 0 1
23.5783 4.83049 76260 3.69907 31.968 204.884 1065.55 -13 154 1 0 1
-6.90705 -3.28238 76260 -10.7298 -22.3489 210.09 1065.39 -13 155 1 0 1
14.9418 19.6593 76260 -11.2008 38.0377 203.585 1065.41 -13 156 1 0 1
-29.7418 7.94808 76260 -33.5344 -30.0568 204.37 1065.56 -13 159 1 0 1
-13.055 -1.16815 76260 -12.9468 -11.65 213.84 1065.48 -13 160 1 0 1
14.8027 24.2132 76260 -26.4814 32.9488 204.524 1065.43 -13 161 1 0 1
-3.96291 -8.35454 76260 -0.613805 -7.23991 212.539 1065.58 -13 162 1 0 1
15.0438 22.106 76260 -3.68373 49.4919 228.76 1065.59 -13 163 1 0 1
-5.93648 23.6152 76260 -23.8872 20.2227 207.093 1065.57 -13 164 1 0 1
-2.66357 11.4481 76260 -25.4914 22.176 217.539 1065.53 -13 165 1 0 1
-3.99188 -0.480277 76260 -14.4011 -4.27694 205.836 1065.45 -13 167 1 0 1
-19.4478 -4.78443 76260 -15.3807 -14.0881 215.355 1065.35 -13 169 1 0 1
0.0230984 26.175 76260 -33.4151 21.4561 208.565 1065.66 -13 171 1 0 1
-12.6629 16.6328 76260 -36.3695 3.66489 208.765 1065.54 -13 172 1 0 1
-9.61812 31.6258 76260 -36.2204 31.1735 211.358 1065.56 -13 173 1 0 1
-8.27137 25.3754 76260 -32.0867 8.6118 208.812 1065.48 -13 174 1 0 1
16.0483 18.3878 76260 1.04124 36.5658 212.649 1065.62 -13 175 1 0 1
-3.87629 0.140567 76260 -13.6299 5.02146 215.038 1065.61 -13 176 1 0 1
12.8975 9.5575 76260 6.13665 16.4561 227.823 1065.65 -13 177 1 0 1
-23.6625 16.5795 76260 -46.4855 -11.0924 205.051 1065.64 -13 178 1 0 1
-8.2839 -2.07679 76260 -18.0543 -10.7475 208.049 1065.54 -13 179 1 0 1
6.70681 1.62639 76260 -1.0288 5.37438 214.427 1065.56 -13 180 1 0 1
-2.97388 11.6605 76260 -14.7274 22.0541 202.378 1065.51 -13 181 1 0 1
-18.1733 11.4407 76260 -46.1677 9.80054 225.615 1065.41 -13 182 1 0 1
-3.5305 -1.2253 76260 -0.607802 -6.71046 215.964 1065.53 -13 183 1 0 1
-14.6449 4.26853 76260 -17.7782 -7.38526 200.676 1065.56 -13 186 1 0 1
-6.3483 11.058 76260 -16.3009 13.529 222.138 1065.58 -13 187 1 0 1
13.4683 37.4744 76260 -44.2474 30.201 197.454 1065.42 -13 188 1 0 1
9.06827 18.6194 76260 -20.3658 44.2364 210.353 1065.64 -13 189 1 0 1
1.00695 8.20951 76260 -6.05558 -10.198 206.297 1065.71 -13 190 1 0 1
-2.41923 6.03749 76260 -10.0032 2.30126 206.983 1065.24 -13 192 1 0 1
1.67466 1.91632 76260 7.31028 -8.15664 217.481 1065.56 -13 193 1 0 1
-8.97232 33.7461 76260 -39.6044 20.6347 197.927 1065.49 -13 194 1 0 1
-0.133555 20.249 76260 -28.4955 24.6441 209.479 1065.3 -13 195 1 0 1
4.3186 20.0522 76260 -12.3179 33.4304 222.754 1065.6 -13 196 1 0 1
-7.29056 16.3293 76260 -2.72787 16.9619 216.162 1065.37 -13 197 1 0 1
-22.2583 -7.8562 76260 -19.3874 -34.8135 197.215 1065.51 -13 198 1 0 1
18.3312 23.9372 76260 -3.52356 42.4565 215.606 1065.39 -13 199 1 0 1
-8.07732 1.8077 76260 -10.5097 -1.66072 218.072 1065.61 -13 200 1 0 1
