#BLTrackFile solenoid_cooling_channel
#x y z Px Py Pz t PDGid EvNum TrkId Parent weight
-1.011640 -1.638660 0 0.000000 0.000000 193.000000 1933.190000 -13 1 1 0 1.000000
-0.185710 -2.227470 0 -5.906560 -2.444920 194.893000 1933.190000 -13 2 1 0 1.000000
-1.989440 -0.867588 0 -7.591010 6.077560 192.091000 1933.200000 -13 3 1 0 1.000000
-3.566130 -3.158770 0 6.160110 -11.339500 192.375000 1933.080000 -13 4 1 0 1.000000
-3.105750 -4.645950 0 10.100500 -14.843100 194.379000 1933.120000 -13 5 1 0 1.000000
-0.176610 -3.305730 0 -5.713840 -9.542670 189.749000 1933.050000 -13 6 1 0 1.000000
-3.405300 -2.939580 0 -10.094900 -10.435700 200.384000 1933.130000 -13 7 1 0 1.000000
-1.148970 -1.797310 0 8.821480 -12.970400 188.841000 1933.260000 -13 8 1 0 1.000000
-3.208130 -3.008340 0 -9.294220 8.597500 188.839000 1933.140000 -13 9 1 0 1.000000
1.285690 -1.042330 0 8.781090 -1.730060 202.271000 1933.130000 -13 10 1 0 1.000000
-2.289900 2.158220 0 -14.876800 -6.224650 189.865000 1933.240000 -13 11 1 0 1.000000
-2.353180 4.401520 0 -13.384700 -8.789510 201.904000 1933.280000 -13 12 1 0 1.000000
0.782265 -1.492730 0 -3.813300 3.124200 197.926000 1933.230000 -13 13 1 0 1.000000
-1.899660 -4.249380 0 11.374200 -6.327550 206.543000 1933.250000 -13 14 1 0 1.000000
-0.828989 -2.125570 0 -5.630870 -3.037690 198.603000 1933.040000 -13 15 1 0 1.000000
-2.429600 -0.914679 0 -12.291700 -1.077670 191.750000 1933.290000 -13 16 1 0 1.000000
-1.204670 -3.187080 0 14.995700 6.866750 182.440000 1933.190000 -13 17 1 0 1.000000
-2.313770 -1.680990 0 -5.969730 -8.032560 179.851000 1933.210000 -13 18 1 0 1.000000
0.800242 0.263717 0 -8.429890 10.037600 194.775000 1933.100000 -13 19 1 0 1.000000
0.939680 -3.040850 0 14.667700 2.637710 195.073000 1933.130000 -13 20 1 0 1.000000
-0.127798 -2.140920 0 4.716790 -12.705100 182.494000 1933.250000 -13 21 1 0 1.000000
-2.808730 0.616350 0 1.917990 -0.007386 198.706000 1933.090000 -13 22 1 0 1.000000
-0.784908 -0.449161 0 6.099090 4.929430 194.760000 1933.170000 -13 23 1 0 1.000000
-1.993260 -3.667700 0 10.016400 -10.785700 200.533000 1933.150000 -13 24 1 0 1.000000
-1.192090 -1.837150 0 -4.124810 11.560700 190.553000 1933.240000 -13 25 1 0 1.000000
-1.670760 -3.336420 0 9.742410 6.071240 192.201000 1933.130000 -13 26 1 0 1.000000
-0.352005 -3.052270 0 -12.738500 5.720940 189.872000 1933.220000 -13 27 1 0 1.000000
-2.245700 -0.937140 0 -3.289230 -3.942020 183.292000 1933.080000 -13 28 1 0 1.000000
0.254386 0.840149 0 6.313000 -7.431370 188.602000 1933.160000 -13 29 1 0 1.000000
-1.914290 2.056140 0 -1.885380 -10.590700 195.417000 1933.170000 -13 30 1 0 1.000000
-1.822860 0.025883 0 -2.791110 1.653800 182.600000 1933.250000 -13 31 1 0 1.000000
-3.095890 -3.516440 0 6.741220 3.664460 193.834000 1933.390000 -13 32 1 0 1.000000
-1.604410 -2.792890 0 -7.422130 -10.171100 181.436000 1933.200000 -13 33 1 0 1.000000
-1.225910 1.095320 0 2.238660 -3.186780 190.612000 1933.100000 -13 34 1 0 1.000000
-3.801540 -0.952183 0 -10.300400 5.184880 183.485000 1933.240000 -13 35 1 0 1.000000
-1.574890 0.069115 0 -3.376020 9.766560 196.744000 1933.320000 -13 36 1 0 1.000000
-1.905510 -2.124410 0 -5.334200 -2.636450 190.911000 1933.070000 -13 37 1 0 1.000000
-1.321180 -2.164660 0 -4.692530 0.415713 174.581000 1933.200000 -13 38 1 0 1.000000
-1.763180 -3.228780 0 2.769470 12.805600 194.037000 1933.100000 -13 39 1 0 1.000000
-0.135359 -2.748310 0 6.241750 -12.947900 177.460000 1933.260000 -13 40 1 0 1.000000
-1.911380 -2.214630 0 8.904820 6.964020 199.726000 1933.090000 -13 41 1 0 1.000000
-0.269952 -2.268730 0 -6.047740 0.212998 197.671000 1933.270000 -13 42 1 0 1.000000
-1.368070 1.022070 0 -30.502400 4.439890 197.917000 1933.150000 -13 43 1 0 1.000000
-2.979160 -0.725304 0 -0.756481 -10.702200 187.642000 1933.210000 -13 44 1 0 1.000000
0.707351 -3.765000 0 3.817200 15.497500 190.589000 1933.320000 -13 45 1 0 1.000000
-1.155530 -1.575610 0 13.185200 -7.875320 183.400000 1933.050000 -13 46 1 0 1.000000
-0.259539 0.183539 0 -11.111700 -5.939420 194.158000 1933.180000 -13 47 1 0 1.000000
-0.345329 -1.948370 0 3.489370 -9.797680 183.155000 1933.070000 -13 48 1 0 1.000000
-1.701560 -3.738310 0 21.430300 8.772520 187.280000 1933.220000 -13 49 1 0 1.000000
-1.335820 -1.468180 0 10.994100 10.523100 194.878000 1933.270000 -13 50 1 0 1.000000
-1.022010 -2.793360 0 -2.057760 -7.262950 196.831000 1933.080000 -13 51 1 0 1.000000
0.833382 0.341270 0 -8.715410 11.648300 187.058000 1933.200000 -13 52 1 0 1.000000
-1.049370 -1.750810 0 3.655520 -12.821400 186.252000 1933.150000 -13 53 1 0 1.000000
-1.025710 -2.004920 0 1.586030 0.039221 195.130000 1933.260000 -13 54 1 0 1.000000
-0.153111 -0.178716 0 -28.796700 -10.876900 179.278000 1933.210000 -13 55 1 0 1.000000
-2.026140 -4.071070 0 -11.562000 -8.964280 194.322000 1933.190000 -13 56 1 0 1.000000
0.765163 -1.452520 0 1.606100 -2.693310 194.133000 1933.250000 -13 57 1 0 1.000000
-2.244200 -0.025018 0 -1.430870 10.044400 203.771000 1933.340000 -13 58 1 0 1.000000
-4.404090 -2.477720 0 6.155270 3.831580 188.654000 1933.190000 -13 59 1 0 1.000000
-1.723220 -4.363800 0 9.987490 -7.645830 199.512000 1933.180000 -13 60 1 0 1.000000
-1.765140 -0.857386 0 0.378391 5.332880 191.291000 1933.250000 -13 61 1 0 1.000000
0.396568 -1.121900 0 -2.728180 16.099800 199.134000 1933.140000 -13 62 1 0 1.000000
-2.487980 0.093146 0 2.979860 4.321450 183.000000 1933.270000 -13 63 1 0 1.000000
0.560976 -4.897770 0 -6.305510 20.366300 193.119000 1933.100000 -13 64 1 0 1.000000
-1.374650 -3.207530 0 0.262105 -6.637140 187.829000 1933.250000 -13 65 1 0 1.000000
0.253250 -1.593600 0 14.733700 11.146100 179.496000 1933.070000 -13 66 1 0 1.000000
-5.069680 -0.983642 0 3.808280 -11.613600 191.533000 1933.200000 -13 67 1 0 1.000000
-3.209380 -2.584380 0 -4.105270 25.943200 205.745000 1933.040000 -13 68 1 0 1.000000
-2.797600 -5.338560 0 9.265560 -5.417270 198.099000 1933.230000 -13 69 1 0 1.000000
-0.748890 -3.146680 0 -0.668129 13.337400 189.010000 1933.240000 -13 70 1 0 1.000000
-1.098910 -1.344530 0 3.839220 -3.264860 196.936000 1933.180000 -13 71 1 0 1.000000
-0.763494 -1.575710 0 -5.517360 18.665000 198.914000 1933.100000 -13 72 1 0 1.000000
-0.138118 0.625447 0 -14.843900 31.080700 200.749000 1933.280000 -13 73 1 0 1.000000
-0.959290 -5.551100 0 19.253000 -3.631680 207.590000 1933.160000 -13 74 1 0 1.000000
-4.016500 0.191045 0 10.743600 -16.495900 197.863000 1933.150000 -13 75 1 0 1.000000
-3.222270 -1.482630 0 6.536630 -22.940400 183.546000 1933.090000 -13 76 1 0 1.000000
-0.027721 -3.632470 0 3.926160 -4.497920 179.825000 1933.070000 -13 77 1 0 1.000000
-3.217230 -1.275270 0 -0.009744 -2.272250 197.319000 1933.320000 -13 78 1 0 1.000000
-0.838755 -1.888440 0 1.058280 -0.107696 177.157000 1933.170000 -13 79 1 0 1.000000
-2.054790 -2.314140 0 3.905430 -16.086300 190.931000 1933.140000 -13 80 1 0 1.000000
-2.849220 -4.041400 0 9.551480 10.054700 195.983000 1933.310000 -13 81 1 0 1.000000
-1.152360 -2.441290 0 2.807890 -15.509700 181.746000 1933.240000 -13 82 1 0 1.000000
-0.608035 -3.314460 0 -8.779270 0.952115 196.587000 1933.140000 -13 83 1 0 1.000000
-0.584326 -1.612000 0 -14.187600 12.068200 207.825000 1933.340000 -13 84 1 0 1.000000
0.451857 -0.131768 0 -17.032300 -10.914900 179.340000 1933.160000 -13 85 1 0 1.000000
-2.428600 -0.078704 0 15.211100 4.555940 190.800000 1933.200000 -13 86 1 0 1.000000
-1.735940 -1.678420 0 -1.109440 13.969200 186.413000 1933.320000 -13 87 1 0 1.000000
-0.800620 1.602440 0 -4.291720 -3.509050 209.207000 1933.240000 -13 88 1 0 1.000000
-1.088830 -0.494606 0 -4.961660 6.803340 186.023000 1933.220000 -13 89 1 0 1.000000
-3.108060 -2.066110 0 8.358900 -21.376000 200.148000 1933.220000 -13 90 1 0 1.000000
-1.153240 -0.904688 0 -2.630740 -15.911900 190.840000 1933.180000 -13 91 1 0 1.000000
-0.088312 0.939336 0 8.670300 2.752260 195.450000 1933.240000 -13 92 1 0 1.000000
-0.260761 -4.073530 0 14.234400 -0.547529 204.464000 1933.330000 -13 93 1 0 1.000000
-1.309270 -0.002584 0 -18.091500 26.196500 207.721000 1933.190000 -13 94 1 0 1.000000
-2.395140 -2.066300 0 -6.148220 -0.277081 202.642000 1933.290000 -13 95 1 0 1.000000
0.837888 -0.912322 0 2.372180 -8.287600 200.908000 1933.070000 -13 96 1 0 1.000000
-1.754050 -3.481870 0 21.339300 -6.011310 199.169000 1933.080000 -13 97 1 0 1.000000
-0.626791 -1.051990 0 -2.957120 6.588460 194.097000 1933.340000 -13 98 1 0 1.000000
-2.524150 -3.661440 0 -1.261290 6.257980 189.097000 1933.180000 -13 99 1 0 1.000000
-0.207247 -2.205440 0 17.856500 -3.256370 190.297000 1933.140000 -13 100 1 0 1.000000
-2.172650 0.385251 0 9.217400 -5.257550 187.971000 1933.100000 -13 101 1 0 1.000000
-2.156800 1.116400 0 0.674210 20.358300 189.962000 1933.170000 -13 102 1 0 1.000000
-3.791090 1.383150 0 -5.135830 -1.601460 193.827000 1933.080000 -13 103 1 0 1.000000
0.095265 -2.628840 0 -8.846520 -1.840020 193.351000 1933.200000 -13 104 1 0 1.000000
-2.095390 -2.866240 0 -2.237390 9.551160 178.575000 1933.090000 -13 105 1 0 1.000000
-0.015607 -1.255500 0 6.867620 -2.778910 198.763000 1933.190000 -13 106 1 0 1.000000
-2.318430 2.300000 0 -0.593601 -2.833200 204.772000 1933.190000 -13 107 1 0 1.000000
-3.906950 -0.716490 0 -8.192490 -7.863760 193.044000 1933.080000 -13 108 1 0 1.000000
0.467222 -1.634160 0 -10.408500 22.229100 180.384000 1933.240000 -13 109 1 0 1.000000
0.790974 -3.196550 0 25.399800 6.204040 188.140000 1933.270000 -13 110 1 0 1.000000
-2.876070 0.083879 0 -14.493300 -24.421400 196.432000 1933.190000 -13 111 1 0 1.000000
-3.418950 -2.421650 0 14.484100 -1.360250 207.588000 1933.200000 -13 112 1 0 1.000000
0.202110 -1.487360 0 6.321060 -21.132500 184.465000 1933.200000 -13 113 1 0 1.000000
-1.253090 -1.280820 0 1.735740 16.962500 183.383000 1933.300000 -13 114 1 0 1.000000
-3.071880 -0.392616 0 -4.684700 5.023370 195.962000 1933.200000 -13 115 1 0 1.000000
-0.194509 -1.500730 0 -1.752790 -13.271100 192.885000 1933.200000 -13 116 1 0 1.000000
0.508174 -0.028363 0 -17.732500 -6.449570 189.189000 1933.270000 -13 117 1 0 1.000000
-0.210793 -2.950430 0 9.041630 -11.224900 190.850000 1933.040000 -13 118 1 0 1.000000
-1.578370 0.083275 0 10.172600 -21.296900 192.137000 1933.170000 -13 119 1 0 1.000000
-1.277460 -0.771664 0 11.534000 -3.808720 194.693000 1933.080000 -13 120 1 0 1.000000
-0.417690 -3.777510 0 9.510410 -0.133787 193.763000 1933.170000 -13 121 1 0 1.000000
-0.862869 0.255790 0 -6.270120 -3.805550 200.463000 1933.300000 -13 122 1 0 1.000000
-2.123260 -1.300510 0 -11.960200 -9.990820 194.559000 1933.290000 -13 123 1 0 1.000000
-1.199830 -2.751710 0 -2.960350 -10.020800 202.143000 1933.260000 -13 124 1 0 1.000000
-0.962308 -1.961270 0 -11.437800 -16.928600 204.206000 1933.280000 -13 125 1 0 1.000000
-1.576330 -1.334590 0 12.887100 -10.113300 185.406000 1933.070000 -13 126 1 0 1.000000
1.033110 0.691188 0 -8.062690 5.530710 196.444000 1933.320000 -13 127 1 0 1.000000
-0.511659 -0.080985 0 3.362530 -16.298700 180.956000 1933.210000 -13 128 1 0 1.000000
-2.590670 -1.530660 0 -7.378810 20.890900 204.058000 1933.380000 -13 129 1 0 1.000000
-1.111860 -1.640290 0 -14.713400 14.080800 186.090000 1933.070000 -13 130 1 0 1.000000
-3.323350 -1.340650 0 -0.973953 -3.215870 179.647000 1933.210000 -13 131 1 0 1.000000
-1.902010 -2.412070 0 -0.496374 4.993180 196.361000 1933.200000 -13 132 1 0 1.000000
-2.878200 0.286440 0 7.512010 4.034650 197.159000 1933.230000 -13 133 1 0 1.000000
0.541213 -1.047210 0 0.624561 1.666960 187.107000 1933.110000 -13 134 1 0 1.000000
-1.021570 -2.577380 0 -5.629420 6.491470 201.111000 1933.310000 -13 135 1 0 1.000000
-2.152010 0.287930 0 6.207570 15.031600 197.959000 1933.140000 -13 136 1 0 1.000000
-2.141680 -2.048190 0 -7.854760 -2.480970 209.801000 1933.130000 -13 137 1 0 1.000000
-0.628176 -4.170120 0 24.289800 -5.296900 193.571000 1933.080000 -13 138 1 0 1.000000
-2.003640 -2.402780 0 -9.728970 -0.456042 194.854000 1933.220000 -13 139 1 0 1.000000
-0.217427 -4.007130 0 -1.266520 -3.489230 183.854000 1933.050000 -13 140 1 0 1.000000
-0.924494 -1.928570 0 1.146060 -13.128600 192.974000 1933.210000 -13 141 1 0 1.000000
1.494330 -1.036420 0 -3.837880 8.123690 197.645000 1933.240000 -13 142 1 0 1.000000
1.036250 0.482626 0 5.001880 6.269420 184.932000 1933.010000 -13 143 1 0 1.000000
-1.147510 -0.641640 0 -9.409590 3.298980 187.863000 1933.100000 -13 144 1 0 1.000000
-2.552650 -0.772571 0 15.439800 3.615580 192.457000 1933.290000 -13 145 1 0 1.000000
-1.057380 -0.069579 0 2.012460 -3.381590 199.685000 1933.070000 -13 146 1 0 1.000000
0.290756 -4.142370 0 1.969620 -9.592100 199.606000 1933.180000 -13 147 1 0 1.000000
-2.222530 -0.240014 0 -19.788800 -12.100500 189.240000 1933.050000 -13 148 1 0 1.000000
-0.110774 -4.533970 0 3.316690 2.545390 189.841000 1933.050000 -13 149 1 0 1.000000
-0.883527 -5.503360 0 2.468000 -3.598660 192.442000 1933.230000 -13 150 1 0 1.000000
-2.122890 0.590661 0 -3.509610 -1.326010 187.762000 1933.160000 -13 151 1 0 1.000000
-0.828462 -4.827520 0 -12.687700 -19.145100 182.842000 1933.140000 -13 152 1 0 1.000000
-2.298800 -1.198070 0 16.284500 -5.179210 204.327000 1933.230000 -13 153 1 0 1.000000
-0.410958 1.309920 0 -13.258200 6.530180 198.699000 1933.230000 -13 154 1 0 1.000000
0.668912 -2.976730 0 11.026100 -12.205900 189.111000 1933.100000 -13 155 1 0 1.000000
-0.877674 -0.208466 0 -11.635700 21.016500 189.924000 1933.090000 -13 156 1 0 1.000000
0.256938 -2.358600 0 2.242080 -5.987250 196.175000 1933.260000 -13 157 1 0 1.000000
0.910374 -2.653080 0 8.879170 10.328400 196.505000 1933.080000 -13 158 1 0 1.000000
-0.849569 -1.494770 0 -5.927910 -7.817570 191.884000 1933.180000 -13 159 1 0 1.000000
-1.409440 0.257629 0 -14.503800 -5.035530 183.844000 1933.140000 -13 160 1 0 1.000000
-3.062000 -0.361407 0 3.337840 6.943170 195.933000 1933.040000 -13 161 1 0 1.000000
-1.928330 0.565383 0 15.590000 4.027690 201.014000 1933.140000 -13 162 1 0 1.000000
0.793447 -3.210900 0 -5.787670 1.303320 178.620000 1933.250000 -13 163 1 0 1.000000
-2.568610 -4.285160 0 1.611070 1.544810 197.419000 1933.140000 -13 164 1 0 1.000000
-1.992610 2.591920 0 -7.159560 -4.798630 200.112000 1933.110000 -13 165 1 0 1.000000
-1.361750 -0.440221 0 2.246970 14.287300 211.707000 1933.210000 -13 166 1 0 1.000000
-0.190677 -1.279230 0 -2.336950 4.571180 183.873000 1933.110000 -13 167 1 0 1.000000
-1.494630 -0.967774 0 2.844520 -7.454100 203.322000 1933.170000 -13 168 1 0 1.000000
-1.132250 -4.909830 0 8.487390 0.332074 203.764000 1933.300000 -13 169 1 0 1.000000
-0.621183 -2.602390 0 11.515000 -11.003000 187.141000 1933.170000 -13 170 1 0 1.000000
2.181860 0.624140 0 0.066776 -23.002300 198.146000 1933.300000 -13 171 1 0 1.000000
-4.946750 -2.833880 0 3.874620 6.687340 200.387000 1933.110000 -13 172 1 0 1.000000
0.828188 -0.445824 0 1.268460 22.772000 193.294000 1933.010000 -13 173 1 0 1.000000
-0.528585 1.422480 0 -0.766217 -0.475423 192.851000 1933.080000 -13 174 1 0 1.000000
-3.402630 -1.330960 0 -8.466360 -21.335200 191.447000 1933.110000 -13 175 1 0 1.000000
-0.773742 -1.985090 0 4.334340 4.568640 182.997000 1933.250000 -13 176 1 0 1.000000
-1.427020 -3.568760 0 -9.437580 -9.968520 187.661000 1933.230000 -13 177 1 0 1.000000
-1.017620 0.266020 0 15.306500 12.208900 185.575000 1933.080000 -13 178 1 0 1.000000
-2.912420 -0.423304 0 5.731730 -6.217710 185.500000 1933.220000 -13 179 1 0 1.000000
-1.004580 -0.825834 0 -6.558880 7.110410 190.908000 1933.210000 -13 180 1 0 1.000000
-0.693624 -2.623600 0 -17.657300 21.603000 205.943000 1933.240000 -13 181 1 0 1.000000
-1.509460 -1.497830 0 3.921970 -0.247989 189.716000 1933.180000 -13 182 1 0 1.000000
1.091070 -3.473020 0 7.532840 10.195800 180.716000 1933.090000 -13 183 1 0 1.000000
0.319060 -1.766960 0 -8.402140 -0.376667 193.914000 1933.230000 -13 184 1 0 1.000000
-0.632999 -1.419330 0 -1.649860 11.471100 192.538000 1933.080000 -13 185 1 0 1.000000
-0.243280 -2.682310 0 0.357619 1.956860 189.082000 1933.300000 -13 186 1 0 1.000000
0.436884 -1.773200 0 -8.003170 -11.171000 187.179000 1933.080000 -13 187 1 0 1.000000
-0.043446 -2.236720 0 -4.891150 3.505030 183.016000 1933.100000 -13 188 1 0 1.000000
-1.737210 0.124428 0 -4.699240 14.706200 202.187000 1933.130000 -13 189 1 0 1.000000
-0.985012 -0.526618 0 -7.812610 5.237140 181.758000 1933.140000 -13 190 1 0 1.000000
1.638340 -2.588300 0 -3.118440 16.486600 198.576000 1933.180000 -13 191 1 0 1.000000
0.495858 1.249840 0 -9.915770 8.922320 190.894000 1933.180000 -13 192 1 0 1.000000
-0.113533 -1.727250 0 13.535500 9.711860 193.315000 1933.200000 -13 193 1 0 1.000000
-2.057350 -0.632559 0 -22.553800 -0.381501 198.022000 1933.180000 -13 194 1 0 1.000000
-2.824030 -0.537598 0 -2.875670 5.562950 186.896000 1933.140000 -13 195 1 0 1.000000
-2.825750 -0.553135 0 2.151590 -8.797310 201.606000 1933.040000 -13 196 1 0 1.000000
-1.962800 -1.860830 0 -15.020000 4.410620 180.153000 1933.220000 -13 197 1 0 1.000000
-1.199890 1.934010 0 -16.287300 3.386140 193.363000 1933.160000 -13 198 1 0 1.000000
0.628072 -1.503580 0 12.057800 13.554800 196.256000 1933.280000 -13 199 1 0 1.000000
-1.600170 -2.235300 0 -2.179450 4.843500 197.892000 1933.200000 -13 200 1 0 1.000000
-0.469868 -4.099630 0 7.638670 2.153220 201.084000 1933.130000 -13 201 1 0 1.000000
0.395720 -0.945713 0 -5.068780 14.710500 186.813000 1933.050000 -13 202 1 0 1.000000
-3.135920 -1.142810 0 15.589200 -4.254130 182.185000 1933.080000 -13 203 1 0 1.000000
-0.431623 -3.952860 0 1.520560 18.721600 205.470000 1933.140000 -13 204 1 0 1.000000
-2.215390 -1.034720 0 -7.338320 14.146400 188.954000 1933.200000 -13 205 1 0 1.000000
-2.800420 -0.973846 0 -2.633920 -12.469200 182.469000 1933.200000 -13 206 1 0 1.000000
-0.470460 -5.601290 0 10.003200 16.452600 199.274000 1932.990000 -13 207 1 0 1.000000
-2.789860 -3.604600 0 17.328700 -7.977160 206.701000 1933.210000 -13 208 1 0 1.000000
-2.313580 -0.272437 0 -5.641160 -13.348200 204.954000 1933.330000 -13 209 1 0 1.000000
-2.031880 -3.018990 0 -14.793200 15.008900 189.535000 1933.240000 -13 210 1 0 1.000000
-0.836026 -1.250960 0 13.836200 5.496800 205.687000 1933.320000 -13 211 1 0 1.000000
-0.994283 -1.936360 0 6.968400 -0.065254 191.375000 1933.040000 -13 212 1 0 1.000000
-0.310759 -3.948000 0 2.256960 -18.058400 188.010000 1933.210000 -13 213 1 0 1.000000
0.828509 0.799146 0 -9.448920 20.629200 183.687000 1933.020000 -13 214 1 0 1.000000
-2.792390 0.415840 0 -14.036700 -0.763412 196.081000 1933.170000 -13 215 1 0 1.000000
-2.629300 -4.687400 0 21.083300 3.481240 205.543000 1933.230000 -13 216 1 0 1.000000
0.965272 0.129684 0 -11.393000 10.067900 186.375000 1933.120000 -13 217 1 0 1.000000
-3.504670 -0.986773 0 -0.850932 -17.750600 190.604000 1933.280000 -13 218 1 0 1.000000
-0.449713 -2.278850 0 -0.080656 9.256020 197.361000 1933.110000 -13 219 1 0 1.000000
-1.346200 -0.952510 0 -1.791890 -0.328692 190.189000 1933.080000 -13 220 1 0 1.000000
-1.994030 -1.976850 0 -12.420200 7.658890 180.177000 1933.180000 -13 221 1 0 1.000000
-2.113610 -1.569850 0 1.821650 -9.293560 192.274000 1933.250000 -13 222 1 0 1.000000
-0.063523 -2.304330 0 10.492100 -11.349400 187.263000 1933.140000 -13 223 1 0 1.000000
-3.598350 -0.730250 0 -9.830720 -10.237100 195.500000 1933.320000 -13 224 1 0 1.000000
2.168130 -1.424720 0 -2.257350 -24.996200 201.536000 1933.210000 -13 225 1 0 1.000000
-2.003120 0.892148 0 -5.285310 -0.177787 200.777000 1933.110000 -13 226 1 0 1.000000
1.378690 -0.101374 0 0.464369 -1.308860 196.781000 1933.250000 -13 227 1 0 1.000000
-2.098150 -2.351030 0 -6.459660 3.277810 185.822000 1933.150000 -13 228 1 0 1.000000
-1.660510 -1.275910 0 -6.083080 -5.685200 180.954000 1933.080000 -13 229 1 0 1.000000
0.604880 -4.095610 0 -13.660400 -0.977976 193.504000 1933.190000 -13 230 1 0 1.000000
-1.432240 -0.975107 0 -15.274100 8.297090 178.247000 1933.150000 -13 231 1 0 1.000000
-0.979228 0.524086 0 18.758900 5.693910 205.225000 1933.240000 -13 232 1 0 1.000000
-0.871904 -3.734170 0 18.756000 -10.606300 191.741000 1933.030000 -13 233 1 0 1.000000
-0.305217 0.094632 0 6.646680 -11.482900 187.470000 1933.290000 -13 234 1 0 1.000000
-0.016651 -1.365420 0 -10.611000 4.859650 179.932000 1933.070000 -13 235 1 0 1.000000
-1.719640 -4.962780 0 15.719500 -6.184160 190.102000 1933.140000 -13 236 1 0 1.000000
-0.310950 -0.482693 0 5.213740 3.638770 189.707000 1933.210000 -13 237 1 0 1.000000
-2.904980 -0.156865 0 2.847170 7.727560 186.889000 1933.130000 -13 238 1 0 1.000000
-0.227007 -1.220040 0 -3.661420 -10.413200 192.613000 1933.160000 -13 239 1 0 1.000000
-0.960135 -5.609400 0 8.799070 9.876390 193.555000 1933.240000 -13 240 1 0 1.000000
2.496890 -0.822095 0 11.932800 25.781600 192.349000 1933.090000 -13 241 1 0 1.000000
-0.543174 -1.872380 0 9.943990 0.937784 203.860000 1933.230000 -13 242 1 0 1.000000
-0.783524 1.435330 0 0.252019 -3.320470 203.120000 1933.260000 -13 243 1 0 1.000000
-0.543313 -1.306050 0 0.448590 -9.274820 193.952000 1933.140000 -13 244 1 0 1.000000
0.824026 0.159989 0 -1.562460 -14.458800 187.724000 1933.140000 -13 245 1 0 1.000000
-0.314662 0.030203 0 7.211120 -5.151090 195.812000 1933.130000 -13 246 1 0 1.000000
-0.045531 -2.798550 0 7.988380 0.735556 181.269000 1933.160000 -13 247 1 0 1.000000
-0.451356 0.244484 0 5.111860 13.727800 185.374000 1933.240000 -13 248 1 0 1.000000
-1.786340 2.138870 0 -22.980700 0.493175 195.504000 1933.230000 -13 249 1 0 1.000000
1.190230 -1.615500 0 -10.019900 11.956500 201.235000 1933.150000 -13 250 1 0 1.000000
-2.944630 -1.361290 0 0.472486 -4.456990 189.646000 1933.120000 -13 251 1 0 1.000000
-4.113340 -2.481350 0 5.032460 -11.069300 198.205000 1933.120000 -13 252 1 0 1.000000
-0.626513 0.961095 0 0.168302 -3.649560 187.377000 1933.090000 -13 253 1 0 1.000000
-3.331020 -3.279160 0 0.278248 4.432420 200.795000 1933.150000 -13 254 1 0 1.000000
-1.757200 -0.473290 0 7.053230 -8.563810 199.734000 1933.190000 -13 255 1 0 1.000000
-1.052770 -0.643045 0 -0.807650 21.123200 194.412000 1933.140000 -13 256 1 0 1.000000
-1.254950 -1.190030 0 -0.578633 -1.719740 185.169000 1933.190000 -13 257 1 0 1.000000
-0.865622 -1.656720 0 5.239950 17.482700 191.454000 1933.160000 -13 258 1 0 1.000000
-1.652310 -0.549532 0 4.176520 -3.774740 204.243000 1933.180000 -13 259 1 0 1.000000
-1.440940 -2.861660 0 12.988000 -3.050410 193.216000 1933.060000 -13 260 1 0 1.000000
0.223407 -2.039350 0 4.659350 17.167900 205.512000 1933.200000 -13 261 1 0 1.000000
-2.986780 -1.818210 0 -2.465510 -0.817678 205.296000 1933.250000 -13 262 1 0 1.000000
0.405077 -2.775910 0 10.660100 12.510900 185.159000 1933.110000 -13 263 1 0 1.000000
-3.708520 -1.767990 0 2.390930 3.917660 193.562000 1933.100000 -13 264 1 0 1.000000
-0.261618 -2.172590 0 -5.287550 1.091970 186.997000 1933.210000 -13 265 1 0 1.000000
-0.026267 -1.471680 0 7.146050 12.735300 190.281000 1933.240000 -13 266 1 0 1.000000
0.650211 -1.674380 0 0.957910 -2.207110 193.618000 1933.280000 -13 267 1 0 1.000000
-1.979100 -1.685170 0 0.098966 1.444930 197.853000 1933.190000 -13 268 1 0 1.000000
-1.042890 -1.626520 0 -5.428940 -5.475080 191.191000 1933.130000 -13 269 1 0 1.000000
-0.960216 -0.516863 0 -12.616800 6.194700 186.987000 1933.190000 -13 270 1 0 1.000000
-2.332910 -0.584565 0 0.967662 -5.471620 196.032000 1933.080000 -13 271 1 0 1.000000
-2.422220 -0.162121 0 -0.908005 -26.028700 202.634000 1933.180000 -13 272 1 0 1.000000
-2.612950 -0.470949 0 -3.853150 13.830100 196.691000 1933.240000 -13 273 1 0 1.000000
-2.364200 1.616670 0 -5.963500 12.639000 193.135000 1933.100000 -13 274 1 0 1.000000
-0.906349 -3.189740 0 -6.188610 12.274800 200.847000 1933.100000 -13 275 1 0 1.000000
-2.874120 -0.824955 0 4.439570 -11.675600 186.566000 1933.190000 -13 276 1 0 1.000000
0.608601 -0.189552 0 2.755950 9.227210 192.754000 1933.210000 -13 277 1 0 1.000000
-0.716381 0.101292 0 -1.584330 19.917000 188.818000 1933.100000 -13 278 1 0 1.000000
-2.824400 -2.027240 0 -1.200530 -27.637300 188.505000 1933.170000 -13 279 1 0 1.000000
-1.916230 -2.671660 0 -2.665840 -6.617740 203.377000 1933.160000 -13 280 1 0 1.000000
-3.597680 -2.692980 0 3.279340 8.681240 189.800000 1933.040000 -13 281 1 0 1.000000
-2.676850 0.509830 0 -4.902810 -14.262400 205.765000 1933.230000 -13 282 1 0 1.000000
-1.281460 0.959990 0 -7.646690 -4.913490 183.452000 1933.100000 -13 283 1 0 1.000000
-3.979710 -1.727820 0 -14.433300 -5.881140 195.361000 1933.060000 -13 284 1 0 1.000000
-1.415010 -0.941370 0 7.488790 -0.508300 193.475000 1933.280000 -13 285 1 0 1.000000
-3.805090 -1.960400 0 5.603080 5.799100 204.251000 1933.270000 -13 286 1 0 1.000000
-1.054130 -0.385605 0 9.971000 -5.643810 177.019000 1933.120000 -13 287 1 0 1.000000
-1.387970 -1.788310 0 28.257300 -1.109510 205.093000 1933.200000 -13 288 1 0 1.000000
-1.315910 -2.333100 0 13.935400 -6.619260 200.890000 1933.260000 -13 289 1 0 1.000000
2.178140 0.615595 0 -0.416480 7.434390 196.543000 1933.180000 -13 290 1 0 1.000000
-3.375430 -1.739310 0 12.308400 -16.053200 187.872000 1933.140000 -13 291 1 0 1.000000
-3.747480 -1.850430 0 4.966920 -0.186833 197.421000 1933.170000 -13 292 1 0 1.000000
-2.268160 -3.756210 0 -13.472000 -1.816510 198.314000 1933.140000 -13 293 1 0 1.000000
-2.811770 -1.138130 0 16.820900 12.116400 198.721000 1933.170000 -13 294 1 0 1.000000
-1.172290 -3.198760 0 -1.020910 -7.524220 198.980000 1932.990000 -13 295 1 0 1.000000
-2.839960 -2.726240 0 -0.004364 -1.627230 194.727000 1933.140000 -13 296 1 0 1.000000
-2.638910 -3.989320 0 -2.791610 5.171290 203.563000 1933.230000 -13 297 1 0 1.000000
-1.856190 -0.264792 0 -0.056602 0.662389 194.315000 1933.260000 -13 298 1 0 1.000000
-1.023970 -1.656610 0 -1.498300 6.284540 204.805000 1933.150000 -13 299 1 0 1.000000
-0.482452 1.889740 0 3.466620 12.885600 181.450000 1933.090000 -13 300 1 0 1.000000
-2.553110 1.402290 0 -1.254180 -3.437950 188.139000 1933.120000 -13 301 1 0 1.000000
0.186782 -2.421170 0 11.060500 2.497220 192.480000 1933.090000 -13 302 1 0 1.000000
-2.962340 -3.407880 0 -2.609360 -6.335180 204.858000 1933.200000 -13 303 1 0 1.000000
0.342998 -1.700110 0 6.002230 19.024100 202.789000 1933.220000 -13 304 1 0 1.000000
-0.765196 -2.277870 0 -13.984700 12.903200 205.717000 1933.160000 -13 305 1 0 1.000000
0.826598 1.558530 0 -13.800200 13.134400 201.320000 1933.210000 -13 306 1 0 1.000000
-0.577436 -1.552910 0 -8.551160 7.217040 182.102000 1933.250000 -13 307 1 0 1.000000
-1.055110 -1.268250 0 2.291670 -14.938100 181.128000 1933.250000 -13 308 1 0 1.000000
-1.966530 -2.384940 0 -10.211300 3.542910 200.647000 1933.140000 -13 309 1 0 1.000000
-2.614290 -3.377450 0 -2.986050 -10.248200 197.418000 1933.220000 -13 310 1 0 1.000000
-1.613040 -2.485600 0 3.156570 -6.561170 195.437000 1933.070000 -13 311 1 0 1.000000
-1.127320 -1.454410 0 -0.217517 9.435710 194.914000 1933.100000 -13 312 1 0 1.000000
-0.296701 -2.137430 0 3.033760 17.566700 184.202000 1933.190000 -13 313 1 0 1.000000
-1.278950 -1.613070 0 -14.468300 0.128119 184.318000 1933.150000 -13 314 1 0 1.000000
-0.647179 -0.079628 0 -13.248000 5.916210 193.315000 1933.220000 -13 315 1 0 1.000000
-1.109160 -4.742850 0 20.760900 -7.056680 202.912000 1933.340000 -13 316 1 0 1.000000
-3.953870 -1.186320 0 -6.075740 2.881160 187.544000 1933.110000 -13 317 1 0 1.000000
-0.421478 -0.507690 0 12.585500 5.676740 186.454000 1933.050000 -13 318 1 0 1.000000
0.244172 -4.747300 0 8.669770 -15.476800 187.989000 1933.300000 -13 319 1 0 1.000000
-2.750580 -0.486880 0 -3.177070 -6.736790 181.141000 1933.060000 -13 320 1 0 1.000000
-2.585480 -0.423793 0 -7.900380 -12.145500 209.044000 1933.260000 -13 321 1 0 1.000000
0.250084 -1.710650 0 -8.630230 -15.200400 207.843000 1933.210000 -13 322 1 0 1.000000
-3.154360 -2.286630 0 -5.440880 2.063840 188.648000 1933.150000 -13 323 1 0 1.000000
-0.786079 0.948769 0 10.792900 16.780600 203.803000 1933.180000 -13 324 1 0 1.000000
-3.872440 0.967097 0 6.167870 3.187470 205.108000 1933.220000 -13 325 1 0 1.000000
-0.918406 -2.160150 0 -11.510200 -1.344160 208.367000 1933.240000 -13 326 1 0 1.000000
-0.862926 -2.426710 0 -18.974200 12.624300 204.292000 1933.270000 -13 327 1 0 1.000000
-1.518780 -1.550920 0 3.856940 8.788590 182.789000 1933.000000 -13 328 1 0 1.000000
-2.352450 -1.121400 0 -12.683800 -0.017283 173.120000 1933.200000 -13 329 1 0 1.000000
-3.212340 -0.871731 0 -0.559660 2.079150 197.373000 1933.280000 -13 330 1 0 1.000000
0.384314 -3.993190 0 -11.137900 12.035200 183.175000 1933.190000 -13 331 1 0 1.000000
1.232680 -0.826827 0 11.484500 -5.689850 188.318000 1933.170000 -13 332 1 0 1.000000
-2.200160 1.700850 0 -14.574600 -1.069310 189.177000 1933.160000 -13 333 1 0 1.000000
-0.992302 -1.170670 0 -5.456470 -3.737350 203.358000 1933.180000 -13 334 1 0 1.000000
0.030033 -0.490431 0 5.105210 14.122900 190.543000 1933.170000 -13 335 1 0 1.000000
-0.048067 -2.900650 0 -8.483830 12.035100 182.656000 1933.260000 -13 336 1 0 1.000000
0.919403 0.075362 0 -5.256880 10.918800 188.833000 1933.180000 -13 337 1 0 1.000000
0.048443 -3.817350 0 8.652150 -10.336400 198.381000 1933.360000 -13 338 1 0 1.000000
0.236690 0.292930 0 -5.449800 -19.258300 202.059000 1933.250000 -13 339 1 0 1.000000
1.571020 -0.282941 0 -4.480510 18.079200 182.511000 1933.090000 -13 340 1 0 1.000000
-2.267990 0.287868 0 0.147729 6.874050 204.015000 1933.330000 -13 341 1 0 1.000000
-2.046070 -2.497760 0 -15.539700 11.662300 201.621000 1933.140000 -13 342 1 0 1.000000
0.342761 -2.226630 0 -13.628600 -4.320390 180.965000 1933.350000 -13 343 1 0 1.000000
1.822390 -1.536380 0 -5.319080 0.826092 184.465000 1933.300000 -13 344 1 0 1.000000
-1.381080 0.083441 0 3.551060 -17.746700 192.225000 1933.130000 -13 345 1 0 1.000000
-3.524480 -1.022640 0 7.265670 0.009195 192.991000 1933.280000 -13 346 1 0 1.000000
-1.511950 -0.583318 0 6.232210 -7.462080 184.552000 1933.100000 -13 347 1 0 1.000000
-1.030840 -1.487650 0 -3.965700 3.819480 196.430000 1933.150000 -13 348 1 0 1.000000
0.377416 -2.482330 0 6.353150 -5.704080 199.314000 1933.190000 -13 349 1 0 1.000000
-1.674990 -0.866498 0 -3.813710 8.082310 192.293000 1933.130000 -13 350 1 0 1.000000
-2.511480 -0.256505 0 1.348800 17.079800 202.360000 1933.260000 -13 351 1 0 1.000000
-1.688130 -0.489073 0 4.341390 9.532460 202.063000 1933.210000 -13 352 1 0 1.000000
-1.719850 -1.200420 0 6.681250 4.082730 193.179000 1933.210000 -13 353 1 0 1.000000
0.109451 -0.739518 0 -14.571500 14.542000 200.141000 1933.140000 -13 354 1 0 1.000000
0.115292 -2.154600 0 -23.226900 7.074210 186.451000 1933.090000 -13 355 1 0 1.000000
-1.614760 -3.339390 0 -6.864850 -10.743700 187.478000 1933.190000 -13 356 1 0 1.000000
0.216566 -1.336750 0 -12.031100 8.433750 191.605000 1933.170000 -13 357 1 0 1.000000
-0.968818 -5.023820 0 9.397320 -5.406400 192.715000 1933.150000 -13 358 1 0 1.000000
-0.247727 0.516926 0 -10.707300 2.813440 184.064000 1933.230000 -13 359 1 0 1.000000
0.466122 -1.770260 0 -17.671800 5.356260 185.232000 1933.340000 -13 360 1 0 1.000000
-0.546489 -0.596637 0 7.551860 -4.072330 206.621000 1933.290000 -13 361 1 0 1.000000
0.733730 0.136015 0 -8.654080 11.920600 202.166000 1933.300000 -13 362 1 0 1.000000
-0.866646 -2.076320 0 -5.315980 6.790840 201.118000 1933.320000 -13 363 1 0 1.000000
0.670562 -0.256750 0 -2.542080 12.068900 190.127000 1933.210000 -13 364 1 0 1.000000
-1.555070 -0.258741 0 1.628100 -2.771480 196.525000 1933.330000 -13 365 1 0 1.000000
0.527978 -2.089930 0 6.683840 11.205700 180.595000 1933.210000 -13 366 1 0 1.000000
-0.691419 -1.304610 0 -16.756600 25.659000 191.863000 1933.160000 -13 367 1 0 1.000000
-3.659820 0.203340 0 8.116200 -3.816960 206.195000 1933.180000 -13 368 1 0 1.000000
-0.365294 -0.853383 0 -4.698600 -10.700200 207.964000 1933.160000 -13 369 1 0 1.000000
0.175731 -3.790350 0 -17.432800 -14.290100 192.383000 1933.170000 -13 370 1 0 1.000000
-1.219290 -2.896840 0 13.457000 -7.685410 188.124000 1933.230000 -13 371 1 0 1.000000
0.468985 -3.762710 0 3.785160 2.680550 197.710000 1933.310000 -13 372 1 0 1.000000
-2.982770 -1.771950 0 10.664600 -6.179460 194.810000 1933.160000 -13 373 1 0 1.000000
-1.240860 -4.362390 0 -4.113540 4.265110 189.943000 1933.140000 -13 374 1 0 1.000000
-1.427900 -1.630150 0 -3.823380 17.254600 183.908000 1933.150000 -13 375 1 0 1.000000
-1.023040 -4.066720 0 -2.275010 -4.433890 204.002000 1933.400000 -13 376 1 0 1.000000
-1.914080 -0.440533 0 -1.918330 1.735020 185.367000 1933.150000 -13 377 1 0 1.000000
-1.616740 -2.602330 0 3.421970 -11.092000 190.737000 1932.990000 -13 378 1 0 1.000000
0.322867 -1.838580 0 5.444400 3.793300 183.330000 1933.150000 -13 379 1 0 1.000000
-4.850020 -4.725920 0 -8.487660 13.821400 187.867000 1933.180000 -13 380 1 0 1.000000
0.089573 0.353800 0 1.279710 -8.984920 191.896000 1933.100000 -13 381 1 0 1.000000
-2.366200 -0.856739 0 5.979070 8.908520 193.187000 1933.390000 -13 382 1 0 1.000000
-1.801490 -0.870411 0 -10.445800 -6.359310 195.887000 1933.080000 -13 383 1 0 1.000000
-1.576660 -0.886973 0 12.173700 -18.113500 180.278000 1933.180000 -13 384 1 0 1.000000
-3.915850 -2.716910 0 -0.974262 12.336800 200.737000 1933.250000 -13 385 1 0 1.000000
-1.205040 -1.030950 0 -9.948920 -4.726310 203.656000 1933.130000 -13 386 1 0 1.000000
-0.234121 0.068010 0 0.871931 5.988550 201.485000 1933.190000 -13 387 1 0 1.000000
-3.319500 -4.030940 0 7.504350 -1.937630 193.610000 1933.210000 -13 388 1 0 1.000000
1.939270 -1.699550 0 -9.257250 -3.377570 193.014000 1933.150000 -13 389 1 0 1.000000
-0.528728 0.128489 0 0.759704 17.360800 190.642000 1933.100000 -13 390 1 0 1.000000
-1.112480 -1.324110 0 2.650600 -13.825800 180.785000 1933.200000 -13 391 1 0 1.000000
-2.899350 -3.604090 0 -2.272050 3.750220 198.446000 1933.120000 -13 392 1 0 1.000000
-3.385710 -3.518670 0 11.751400 -6.565260 196.159000 1933.140000 -13 393 1 0 1.000000
-1.064250 2.343530 0 0.637524 1.898550 192.475000 1933.130000 -13 394 1 0 1.000000
0.137234 -0.331856 0 -3.778270 7.586770 189.041000 1933.100000 -13 395 1 0 1.000000
0.649705 -1.602920 0 -16.762300 -9.618890 201.702000 1933.290000 -13 396 1 0 1.000000
-1.202390 -2.356010 0 0.010008 -0.387920 190.871000 1933.070000 -13 397 1 0 1.000000
0.467208 -4.070370 0 -8.662350 -11.440700 195.722000 1933.110000 -13 398 1 0 1.000000
-2.910110 -4.717470 0 3.611930 5.347660 193.940000 1933.210000 -13 399 1 0 1.000000
-0.238387 -2.825350 0 -23.022200 -1.441400 180.391000 1933.150000 -13 400 1 0 1.000000
-3.569490 -2.172150 0 -5.059540 -0.759988 182.946000 1933.270000 -13 401 1 0 1.000000
1.110520 -1.597340 0 -5.032600 -7.764480 204.824000 1933.090000 -13 402 1 0 1.000000
-3.373570 -2.595960 0 -14.636200 7.793740 191.168000 1933.070000 -13 403 1 0 1.000000
2.201890 -2.449500 0 -10.959200 -0.072265 199.807000 1933.070000 -13 404 1 0 1.000000
-1.511050 -3.544340 0 4.846040 -4.386100 197.844000 1933.240000 -13 405 1 0 1.000000
-2.815590 -1.894880 0 -2.455040 -9.889350 188.007000 1933.280000 -13 406 1 0 1.000000
-2.502370 0.969476 0 1.072880 -2.880320 190.348000 1933.130000 -13 407 1 0 1.000000
-1.801140 -0.239066 0 -12.947400 1.009870 183.238000 1933.100000 -13 408 1 0 1.000000
-1.179760 -2.654170 0 2.859590 -4.192790 201.253000 1933.330000 -13 409 1 0 1.000000
-1.095740 -4.950170 0 13.756400 11.499400 206.099000 1933.240000 -13 410 1 0 1.000000
0.744734 0.615755 0 2.022020 12.229900 184.649000 1933.080000 -13 411 1 0 1.000000
-1.760380 -0.636830 0 -2.809040 1.676470 189.760000 1933.160000 -13 412 1 0 1.000000
-1.935150 -1.661920 0 2.182290 3.594800 194.251000 1933.170000 -13 413 1 0 1.000000
-4.494450 -1.678890 0 2.967120 -12.321200 204.373000 1933.030000 -13 414 1 0 1.000000
0.677088 -3.071460 0 21.901500 -7.362730 184.482000 1933.060000 -13 415 1 0 1.000000
-1.595360 -0.898409 0 -6.866160 -15.423400 181.712000 1933.240000 -13 416 1 0 1.000000
0.244993 -3.688600 0 5.950560 3.545530 192.510000 1933.240000 -13 417 1 0 1.000000
0.192124 -3.739190 0 19.458600 -12.740900 199.872000 1933.120000 -13 418 1 0 1.000000
-0.286890 -3.870390 0 -3.071240 -3.127340 192.082000 1933.180000 -13 419 1 0 1.000000
-2.362750 -3.813400 0 -10.456900 3.545710 189.441000 1933.250000 -13 420 1 0 1.000000
-2.119150 0.309498 0 -11.741800 5.468900 198.747000 1933.150000 -13 421 1 0 1.000000
-0.583834 -3.259110 0 -10.675200 -4.649810 197.705000 1933.130000 -13 422 1 0 1.000000
-0.294423 -2.135140 0 6.137640 13.134700 194.463000 1933.210000 -13 423 1 0 1.000000
-1.793110 0.664824 0 -8.803180 -6.686350 184.275000 1933.080000 -13 424 1 0 1.000000
-0.988055 -3.503750 0 8.028920 -11.229800 184.375000 1933.100000 -13 425 1 0 1.000000
-1.100960 2.119200 0 -1.753180 1.927190 207.448000 1933.230000 -13 426 1 0 1.000000
-3.133740 -0.876894 0 -9.834720 -10.011400 207.626000 1933.250000 -13 427 1 0 1.000000
-3.432510 -0.814704 0 -8.885400 4.441030 203.987000 1933.290000 -13 428 1 0 1.000000
-1.045670 -3.138120 0 5.266420 -11.670400 196.170000 1933.000000 -13 429 1 0 1.000000
-0.193245 -2.177970 0 12.579100 -3.839790 184.921000 1933.230000 -13 430 1 0 1.000000
-5.172070 -1.066710 0 6.478560 3.012600 195.968000 1933.260000 -13 431 1 0 1.000000
-0.688637 -1.473000 0 -4.472890 -4.822910 197.667000 1933.150000 -13 432 1 0 1.000000
0.443969 -0.850136 0 16.191400 -0.638788 199.241000 1933.140000 -13 433 1 0 1.000000
-3.105300 -1.515690 0 12.638600 -11.403400 190.161000 1933.080000 -13 434 1 0 1.000000
-1.497260 -1.806910 0 6.203930 -8.403230 202.497000 1933.250000 -13 435 1 0 1.000000
-1.909620 0.204018 0 -12.354500 -8.813180 188.313000 1933.170000 -13 436 1 0 1.000000
-0.466277 0.020274 0 -7.621830 -0.192352 194.967000 1933.150000 -13 437 1 0 1.000000
-1.050000 -0.760267 0 15.731500 -3.045590 196.503000 1933.280000 -13 438 1 0 1.000000
-1.189350 0.423149 0 -12.248800 -2.869490 187.839000 1933.140000 -13 439 1 0 1.000000
-0.608618 0.163725 0 16.048900 -23.672300 195.204000 1933.210000 -13 440 1 0 1.000000
-2.517600 -2.373510 0 2.617600 9.328990 188.272000 1933.120000 -13 441 1 0 1.000000
0.667007 -1.781680 0 5.533990 -3.101440 189.530000 1933.060000 -13 442 1 0 1.000000
1.438230 -0.801279 0 -16.634200 -9.465160 185.345000 1933.250000 -13 443 1 0 1.000000
-2.084030 -0.994624 0 -18.357600 -17.302300 205.336000 1933.370000 -13 444 1 0 1.000000
-0.301175 -3.482540 0 0.158995 -1.598780 185.988000 1933.250000 -13 445 1 0 1.000000
0.078688 -0.649091 0 2.711800 -4.840670 190.000000 1933.160000 -13 446 1 0 1.000000
-0.123667 -2.539190 0 8.519520 -10.855800 197.017000 1933.160000 -13 447 1 0 1.000000
1.536780 -2.178080 0 12.868100 -1.917770 198.594000 1933.160000 -13 448 1 0 1.000000
-3.714450 -1.243240 0 -11.689700 0.223163 206.469000 1933.170000 -13 449 1 0 1.000000
-0.282418 -1.182550 0 9.353270 -8.539790 190.781000 1933.170000 -13 450 1 0 1.000000
0.738540 -2.872310 0 0.119185 20.801500 185.859000 1933.190000 -13 451 1 0 1.000000
-1.836050 -0.770120 0 6.185760 1.821840 202.017000 1933.300000 -13 452 1 0 1.000000
-0.976559 0.403453 0 -3.576120 -18.650500 198.869000 1933.180000 -13 453 1 0 1.000000
-0.677774 -0.836812 0 -0.047530 -9.167870 199.106000 1933.170000 -13 454 1 0 1.000000
-1.171130 -2.975880 0 -0.447144 -3.059550 200.595000 1933.230000 -13 455 1 0 1.000000
-0.801564 0.898388 0 -12.309200 -12.210600 182.390000 1933.150000 -13 456 1 0 1.000000
1.982700 -2.923300 0 5.565640 13.726900 187.126000 1933.060000 -13 457 1 0 1.000000
1.131900 -0.077597 0 -0.842420 -14.316500 190.565000 1933.190000 -13 458 1 0 1.000000
-0.738856 -2.982670 0 -1.043160 -2.379370 183.319000 1933.110000 -13 459 1 0 1.000000
-0.600706 -2.256030 0 -1.754120 -1.808860 186.953000 1933.240000 -13 460 1 0 1.000000
-1.798970 -2.165680 0 2.306210 -17.780900 207.875000 1933.180000 -13 461 1 0 1.000000
-1.933870 0.654830 0 -11.231900 8.555250 206.751000 1933.050000 -13 462 1 0 1.000000
-1.352430 0.118994 0 -4.476780 -2.030190 184.706000 1933.190000 -13 463 1 0 1.000000
1.130830 -3.425480 0 -4.672800 2.936130 186.357000 1933.130000 -13 464 1 0 1.000000
-1.892800 0.137678 0 -1.438710 12.145500 198.370000 1933.300000 -13 465 1 0 1.000000
-3.063070 -3.618010 0 -7.831740 -7.037730 189.170000 1933.120000 -13 466 1 0 1.000000
-1.082860 -0.307655 0 -18.872000 -9.957420 191.978000 1933.180000 -13 467 1 0 1.000000
0.421896 -3.109820 0 -1.690120 -4.896890 194.394000 1933.100000 -13 468 1 0 1.000000
0.105146 -2.308540 0 3.458660 3.101320 197.239000 1933.280000 -13 469 1 0 1.000000
0.280812 -2.530570 0 8.173160 -9.603560 185.896000 1933.320000 -13 470 1 0 1.000000
-3.613460 -3.247470 0 -8.015880 16.344800 206.683000 1933.250000 -13 471 1 0 1.000000
-0.528845 -2.269690 0 -11.795000 -2.267810 203.833000 1933.320000 -13 472 1 0 1.000000
-2.819990 -1.905820 0 6.472990 -4.374870 198.700000 1933.220000 -13 473 1 0 1.000000
-1.467050 -3.722730 0 15.541700 2.723570 184.996000 1933.140000 -13 474 1 0 1.000000
0.959174 -0.440098 0 -4.676040 -2.335850 184.789000 1933.250000 -13 475 1 0 1.000000
-0.111385 -0.493523 0 9.506380 -1.044220 184.814000 1933.140000 -13 476 1 0 1.000000
-1.748000 -4.171200 0 18.682100 5.549680 186.007000 1933.210000 -13 477 1 0 1.000000
-0.941748 -3.456130 0 1.210500 5.363210 200.257000 1933.310000 -13 478 1 0 1.000000
-1.913710 -1.368070 0 7.412210 6.309730 195.133000 1933.030000 -13 479 1 0 1.000000
-3.922820 -2.812930 0 1.952900 -4.498330 203.724000 1933.140000 -13 480 1 0 1.000000
-0.066117 -2.202510 0 16.273600 -6.065280 179.286000 1933.110000 -13 481 1 0 1.000000
-3.696760 -2.580790 0 5.963880 -5.576780 202.826000 1933.130000 -13 482 1 0 1.000000
-1.189650 -1.744470 0 7.512560 -6.342840 191.923000 1933.140000 -13 483 1 0 1.000000
-2.619140 -1.303320 0 9.020890 1.494960 200.366000 1933.080000 -13 484 1 0 1.000000
-1.467630 -3.912990 0 -8.651630 1.241790 185.079000 1933.120000 -13 485 1 0 1.000000
-1.514070 -2.279090 0 13.940500 -7.664000 196.572000 1933.120000 -13 486 1 0 1.000000
0.204514 -4.848190 0 9.759240 -3.416770 192.663000 1933.360000 -13 487 1 0 1.000000
-0.128087 0.183475 0 2.305880 8.784780 185.701000 1933.180000 -13 488 1 0 1.000000
-2.405520 -0.365452 0 16.268100 11.503500 198.948000 1933.230000 -13 489 1 0 1.000000
-1.034790 0.237589 0 14.024400 -0.444457 208.754000 1933.210000 -13 490 1 0 1.000000
0.307801 -3.879630 0 6.741690 4.229970 194.022000 1932.990000 -13 491 1 0 1.000000
-3.157700 -2.503340 0 1.887650 -16.567300 196.712000 1933.330000 -13 492 1 0 1.000000
0.110329 1.794140 0 -12.722800 -1.607020 185.783000 1933.150000 -13 493 1 0 1.000000
-4.508150 -0.702964 0 -8.414620 -8.142120 200.365000 1933.170000 -13 494 1 0 1.000000
-0.484936 -4.578120 0 7.671830 -16.459200 184.982000 1933.050000 -13 495 1 0 1.000000
-1.531930 -0.752980 0 -6.059570 8.547440 180.394000 1933.120000 -13 496 1 0 1.000000
-1.328510 -3.516620 0 10.433400 0.645482 199.773000 1933.220000 -13 497 1 0 1.000000
0.025221 -3.871030 0 0.433710 18.728300 187.070000 1933.240000 -13 498 1 0 1.000000
-0.991021 -2.337470 0 5.879760 -10.730300 206.001000 1933.320000 -13 499 1 0 1.000000
-2.365180 -2.101700 0 -1.630820 9.691590 200.533000 1933.260000 -13 500 1 0 1.000000
-2.049860 -1.865340 0 -3.965470 5.298580 200.004000 1933.300000 -13 501 1 0 1.000000
-1.613770 0.268632 0 -11.742000 7.520800 191.446000 1933.140000 -13 502 1 0 1.000000
3.047770 -2.470880 0 -2.196130 -3.301310 185.764000 1933.280000 -13 503 1 0 1.000000
-1.419390 -1.387440 0 -7.539970 9.778280 194.580000 1933.200000 -13 504 1 0 1.000000
-1.240160 -4.258870 0 15.161100 2.070420 188.292000 1933.210000 -13 505 1 0 1.000000
-1.000170 -1.712870 0 8.821530 -8.299950 198.632000 1933.160000 -13 506 1 0 1.000000
-2.453410 -3.236170 0 14.395800 9.930970 198.563000 1933.310000 -13 507 1 0 1.000000
0.483369 -1.604630 0 -7.644130 7.884000 191.766000 1933.190000 -13 508 1 0 1.000000
0.405992 -2.605010 0 -0.942639 -1.171000 199.771000 1933.340000 -13 509 1 0 1.000000
0.272713 -2.797860 0 16.448600 21.586800 192.424000 1933.180000 -13 510 1 0 1.000000
1.348350 -0.771859 0 -6.744880 8.255490 196.031000 1933.060000 -13 511 1 0 1.000000
-0.301680 0.104308 0 0.668180 -15.144700 187.939000 1933.050000 -13 512 1 0 1.000000
1.016010 -0.499640 0 -10.117800 -15.113000 199.751000 1933.200000 -13 513 1 0 1.000000
-4.639690 -2.801280 0 -7.004740 -7.322840 203.516000 1933.230000 -13 514 1 0 1.000000
0.430218 -2.214590 0 4.176000 11.911500 193.272000 1933.170000 -13 515 1 0 1.000000
-1.833690 -0.148796 0 2.040170 -11.166900 194.824000 1933.100000 -13 516 1 0 1.000000
-2.386010 -2.433770 0 4.763460 8.037570 206.082000 1933.170000 -13 517 1 0 1.000000
0.417206 -3.273850 0 3.600880 0.690766 189.218000 1933.050000 -13 518 1 0 1.000000
-3.994280 -2.122960 0 -2.897730 -16.812100 194.181000 1933.210000 -13 519 1 0 1.000000
-3.987930 -3.157020 0 -9.010370 10.052300 201.552000 1933.150000 -13 520 1 0 1.000000
0.866363 -3.624810 0 13.919100 0.414233 180.281000 1933.160000 -13 521 1 0 1.000000
-2.300600 1.397130 0 -20.789800 12.304800 205.442000 1933.270000 -13 522 1 0 1.000000
0.184657 -0.775130 0 23.193400 -14.330700 190.187000 1933.160000 -13 523 1 0 1.000000
-1.270780 -1.911940 0 -10.372400 2.233970 195.204000 1933.150000 -13 524 1 0 1.000000
-3.680960 -1.367880 0 -8.224280 -12.271000 196.346000 1933.160000 -13 525 1 0 1.000000
-1.910780 0.698263 0 -4.540070 10.492700 197.097000 1933.330000 -13 526 1 0 1.000000
-3.783420 -0.047749 0 -7.778890 6.133950 202.039000 1933.050000 -13 527 1 0 1.000000
-2.679780 -4.455100 0 11.836700 12.879000 212.478000 1933.160000 -13 528 1 0 1.000000
-0.276641 -1.660390 0 6.965560 -5.672870 197.065000 1933.330000 -13 529 1 0 1.000000
1.332170 -2.900830 0 4.251010 22.986000 197.444000 1933.120000 -13 530 1 0 1.000000
1.869000 -1.759640 0 -10.772000 -19.576400 191.864000 1933.130000 -13 531 1 0 1.000000
1.369090 -2.220600 0 -8.126810 15.216900 179.930000 1933.150000 -13 532 1 0 1.000000
-1.428650 -0.599636 0 4.869400 -2.117160 198.567000 1933.150000 -13 533 1 0 1.000000
-0.279695 1.225230 0 -3.665950 -7.243340 196.483000 1933.080000 -13 534 1 0 1.000000
-1.481530 -1.721670 0 -12.872300 1.149340 199.942000 1933.120000 -13 535 1 0 1.000000
0.014817 -2.089340 0 11.725100 1.115110 190.278000 1933.240000 -13 536 1 0 1.000000
0.072901 -1.625200 0 -4.206860 16.329800 198.795000 1933.330000 -13 537 1 0 1.000000
0.366540 -1.100980 0 3.000420 16.056400 189.580000 1933.300000 -13 538 1 0 1.000000
-1.521330 -2.951510 0 7.994010 4.522320 182.974000 1933.140000 -13 539 1 0 1.000000
0.654143 -0.481855 0 2.023970 12.848000 177.136000 1933.150000 -13 540 1 0 1.000000
-1.967930 -2.274540 0 1.470670 -4.213430 184.328000 1933.180000 -13 541 1 0 1.000000
0.951161 -2.668350 0 -1.231390 -2.453960 190.296000 1933.100000 -13 542 1 0 1.000000
-1.119830 -0.832422 0 -5.519000 -0.571617 183.319000 1933.200000 -13 543 1 0 1.000000
-0.881492 -2.332010 0 2.550260 23.486500 196.220000 1933.160000 -13 544 1 0 1.000000
0.712738 -0.370728 0 -3.051630 5.050020 184.654000 1933.080000 -13 545 1 0 1.000000
-0.865769 -1.446190 0 -3.676640 -7.640550 195.213000 1933.080000 -13 546 1 0 1.000000
0.296001 0.825920 0 -11.572700 11.593700 188.036000 1933.080000 -13 547 1 0 1.000000
1.897280 -4.095010 0 6.385250 12.343600 198.675000 1933.130000 -13 548 1 0 1.000000
-0.146671 -1.053950 0 5.106420 14.684400 191.973000 1933.040000 -13 549 1 0 1.000000
-3.196370 -0.826839 0 7.272220 -4.085820 192.803000 1933.180000 -13 550 1 0 1.000000
-0.058872 -3.581130 0 1.223940 19.023800 195.363000 1933.050000 -13 551 1 0 1.000000
-2.703330 -0.419827 0 14.752100 10.877100 196.511000 1933.250000 -13 552 1 0 1.000000
-1.213770 -3.420060 0 2.752550 11.650400 201.270000 1933.200000 -13 553 1 0 1.000000
-1.684310 -1.714230 0 23.327900 6.759350 193.348000 1933.280000 -13 554 1 0 1.000000
-0.133916 -1.717040 0 -19.379200 -5.824920 204.841000 1933.330000 -13 555 1 0 1.000000
-1.824290 -1.950560 0 5.863660 -0.200559 206.082000 1933.170000 -13 556 1 0 1.000000
0.631624 -3.043030 0 -8.024940 11.436400 190.321000 1933.320000 -13 557 1 0 1.000000
-0.156444 0.050209 0 15.003200 -16.996600 181.125000 1933.170000 -13 558 1 0 1.000000
-2.098190 -1.400990 0 -9.560130 2.089380 204.893000 1933.290000 -13 559 1 0 1.000000
-1.033040 -1.462120 0 23.710500 -7.613270 195.885000 1933.210000 -13 560 1 0 1.000000
-4.016190 -4.841100 0 -7.778300 -2.863200 200.211000 1933.080000 -13 561 1 0 1.000000
-0.375690 -2.138870 0 -1.768110 -1.736100 179.241000 1933.260000 -13 562 1 0 1.000000
-2.096140 -1.235240 0 -0.590268 19.577500 187.655000 1933.100000 -13 563 1 0 1.000000
-2.075370 -1.460900 0 18.136000 -10.384000 192.212000 1933.220000 -13 564 1 0 1.000000
-1.501620 -1.928040 0 12.013100 -13.085800 192.771000 1933.110000 -13 565 1 0 1.000000
0.729576 -0.266746 0 -6.686130 1.328110 203.817000 1933.320000 -13 566 1 0 1.000000
-1.393560 -1.039670 0 -5.382720 4.256800 191.954000 1933.140000 -13 567 1 0 1.000000
-2.385180 -1.978740 0 -23.518400 5.313850 207.447000 1933.200000 -13 568 1 0 1.000000
-2.463210 -0.177604 0 9.645440 -1.128420 198.047000 1933.120000 -13 569 1 0 1.000000
0.586286 -3.530310 0 4.904680 -8.589010 199.732000 1933.280000 -13 570 1 0 1.000000
-0.066605 -3.448690 0 6.157210 22.571300 191.926000 1933.240000 -13 571 1 0 1.000000
1.029920 -1.736120 0 -4.848850 -5.047610 184.261000 1933.180000 -13 572 1 0 1.000000
-1.869240 0.245756 0 13.080800 -18.314600 207.205000 1933.150000 -13 573 1 0 1.000000
0.777918 -1.005960 0 -3.999230 -9.247650 190.090000 1933.230000 -13 574 1 0 1.000000
0.043006 -1.935120 0 -12.368900 -18.397800 199.251000 1933.200000 -13 575 1 0 1.000000
-1.564830 -3.831740 0 8.013200 -6.916450 196.955000 1933.140000 -13 576 1 0 1.000000
-2.260670 0.102885 0 -10.430500 -4.382150 201.138000 1933.010000 -13 577 1 0 1.000000
-1.891050 -3.776750 0 12.941000 -5.531910 188.371000 1933.080000 -13 578 1 0 1.000000
-1.795170 -1.350550 0 2.221830 1.321780 193.381000 1933.030000 -13 579 1 0 1.000000
0.459451 -2.220820 0 -3.290890 -3.070000 200.090000 1933.300000 -13 580 1 0 1.000000
1.790040 -2.679690 0 -10.812300 -0.108826 201.142000 1933.200000 -13 581 1 0 1.000000
-1.131790 -0.923497 0 2.728170 21.096600 193.542000 1933.300000 -13 582 1 0 1.000000
-0.134918 -3.071420 0 14.290800 8.700840 196.700000 1933.090000 -13 583 1 0 1.000000
-3.526120 1.018790 0 -12.919200 -8.006440 199.318000 1933.150000 -13 584 1 0 1.000000
-0.895834 -0.269758 0 -3.963530 -2.371160 206.143000 1933.200000 -13 585 1 0 1.000000
-2.471970 -0.756542 0 7.921920 -17.135800 195.073000 1933.050000 -13 586 1 0 1.000000
-3.274250 0.130537 0 1.638470 7.739720 191.304000 1933.210000 -13 587 1 0 1.000000
-2.843350 -1.483900 0 -6.822090 9.489530 201.137000 1933.290000 -13 588 1 0 1.000000
-0.282051 -1.237180 0 -1.712510 15.304700 183.887000 1933.210000 -13 589 1 0 1.000000
-2.341190 0.169509 0 -17.024500 -10.911100 187.166000 1933.060000 -13 590 1 0 1.000000
-0.366516 -2.455760 0 5.871840 19.412100 191.676000 1933.180000 -13 591 1 0 1.000000
-2.148040 -3.478280 0 -0.460782 5.265760 196.815000 1933.180000 -13 592 1 0 1.000000
-0.703157 -2.959860 0 4.975190 -7.583350 203.473000 1933.280000 -13 593 1 0 1.000000
-2.517930 -0.131802 0 -1.233560 6.316250 196.291000 1933.220000 -13 594 1 0 1.000000
-0.650083 -1.102610 0 6.672310 0.486381 199.190000 1933.250000 -13 595 1 0 1.000000
-1.248230 0.279258 0 -17.396900 9.347540 199.445000 1933.190000 -13 596 1 0 1.000000
-0.628795 -2.772850 0 15.362400 6.906590 183.823000 1933.020000 -13 597 1 0 1.000000
-1.196300 -3.448880 0 -0.338900 -2.873760 200.929000 1933.200000 -13 598 1 0 1.000000
-3.779760 -2.771520 0 9.705260 16.127300 189.254000 1933.180000 -13 599 1 0 1.000000
-0.735691 -2.107150 0 -6.642740 16.749000 190.076000 1933.220000 -13 600 1 0 1.000000
-2.259050 -1.648270 0 -15.733500 4.970200 179.937000 1933.070000 -13 601 1 0 1.000000
-2.190260 -3.373260 0 6.007150 -10.576800 194.340000 1933.210000 -13 602 1 0 1.000000
-1.252520 -2.167490 0 0.240101 11.915100 179.274000 1933.290000 -13 603 1 0 1.000000
-1.166610 -0.660315 0 9.219980 0.717445 202.365000 1933.300000 -13 604 1 0 1.000000
-0.751161 -2.042370 0 -0.011142 -4.488680 182.364000 1933.210000 -13 605 1 0 1.000000
1.161670 0.049904 0 -5.269610 -15.726000 195.862000 1933.030000 -13 606 1 0 1.000000
-1.357980 -3.718270 0 12.322400 -5.273910 200.561000 1933.100000 -13 607 1 0 1.000000
-2.109430 -4.969610 0 -5.002840 -2.674540 190.725000 1933.260000 -13 608 1 0 1.000000
-0.565436 -2.831830 0 8.187840 0.768797 176.520000 1933.050000 -13 609 1 0 1.000000
-1.285060 -3.448640 0 8.167300 -9.221460 199.737000 1933.380000 -13 610 1 0 1.000000
-2.035400 -1.347040 0 10.645800 -4.226390 194.496000 1933.210000 -13 611 1 0 1.000000
-0.439377 -0.953264 0 -11.200900 -0.596924 204.904000 1933.140000 -13 612 1 0 1.000000
-1.071330 -4.287170 0 -12.192400 -3.485210 188.325000 1933.320000 -13 613 1 0 1.000000
-1.202120 -0.401457 0 2.250640 3.446520 185.710000 1933.340000 -13 614 1 0 1.000000
-1.710540 -2.217050 0 23.938700 -17.857600 193.976000 1933.180000 -13 615 1 0 1.000000
-1.465620 0.635131 0 -9.541700 2.355320 191.196000 1933.110000 -13 616 1 0 1.000000
-1.274520 -0.385654 0 -0.724886 7.756930 200.023000 1933.210000 -13 617 1 0 1.000000
1.073310 -1.143020 0 10.620800 -5.201710 185.188000 1933.170000 -13 618 1 0 1.000000
-1.968610 0.367707 0 -3.886590 25.115700 187.293000 1933.160000 -13 619 1 0 1.000000
-1.411200 -1.725860 0 3.625840 -6.458260 195.945000 1933.230000 -13 620 1 0 1.000000
-2.239000 -1.049080 0 -2.491200 -11.479900 193.609000 1933.250000 -13 621 1 0 1.000000
-0.400580 -0.661668 0 -3.251690 -2.622180 190.681000 1933.210000 -13 622 1 0 1.000000
-2.715110 -0.831968 0 22.313200 3.685130 206.122000 1933.270000 -13 623 1 0 1.000000
1.031850 -1.192310 0 3.933180 21.663500 195.964000 1933.130000 -13 624 1 0 1.000000
0.042465 -0.545379 0 -10.354900 -0.362001 182.361000 1933.130000 -13 625 1 0 1.000000
-1.647750 -0.872082 0 4.554540 -11.547700 202.482000 1933.180000 -13 626 1 0 1.000000
1.659320 -3.910980 0 2.155160 0.867029 190.582000 1933.190000 -13 627 1 0 1.000000
-4.526640 -1.271320 0 4.123110 2.821020 191.734000 1933.250000 -13 628 1 0 1.000000
-3.471080 -3.170080 0 1.466050 25.986100 196.096000 1933.260000 -13 629 1 0 1.000000
-0.077014 -1.813300 0 -4.696410 2.442760 199.614000 1933.090000 -13 630 1 0 1.000000
-0.716296 -1.151730 0 9.856480 0.776040 206.834000 1933.260000 -13 631 1 0 1.000000
-2.456910 -0.659547 0 6.242610 -5.881410 191.162000 1933.190000 -13 632 1 0 1.000000
-1.252030 1.055920 0 -0.389707 15.568500 182.057000 1933.060000 -13 633 1 0 1.000000
-0.660649 0.643172 0 -17.130000 2.369180 196.956000 1933.230000 -13 634 1 0 1.000000
-3.345740 -2.265080 0 8.146470 -0.917408 184.989000 1933.060000 -13 635 1 0 1.000000
-0.776263 -2.788860 0 -7.830890 9.722870 184.148000 1933.240000 -13 636 1 0 1.000000
0.233857 -3.521480 0 -7.825970 9.923250 200.889000 1933.210000 -13 637 1 0 1.000000
-0.544517 -1.342200 0 -9.410780 -19.950700 185.254000 1933.210000 -13 638 1 0 1.000000
-0.883282 0.905079 0 -18.654900 3.212800 196.836000 1933.250000 -13 639 1 0 1.000000
-1.011570 -0.091970 0 3.755360 -1.381680 190.001000 1933.230000 -13 640 1 0 1.000000
1.034010 0.808131 0 -3.675210 -3.823600 204.125000 1933.210000 -13 641 1 0 1.000000
0.992891 0.760778 0 -14.194300 9.319220 188.821000 1933.000000 -13 642 1 0 1.000000
-1.383630 -0.539464 0 -9.872970 13.257900 191.532000 1933.040000 -13 643 1 0 1.000000
-0.590346 -2.933530 0 3.103910 12.901700 182.781000 1933.140000 -13 644 1 0 1.000000
-1.988240 0.304527 0 -5.972570 2.949020 190.578000 1933.100000 -13 645 1 0 1.000000
-1.308050 -0.933286 0 8.631610 6.509750 191.520000 1933.200000 -13 646 1 0 1.000000
0.368587 -1.371180 0 -3.299990 -11.839700 188.344000 1933.170000 -13 647 1 0 1.000000
1.845220 -0.236459 0 2.339110 -5.727050 194.539000 1933.070000 -13 648 1 0 1.000000
-1.845170 -0.557736 0 0.274108 -3.866290 191.409000 1933.330000 -13 649 1 0 1.000000
-0.097514 -2.113930 0 -5.355580 15.458100 187.450000 1933.140000 -13 650 1 0 1.000000
-0.822123 -2.072920 0 1.857670 2.768210 187.214000 1933.200000 -13 651 1 0 1.000000
-0.086207 0.328037 0 -5.974470 27.711100 182.055000 1933.190000 -13 652 1 0 1.000000
-0.725312 -3.211270 0 6.601810 10.510100 195.807000 1933.230000 -13 653 1 0 1.000000
-2.257190 -0.604404 0 -11.521700 9.463730 196.002000 1933.190000 -13 654 1 0 1.000000
-2.263490 0.096685 0 -7.418570 6.615940 200.480000 1933.130000 -13 655 1 0 1.000000
0.524581 -1.822120 0 -0.934917 13.782800 189.713000 1933.160000 -13 656 1 0 1.000000
-0.993297 0.912478 0 -14.563100 -4.716490 182.308000 1933.260000 -13 657 1 0 1.000000
0.847845 -0.875257 0 -12.055000 -17.851200 203.242000 1933.280000 -13 658 1 0 1.000000
-2.350600 -1.409040 0 -3.794820 11.957500 206.573000 1933.370000 -13 659 1 0 1.000000
-3.744850 1.294600 0 -6.834570 -3.555210 193.373000 1933.210000 -13 660 1 0 1.000000
-0.019322 -3.326420 0 -5.356930 16.488000 201.503000 1933.160000 -13 661 1 0 1.000000
-1.746180 -2.161250 0 5.062420 8.666260 192.230000 1933.260000 -13 662 1 0 1.000000
-2.798040 -2.137390 0 18.373400 7.417480 195.521000 1933.370000 -13 663 1 0 1.000000
-2.557720 -0.977898 0 -6.100510 -15.999500 184.834000 1933.170000 -13 664 1 0 1.000000
-1.367030 -3.477290 0 8.436210 -4.535050 183.722000 1933.030000 -13 665 1 0 1.000000
-1.361330 -1.252960 0 -5.788020 12.423900 194.627000 1933.140000 -13 666 1 0 1.000000
-2.163810 -1.626370 0 -8.931740 10.704300 188.988000 1933.230000 -13 667 1 0 1.000000
0.580843 -3.913910 0 3.708720 12.130000 207.236000 1933.210000 -13 668 1 0 1.000000
-2.507490 -3.130860 0 0.581412 -15.852400 198.054000 1933.240000 -13 669 1 0 1.000000
-0.951906 -1.945330 0 -9.944450 -1.680990 193.816000 1933.150000 -13 670 1 0 1.000000
-2.321770 -1.520340 0 23.658400 4.011710 202.697000 1933.270000 -13 671 1 0 1.000000
0.499787 -1.356130 0 1.621990 19.020800 207.885000 1933.170000 -13 672 1 0 1.000000
-1.638010 -1.655160 0 4.130020 -13.794000 185.749000 1933.120000 -13 673 1 0 1.000000
-0.385450 -2.571870 0 -2.377950 -6.032380 199.590000 1933.170000 -13 674 1 0 1.000000
-0.920897 -2.850990 0 16.304700 -21.567300 201.463000 1933.200000 -13 675 1 0 1.000000
0.597946 -1.185970 0 2.601000 -5.784610 184.401000 1933.070000 -13 676 1 0 1.000000
-0.079918 1.066350 0 -8.498260 14.342400 189.414000 1933.030000 -13 677 1 0 1.000000
-1.349030 -1.873350 0 -1.432770 2.263560 187.581000 1933.100000 -13 678 1 0 1.000000
-0.515772 -0.062505 0 4.956690 -7.687200 197.553000 1933.210000 -13 679 1 0 1.000000
-2.066140 -1.916540 0 8.570410 15.914100 188.818000 1933.240000 -13 680 1 0 1.000000
-4.336190 -4.507010 0 -7.473700 -6.767500 194.645000 1933.190000 -13 681 1 0 1.000000
-0.988037 -2.740370 0 -2.853590 -16.954100 189.460000 1933.200000 -13 682 1 0 1.000000
-2.496500 -0.830893 0 -2.466110 5.712050 198.094000 1933.170000 -13 683 1 0 1.000000
-1.205900 -3.246790 0 -8.112810 0.185970 196.381000 1933.290000 -13 684 1 0 1.000000
0.100168 -2.495770 0 -8.164360 -1.939820 188.662000 1933.130000 -13 685 1 0 1.000000
-1.697020 -0.791359 0 3.842280 -26.484200 194.694000 1933.170000 -13 686 1 0 1.000000
-2.875810 -2.230920 0 -0.306724 -8.374870 194.911000 1933.140000 -13 687 1 0 1.000000
-0.890913 -3.428860 0 10.856200 -4.224840 198.601000 1933.180000 -13 688 1 0 1.000000
-2.870080 -0.624993 0 0.098947 -0.197360 206.602000 1933.140000 -13 689 1 0 1.000000
1.417700 -0.767128 0 -7.353010 -34.006300 191.379000 1933.180000 -13 690 1 0 1.000000
-0.450671 -2.351670 0 -6.500220 4.197100 200.489000 1933.220000 -13 691 1 0 1.000000
-1.175960 -3.762150 0 2.631370 5.895530 184.726000 1933.100000 -13 692 1 0 1.000000
-0.228157 -0.636321 0 0.723940 6.080250 186.506000 1933.230000 -13 693 1 0 1.000000
-1.549360 -1.925050 0 13.049700 -0.215566 203.353000 1933.100000 -13 694 1 0 1.000000
0.020519 -2.590220 0 9.166570 -10.705400 204.588000 1933.250000 -13 695 1 0 1.000000
-1.752020 -1.074940 0 -10.398100 3.928030 189.844000 1933.120000 -13 696 1 0 1.000000
0.594535 -2.667780 0 -9.092680 4.616730 182.061000 1933.260000 -13 697 1 0 1.000000
-2.447350 0.803874 0 -7.240560 -6.237210 187.482000 1933.140000 -13 698 1 0 1.000000
-1.300560 -1.987620 0 -0.713431 2.364210 208.890000 1933.220000 -13 699 1 0 1.000000
1.435410 -1.320670 0 -4.109440 -12.134400 191.612000 1933.210000 -13 700 1 0 1.000000
0.624879 -0.545041 0 -1.873960 -21.906000 191.983000 1933.350000 -13 701 1 0 1.000000
-4.217530 -1.961210 0 -5.223440 -4.275690 192.334000 1933.140000 -13 702 1 0 1.000000
-1.411920 -2.581100 0 1.575330 2.858240 191.631000 1933.210000 -13 703 1 0 1.000000
-1.455870 -1.938130 0 8.088990 -21.316900 199.740000 1933.190000 -13 704 1 0 1.000000
-3.386240 -0.762415 0 15.199000 11.048700 211.957000 1933.280000 -13 705 1 0 1.000000
0.051723 -2.813920 0 8.602090 -4.375880 185.625000 1933.140000 -13 706 1 0 1.000000
-0.522883 -2.932350 0 14.080300 0.775384 195.694000 1933.140000 -13 707 1 0 1.000000
0.311199 -0.530364 0 -6.412850 11.186100 189.501000 1933.210000 -13 708 1 0 1.000000
-0.282455 -3.358810 0 -5.016100 -19.217400 192.704000 1933.260000 -13 709 1 0 1.000000
-2.464230 -2.080410 0 5.876390 -19.705900 204.166000 1933.220000 -13 710 1 0 1.000000
-2.695660 -1.724010 0 -3.311040 1.277520 194.366000 1933.190000 -13 711 1 0 1.000000
-0.704009 -4.019970 0 13.571200 -0.631182 195.108000 1933.110000 -13 712 1 0 1.000000
-1.903880 -1.272860 0 -0.022862 -18.535300 199.790000 1933.430000 -13 713 1 0 1.000000
-2.225120 0.128811 0 -8.359940 -13.114600 191.118000 1933.180000 -13 714 1 0 1.000000
-0.767133 -0.332998 0 0.376244 -4.855000 193.842000 1933.050000 -13 715 1 0 1.000000
-0.364791 -4.847700 0 10.544700 22.345800 182.555000 1933.150000 -13 716 1 0 1.000000
-1.928300 -3.262710 0 16.491900 11.429800 191.235000 1933.220000 -13 717 1 0 1.000000
-1.172990 -0.995484 0 6.410020 -11.824200 196.901000 1933.240000 -13 718 1 0 1.000000
-2.697340 -2.716840 0 -3.542330 5.237960 197.358000 1933.160000 -13 719 1 0 1.000000
-1.909000 -2.810660 0 -5.468740 6.126730 210.021000 1933.240000 -13 720 1 0 1.000000
0.586565 -0.801084 0 -20.093300 -0.727087 209.687000 1933.180000 -13 721 1 0 1.000000
-1.334780 -0.820378 0 -7.946610 6.155340 199.289000 1933.220000 -13 722 1 0 1.000000
-1.445250 -4.551020 0 -0.109970 -12.089400 205.440000 1933.200000 -13 723 1 0 1.000000
-1.043250 -2.977490 0 -2.051780 15.689000 188.400000 1933.300000 -13 724 1 0 1.000000
-1.046020 -3.730330 0 -0.691406 12.727200 201.542000 1933.080000 -13 725 1 0 1.000000
-0.072514 -3.902980 0 1.556230 0.735616 196.669000 1933.090000 -13 726 1 0 1.000000
-3.188450 -0.774499 0 -1.826740 -6.732080 192.117000 1933.160000 -13 727 1 0 1.000000
-0.389928 0.185981 0 7.382700 3.838230 185.395000 1933.100000 -13 728 1 0 1.000000
-0.934310 -3.536150 0 16.277800 4.616290 194.056000 1933.150000 -13 729 1 0 1.000000
-0.850466 -2.758320 0 -5.610570 0.694662 182.884000 1933.110000 -13 730 1 0 1.000000
0.268496 -0.441279 0 -11.393100 -6.554110 195.964000 1933.090000 -13 731 1 0 1.000000
-1.174300 0.316995 0 -1.643560 6.777500 198.208000 1933.230000 -13 732 1 0 1.000000
0.592665 -2.943510 0 12.525300 25.878400 197.954000 1933.190000 -13 733 1 0 1.000000
0.496583 1.249440 0 17.794400 12.187900 199.800000 1933.230000 -13 734 1 0 1.000000
0.966639 -2.448740 0 -3.052600 5.928770 195.214000 1933.280000 -13 735 1 0 1.000000
-2.519260 -1.767190 0 2.980800 -25.850400 177.645000 1933.290000 -13 736 1 0 1.000000
-1.346960 -2.378480 0 -2.295610 19.812300 190.510000 1933.190000 -13 737 1 0 1.000000
-1.665330 -1.323050 0 10.471200 13.283700 194.560000 1933.090000 -13 738 1 0 1.000000
0.589334 -1.726380 0 0.287467 -2.076310 192.592000 1933.290000 -13 739 1 0 1.000000
-1.885250 -3.276730 0 7.469720 4.228180 183.543000 1933.190000 -13 740 1 0 1.000000
-1.613890 -0.863375 0 -5.977270 -0.944348 203.685000 1933.230000 -13 741 1 0 1.000000
-1.002800 1.010760 0 1.063250 -2.029760 197.268000 1933.180000 -13 742 1 0 1.000000
0.467235 -4.601180 0 1.540990 8.172010 199.354000 1933.110000 -13 743 1 0 1.000000
-1.063600 -0.702608 0 -6.664810 -1.677480 200.017000 1933.200000 -13 744 1 0 1.000000
-0.488341 0.349086 0 7.622970 -3.305970 180.679000 1933.170000 -13 745 1 0 1.000000
-1.412780 -0.419551 0 11.751400 4.895740 198.052000 1933.340000 -13 746 1 0 1.000000
0.230967 -3.204520 0 -0.103655 3.728700 188.792000 1933.080000 -13 747 1 0 1.000000
-2.046630 -3.367600 0 -9.324630 -18.814800 198.843000 1933.280000 -13 748 1 0 1.000000
-1.153970 -2.676000 0 9.227810 -11.212700 189.893000 1933.040000 -13 749 1 0 1.000000
-1.667040 -2.510950 0 0.327013 -18.577500 182.193000 1933.170000 -13 750 1 0 1.000000
0.327492 -1.053010 0 -21.713900 0.966042 194.622000 1933.170000 -13 751 1 0 1.000000
0.150870 -2.762840 0 17.987800 2.367030 198.929000 1933.200000 -13 752 1 0 1.000000
-1.102180 -3.552960 0 -13.176800 3.307770 204.419000 1933.270000 -13 753 1 0 1.000000
-3.514260 -1.127910 0 -1.417090 -18.673900 192.903000 1933.100000 -13 754 1 0 1.000000
-0.823406 -2.011830 0 1.691220 6.415340 195.258000 1933.160000 -13 755 1 0 1.000000
-1.453460 -0.254914 0 10.984600 -4.867820 184.835000 1933.160000 -13 756 1 0 1.000000
-3.893840 -2.808960 0 -5.854830 -12.540800 204.162000 1933.140000 -13 757 1 0 1.000000
-0.529944 -5.354520 0 6.006580 -14.934700 184.823000 1933.190000 -13 758 1 0 1.000000
-0.533261 -2.407230 0 -9.529200 1.375410 192.705000 1933.190000 -13 759 1 0 1.000000
-1.384070 -3.508710 0 19.368000 -10.449100 208.570000 1933.290000 -13 760 1 0 1.000000
0.632747 -4.771570 0 17.164600 -3.223150 205.481000 1933.160000 -13 761 1 0 1.000000
-0.398813 -3.499310 0 -2.023450 7.931420 187.401000 1933.210000 -13 762 1 0 1.000000
-0.240199 -0.896106 0 -1.746530 -5.920400 184.270000 1933.100000 -13 763 1 0 1.000000
-1.974480 0.807592 0 -10.965100 6.094820 204.230000 1933.120000 -13 764 1 0 1.000000
-1.386180 -0.653720 0 -8.724650 5.335720 206.599000 1933.230000 -13 765 1 0 1.000000
-0.060717 -2.190150 0 4.604350 -12.009900 177.934000 1933.250000 -13 766 1 0 1.000000
1.970230 -2.605190 0 3.948630 7.108620 186.788000 1933.200000 -13 767 1 0 1.000000
-3.799130 -1.485100 0 -8.884480 -9.930630 211.161000 1933.290000 -13 768 1 0 1.000000
-0.907843 0.100444 0 -0.024220 0.829430 204.115000 1933.150000 -13 769 1 0 1.000000
-0.447787 -0.752403 0 -2.135690 3.573950 202.509000 1933.210000 -13 770 1 0 1.000000
-1.274010 0.804173 0 -15.264100 14.182800 189.524000 1933.090000 -13 771 1 0 1.000000
-1.182350 -1.134510 0 -2.013300 -9.768810 200.434000 1933.340000 -13 772 1 0 1.000000
-0.566379 -3.147860 0 -4.562010 4.728410 207.586000 1933.250000 -13 773 1 0 1.000000
-2.288700 0.450043 0 -3.668600 -21.470400 202.815000 1933.200000 -13 774 1 0 1.000000
-0.542839 0.457581 0 5.069770 9.357270 190.708000 1933.180000 -13 775 1 0 1.000000
-1.333440 -1.508340 0 3.886080 -3.388950 181.257000 1933.180000 -13 776 1 0 1.000000
-0.407280 -0.025487 0 4.985780 4.777310 193.718000 1933.100000 -13 777 1 0 1.000000
-0.588799 0.639173 0 -3.586610 0.855654 195.868000 1933.140000 -13 778 1 0 1.000000
-0.718375 -2.661280 0 -3.688150 1.184030 192.123000 1933.250000 -13 779 1 0 1.000000
-2.876650 -1.954200 0 -9.758760 -7.506340 204.368000 1933.230000 -13 780 1 0 1.000000
-1.488030 -1.542250 0 7.294770 8.805110 195.567000 1933.280000 -13 781 1 0 1.000000
-1.192500 -1.986710 0 -4.163330 -0.611340 190.921000 1933.070000 -13 782 1 0 1.000000
0.026418 -1.337570 0 3.765680 16.261000 205.599000 1933.180000 -13 783 1 0 1.000000
0.023006 -3.608780 0 -0.410447 10.876300 190.937000 1933.140000 -13 784 1 0 1.000000
0.401393 -2.927790 0 -3.380410 -8.375940 186.630000 1933.180000 -13 785 1 0 1.000000
-1.598710 -2.057670 0 -0.778673 9.268240 200.308000 1933.200000 -13 786 1 0 1.000000
-0.656820 1.137640 0 14.258700 -19.928100 192.826000 1933.180000 -13 787 1 0 1.000000
0.591301 -1.043750 0 -13.515700 0.161400 204.373000 1933.300000 -13 788 1 0 1.000000
-4.842550 -3.588660 0 1.870810 -13.676400 198.975000 1933.170000 -13 789 1 0 1.000000
-1.068410 -1.669860 0 -5.705590 12.184100 183.200000 1933.200000 -13 790 1 0 1.000000
-0.883152 -4.898070 0 11.073400 2.586000 195.767000 1933.290000 -13 791 1 0 1.000000
-4.733550 -3.565740 0 -13.541600 4.528800 198.438000 1933.220000 -13 792 1 0 1.000000
-0.136207 -2.419440 0 5.686630 7.072620 194.012000 1933.160000 -13 793 1 0 1.000000
-0.188514 0.376956 0 0.209820 4.018520 198.607000 1933.160000 -13 794 1 0 1.000000
0.466620 -1.198130 0 1.530410 12.738200 187.834000 1933.150000 -13 795 1 0 1.000000
-3.500880 -0.270121 0 -14.095900 -6.245010 205.099000 1933.190000 -13 796 1 0 1.000000
-1.817600 -2.500130 0 -14.430900 -5.432730 200.753000 1933.330000 -13 797 1 0 1.000000
-0.620675 -3.370220 0 12.266100 11.239700 195.957000 1933.300000 -13 798 1 0 1.000000
0.303229 -2.517220 0 4.622810 -0.525346 203.745000 1933.160000 -13 799 1 0 1.000000
-1.415140 -1.112380 0 14.202000 8.502650 187.121000 1933.060000 -13 800 1 0 1.000000
3.048510 -0.925045 0 -1.014240 13.060600 196.861000 1933.180000 -13 801 1 0 1.000000
-1.424950 -2.413280 0 -5.840400 7.659280 202.229000 1933.080000 -13 802 1 0 1.000000
-2.951460 1.858810 0 -15.552600 3.196530 185.947000 1933.090000 -13 803 1 0 1.000000
1.844990 -1.223540 0 -3.822560 10.319000 186.663000 1933.160000 -13 804 1 0 1.000000
-2.006450 -3.649830 0 -26.664400 -14.249300 205.423000 1933.210000 -13 805 1 0 1.000000
-2.626020 -0.860006 0 -9.279080 -10.982200 199.059000 1933.180000 -13 806 1 0 1.000000
-0.324419 -2.727280 0 -11.298800 -4.049190 200.990000 1933.270000 -13 807 1 0 1.000000
-3.679100 -2.594250 0 11.497800 0.441240 198.936000 1933.210000 -13 808 1 0 1.000000
-0.316482 -0.747653 0 16.616300 -10.348200 179.970000 1933.120000 -13 809 1 0 1.000000
-2.460990 -1.873050 0 3.071770 -12.368100 179.656000 1933.150000 -13 810 1 0 1.000000
0.404730 -4.397640 0 4.558460 14.767100 203.227000 1933.110000 -13 811 1 0 1.000000
-0.158749 -3.139730 0 14.939800 -3.661740 177.491000 1933.210000 -13 812 1 0 1.000000
0.425622 -2.420450 0 2.795600 6.386290 189.322000 1933.180000 -13 813 1 0 1.000000
-1.222170 -2.299770 0 -20.977600 -21.007500 199.811000 1933.190000 -13 814 1 0 1.000000
0.670903 1.066940 0 -9.520260 -1.162000 196.099000 1933.200000 -13 815 1 0 1.000000
-0.211219 -3.450600 0 2.179950 -3.053640 185.730000 1933.100000 -13 816 1 0 1.000000
-2.120040 -4.137410 0 3.753660 7.008310 183.730000 1933.090000 -13 817 1 0 1.000000
-1.541400 -3.202720 0 -5.671570 -1.864770 206.449000 1933.260000 -13 818 1 0 1.000000
0.000431 -0.135868 0 -0.495388 -13.405600 186.977000 1933.270000 -13 819 1 0 1.000000
1.756490 -2.623410 0 -18.002400 5.506640 202.556000 1933.170000 -13 820 1 0 1.000000
-1.256300 -1.808300 0 -7.703680 -2.038130 202.061000 1930.310000 -13 821 1 0 1.000000
-3.274540 -2.732680 0 -4.374770 -7.984900 208.641000 1933.180000 -13 822 1 0 1.000000
-1.312900 -4.563260 0 -7.731340 -6.548290 201.400000 1933.230000 -13 823 1 0 1.000000
-2.581950 -2.491940 0 -10.394900 -0.907857 200.553000 1933.300000 -13 824 1 0 1.000000
-2.380280 -1.604530 0 -10.068800 -3.335510 192.754000 1933.180000 -13 825 1 0 1.000000
-1.127600 -3.919000 0 1.610910 2.311240 192.463000 1933.190000 -13 826 1 0 1.000000
-4.847580 -1.862760 0 -0.265209 7.562950 198.211000 1933.100000 -13 827 1 0 1.000000
0.017656 -4.413600 0 -0.517109 10.468900 183.430000 1933.140000 -13 828 1 0 1.000000
1.032280 -3.182490 0 8.154960 -1.070170 198.195000 1933.230000 -13 829 1 0 1.000000
-3.143760 -1.524660 0 16.351100 1.080200 196.916000 1933.220000 -13 830 1 0 1.000000
-2.590170 0.290412 0 -4.688180 -1.220080 197.142000 1933.190000 -13 831 1 0 1.000000
-1.470520 -2.221500 0 -1.674150 22.645300 194.460000 1933.100000 -13 832 1 0 1.000000
-2.650640 -2.495330 0 7.703220 -14.437200 193.154000 1933.190000 -13 833 1 0 1.000000
-5.610680 -3.001830 0 4.282350 -3.138790 196.664000 1933.190000 -13 834 1 0 1.000000
0.424036 -2.625180 0 2.042240 -4.863960 199.217000 1933.160000 -13 835 1 0 1.000000
-1.806720 -1.806980 0 -0.949387 6.899750 185.757000 1933.170000 -13 836 1 0 1.000000
-2.354530 -2.026660 0 -7.620950 -12.476100 181.619000 1932.970000 -13 837 1 0 1.000000
3.149310 -0.207563 0 -4.007960 21.543000 193.109000 1933.200000 -13 838 1 0 1.000000
-1.337210 -1.387170 0 -17.283500 -9.881870 203.882000 1933.230000 -13 839 1 0 1.000000
-0.968756 -2.106610 0 10.952000 -1.002590 188.027000 1933.280000 -13 840 1 0 1.000000
-3.180510 -1.956260 0 15.428800 9.615600 199.716000 1933.150000 -13 841 1 0 1.000000
-2.681380 -1.566820 0 -4.882390 1.870290 189.854000 1933.300000 -13 842 1 0 1.000000
-1.182530 -0.333101 0 -5.879210 -16.969600 194.314000 1933.110000 -13 843 1 0 1.000000
-0.873456 -2.039670 0 -13.604800 15.530500 200.199000 1933.100000 -13 844 1 0 1.000000
-1.655230 -4.053640 0 1.390450 -3.358310 199.643000 1933.240000 -13 845 1 0 1.000000
-3.235820 -1.871040 0 12.635700 -6.453590 193.075000 1933.240000 -13 846 1 0 1.000000
-3.532810 -0.055455 0 9.284830 -16.394200 197.674000 1933.210000 -13 847 1 0 1.000000
-0.727883 -5.149390 0 0.629028 -4.379100 194.276000 1933.290000 -13 848 1 0 1.000000
-2.379920 0.806363 0 -3.097240 -9.567370 192.251000 1933.190000 -13 849 1 0 1.000000
1.222290 -3.197310 0 -10.212800 -29.950600 208.343000 1933.240000 -13 850 1 0 1.000000
-0.455281 2.473490 0 7.616540 -19.571000 210.441000 1933.200000 -13 851 1 0 1.000000
-0.590391 -2.800740 0 1.503030 6.574080 210.646000 1933.130000 -13 852 1 0 1.000000
-0.162798 -0.227809 0 -16.187800 15.985400 186.075000 1933.240000 -13 853 1 0 1.000000
-1.155300 -2.559670 0 11.069700 -13.404900 192.061000 1933.180000 -13 854 1 0 1.000000
-1.473750 0.808492 0 -7.944920 -6.917060 184.830000 1933.200000 -13 855 1 0 1.000000
-1.220060 -1.204930 0 9.084520 17.961100 196.008000 1933.200000 -13 856 1 0 1.000000
-3.785710 -1.537830 0 -0.061480 -26.944600 195.118000 1933.320000 -13 857 1 0 1.000000
-0.402372 -0.902998 0 8.021450 -2.253800 188.747000 1933.140000 -13 858 1 0 1.000000
-1.663140 -4.408890 0 -10.364900 -4.437630 185.284000 1933.050000 -13 859 1 0 1.000000
1.938680 -5.760230 0 12.077800 7.382770 193.351000 1933.180000 -13 860 1 0 1.000000
-2.789160 -0.731130 0 -9.042500 3.348390 187.364000 1933.160000 -13 861 1 0 1.000000
-2.185810 -0.365648 0 -12.301100 -7.863480 192.551000 1933.170000 -13 862 1 0 1.000000
-2.846110 -3.302650 0 -4.759450 4.553570 205.729000 1933.230000 -13 863 1 0 1.000000
-0.927729 -0.626367 0 0.476199 -11.519200 200.800000 1933.280000 -13 864 1 0 1.000000
-0.389732 -3.379220 0 2.686690 -10.941400 201.057000 1933.130000 -13 865 1 0 1.000000
1.476380 -2.938970 0 14.490700 9.677030 194.922000 1933.260000 -13 866 1 0 1.000000
-0.528872 -2.679450 0 -7.336320 5.003790 193.870000 1933.130000 -13 867 1 0 1.000000
-0.398298 -2.769970 0 -1.650720 6.051590 194.484000 1933.090000 -13 868 1 0 1.000000
-0.326426 -0.721879 0 3.843170 4.050080 181.498000 1933.100000 -13 869 1 0 1.000000
-1.264600 -0.880526 0 10.625400 -1.657660 195.882000 1933.280000 -13 870 1 0 1.000000
-1.949790 -1.038660 0 -3.097950 -19.816400 192.450000 1933.290000 -13 871 1 0 1.000000
-0.469816 -2.895420 0 -8.629160 17.672100 190.503000 1933.050000 -13 872 1 0 1.000000
0.476294 -3.442850 0 0.203290 18.966800 189.798000 1933.300000 -13 873 1 0 1.000000
-2.022880 -1.453330 0 -6.822720 -22.787200 180.239000 1933.220000 -13 874 1 0 1.000000
-1.504040 -1.925620 0 -6.401290 9.629690 189.788000 1933.320000 -13 875 1 0 1.000000
-2.353370 -1.700200 0 -4.784870 -14.025800 183.757000 1933.200000 -13 876 1 0 1.000000
-0.396413 0.771830 0 -1.625260 6.337390 186.234000 1933.120000 -13 877 1 0 1.000000
-2.922550 -4.263990 0 0.446496 -11.743400 194.316000 1933.020000 -13 878 1 0 1.000000
-1.912810 -1.588750 0 -17.270100 8.439010 193.906000 1933.180000 -13 879 1 0 1.000000
0.970742 -0.248885 0 9.086570 2.655100 181.453000 1933.100000 -13 880 1 0 1.000000
-0.677916 0.852984 0 -2.975810 -5.253390 201.880000 1933.200000 -13 881 1 0 1.000000
-1.183730 -2.592390 0 6.525580 -13.594900 192.070000 1933.310000 -13 882 1 0 1.000000
0.181593 -4.045410 0 -5.296180 2.947060 204.567000 1933.270000 -13 883 1 0 1.000000
-2.596260 -0.514476 0 3.651190 -5.409250 182.790000 1933.160000 -13 884 1 0 1.000000
-2.941060 -2.020160 0 5.596690 -10.053600 188.084000 1933.130000 -13 885 1 0 1.000000
-2.864480 1.955500 0 -3.815060 -19.873700 188.895000 1933.160000 -13 886 1 0 1.000000
-1.018150 -0.751611 0 -9.812700 -9.063980 184.553000 1933.210000 -13 887 1 0 1.000000
-2.867590 -0.637569 0 -4.238880 -0.723580 202.701000 1933.200000 -13 888 1 0 1.000000
-1.415420 -3.951280 0 -2.960770 8.298740 189.525000 1933.180000 -13 889 1 0 1.000000
-2.116100 -0.779168 0 4.867530 -6.411790 193.666000 1933.100000 -13 890 1 0 1.000000
-1.676910 -3.619800 0 19.523400 -11.586800 192.931000 1933.300000 -13 891 1 0 1.000000
1.268860 -2.791420 0 -13.692100 -4.652790 186.064000 1933.180000 -13 892 1 0 1.000000
-2.890840 -2.873790 0 0.891374 11.946100 205.159000 1933.320000 -13 893 1 0 1.000000
-1.271990 -3.259880 0 3.973050 5.953480 202.532000 1933.230000 -13 894 1 0 1.000000
-0.705447 -2.401930 0 -5.829130 -13.024200 184.717000 1933.270000 -13 895 1 0 1.000000
-2.156380 -0.180144 0 -3.991190 -9.799260 200.093000 1933.430000 -13 896 1 0 1.000000
-1.156880 -3.465610 0 6.787440 10.090400 197.616000 1933.190000 -13 897 1 0 1.000000
-2.022560 -1.834960 0 3.792490 -5.347290 184.937000 1933.080000 -13 898 1 0 1.000000
-2.432740 -1.690720 0 -2.220910 -1.669490 185.785000 1933.200000 -13 899 1 0 1.000000
0.190927 0.795284 0 -8.216050 3.410500 182.001000 1933.160000 -13 900 1 0 1.000000
-0.862738 -0.263597 0 5.725670 -8.354020 193.304000 1933.290000 -13 901 1 0 1.000000
-0.600807 0.450476 0 -4.669450 -13.929400 180.447000 1933.310000 -13 902 1 0 1.000000
-1.793800 0.088372 0 6.331640 -1.983800 190.249000 1933.250000 -13 903 1 0 1.000000
-1.567550 -3.537160 0 -12.624700 -13.707900 189.313000 1933.100000 -13 904 1 0 1.000000
-2.111290 -0.769350 0 -7.869590 6.559980 199.668000 1933.160000 -13 905 1 0 1.000000
0.331204 -2.334030 0 7.308860 5.926730 195.400000 1933.280000 -13 906 1 0 1.000000
-1.703020 -0.828212 0 15.439300 25.320400 190.651000 1933.040000 -13 907 1 0 1.000000
-2.492210 0.491370 0 12.695700 -5.148950 190.842000 1933.280000 -13 908 1 0 1.000000
-2.197590 -1.126060 0 4.071570 -4.869430 189.364000 1933.380000 -13 909 1 0 1.000000
-0.244689 -1.383650 0 -3.538870 15.998700 195.429000 1933.050000 -13 910 1 0 1.000000
0.677782 -0.521448 0 -2.123090 -18.346900 201.668000 1933.120000 -13 911 1 0 1.000000
-1.168810 -1.440120 0 -9.659000 1.405740 182.804000 1933.060000 -13 912 1 0 1.000000
-3.797520 -3.847080 0 2.919680 -15.062000 204.115000 1933.200000 -13 913 1 0 1.000000
0.248507 -2.798930 0 0.432709 13.887000 175.917000 1933.200000 -13 914 1 0 1.000000
-2.230600 -2.810870 0 6.088660 -4.966830 205.715000 1933.220000 -13 915 1 0 1.000000
-1.112630 -1.203610 0 -2.429060 17.026700 196.337000 1933.310000 -13 916 1 0 1.000000
0.977583 0.321503 0 14.922100 12.679400 194.170000 1933.180000 -13 917 1 0 1.000000
-0.845016 -1.196770 0 -9.700340 -2.479320 205.988000 1933.230000 -13 918 1 0 1.000000
0.366869 -2.453520 0 -2.039930 -5.802410 188.079000 1933.170000 -13 919 1 0 1.000000
-1.434730 -1.620290 0 -3.521200 5.148150 211.558000 1933.190000 -13 920 1 0 1.000000
-2.939770 -2.700300 0 3.466340 -0.647557 194.659000 1933.260000 -13 921 1 0 1.000000
-0.575537 -3.182550 0 4.892810 -13.910400 197.737000 1933.180000 -13 922 1 0 1.000000
-0.846020 -2.785030 0 4.068260 -5.853970 179.302000 1933.250000 -13 923 1 0 1.000000
-1.071520 -0.859118 0 -0.934025 -10.917500 181.377000 1933.170000 -13 924 1 0 1.000000
-1.016430 1.005390 0 -4.320860 4.816210 192.860000 1933.130000 -13 925 1 0 1.000000
0.055953 -2.105800 0 -5.244060 4.843450 183.391000 1933.240000 -13 926 1 0 1.000000
-0.172299 -0.751961 0 -10.111500 -5.612010 200.137000 1933.190000 -13 927 1 0 1.000000
-1.295350 -2.209930 0 10.988300 -9.572180 187.754000 1933.140000 -13 928 1 0 1.000000
-2.993890 -2.456360 0 14.172900 -14.581500 186.851000 1933.170000 -13 929 1 0 1.000000
0.638085 -2.456810 0 -4.643660 -9.056570 196.558000 1933.230000 -13 930 1 0 1.000000
-1.039970 -1.838480 0 -11.752000 0.946103 190.603000 1933.240000 -13 931 1 0 1.000000
-1.506300 -2.006490 0 4.256470 -8.894110 176.363000 1933.030000 -13 932 1 0 1.000000
-4.013680 -0.605669 0 2.696530 10.600100 181.734000 1933.120000 -13 933 1 0 1.000000
-4.845520 -4.005310 0 16.641800 -5.052270 203.779000 1933.290000 -13 934 1 0 1.000000
-2.744340 -0.139343 0 -1.930380 -1.600280 190.216000 1933.170000 -13 935 1 0 1.000000
-1.462960 0.867989 0 0.157353 -8.861080 194.707000 1933.220000 -13 936 1 0 1.000000
-1.042580 -3.160150 0 10.575400 4.075790 201.729000 1933.220000 -13 937 1 0 1.000000
0.845365 -3.308330 0 4.170950 -0.880383 201.608000 1933.290000 -13 938 1 0 1.000000
-2.827740 -3.105240 0 3.955160 -7.779990 198.708000 1933.260000 -13 939 1 0 1.000000
-0.163440 0.792193 0 -3.956570 4.926890 190.776000 1933.130000 -13 940 1 0 1.000000
0.510329 -2.244110 0 -10.496100 -12.554400 199.985000 1933.160000 -13 941 1 0 1.000000
-2.179110 -2.647260 0 8.242110 2.775530 192.188000 1933.160000 -13 942 1 0 1.000000
-1.722000 -0.040127 0 8.688720 9.683580 201.462000 1933.150000 -13 943 1 0 1.000000
-3.914500 -1.992560 0 2.065960 -12.872800 185.534000 1933.170000 -13 944 1 0 1.000000
-0.392269 -1.282010 0 -4.465200 -11.291900 204.357000 1933.390000 -13 945 1 0 1.000000
-1.499190 -2.427810 0 7.935390 -16.062600 196.862000 1933.310000 -13 946 1 0 1.000000
-2.407580 -1.320400 0 5.891950 -3.132510 199.345000 1933.110000 -13 947 1 0 1.000000
0.080172 -2.773170 0 10.034800 -4.184550 195.086000 1933.160000 -13 948 1 0 1.000000
-1.718580 -1.641270 0 -0.304544 17.976700 190.425000 1932.950000 -13 949 1 0 1.000000
-1.968050 -2.664920 0 16.545700 -7.461580 185.738000 1933.180000 -13 950 1 0 1.000000
-1.923130 -1.033540 0 1.455870 -12.965600 187.103000 1933.130000 -13 951 1 0 1.000000
-1.071940 -1.579630 0 -7.386860 5.855490 200.828000 1933.350000 -13 952 1 0 1.000000
-1.263970 -0.679882 0 -1.261750 -1.910960 184.560000 1933.120000 -13 953 1 0 1.000000
0.190240 0.336612 0 -6.014770 17.521200 188.433000 1933.040000 -13 954 1 0 1.000000
-2.960320 -1.783270 0 1.992320 -12.333100 195.928000 1933.310000 -13 955 1 0 1.000000
-1.662740 -1.003700 0 -11.662400 11.348300 181.008000 1933.020000 -13 956 1 0 1.000000
0.417117 -1.226680 0 -0.943072 0.008100 184.939000 1933.080000 -13 957 1 0 1.000000
-2.219680 -3.059030 0 3.272160 7.128630 201.587000 1933.150000 -13 958 1 0 1.000000
-0.939156 -1.842530 0 -4.945890 13.208500 198.994000 1933.120000 -13 959 1 0 1.000000
-0.704466 -3.384850 0 0.130112 -11.608600 191.327000 1933.200000 -13 960 1 0 1.000000
0.630611 -0.160455 0 -13.533700 17.789600 195.022000 1933.250000 -13 961 1 0 1.000000
-0.375271 -1.472910 0 -9.778860 15.385200 196.543000 1933.190000 -13 962 1 0 1.000000
-2.651130 0.227573 0 5.101520 -3.293790 195.540000 1933.220000 -13 963 1 0 1.000000
0.409530 -2.569400 0 -20.037600 5.333940 209.428000 1933.270000 -13 964 1 0 1.000000
-0.498324 -2.557490 0 16.221300 -1.770060 188.834000 1933.070000 -13 965 1 0 1.000000
-2.298400 -1.184820 0 -14.435000 5.743460 197.362000 1933.190000 -13 966 1 0 1.000000
-0.805351 -3.975340 0 15.012000 -1.391230 183.247000 1933.300000 -13 967 1 0 1.000000
1.631550 -2.143460 0 -13.022100 10.445200 188.887000 1933.180000 -13 968 1 0 1.000000
-3.070850 -2.795900 0 -11.916400 5.673230 185.553000 1933.160000 -13 969 1 0 1.000000
-1.896180 -2.386420 0 5.921430 10.599300 182.967000 1933.100000 -13 970 1 0 1.000000
-2.660090 -5.118270 0 12.917200 -0.826966 194.935000 1933.360000 -13 971 1 0 1.000000
-1.412980 1.605180 0 -12.994500 1.391420 188.796000 1933.050000 -13 972 1 0 1.000000
-1.351570 -2.316870 0 13.761400 -1.842850 186.295000 1933.170000 -13 973 1 0 1.000000
0.642618 0.290714 0 -5.522290 2.686200 203.758000 1933.020000 -13 974 1 0 1.000000
-2.925820 -0.991767 0 -5.187250 -2.008850 197.120000 1933.220000 -13 975 1 0 1.000000
-0.644320 1.205310 0 14.154900 9.682440 188.708000 1933.150000 -13 976 1 0 1.000000
-0.990446 -2.200350 0 -3.096650 -7.149070 191.796000 1933.220000 -13 977 1 0 1.000000
-2.227710 -4.716310 0 -1.192860 -9.317200 201.385000 1933.260000 -13 978 1 0 1.000000
-0.846945 -2.206360 0 -7.947920 7.528400 207.745000 1933.180000 -13 979 1 0 1.000000
1.713230 -1.052470 0 -6.394270 -6.677520 195.302000 1933.090000 -13 980 1 0 1.000000
0.341821 1.014840 0 -3.162280 -15.054200 197.509000 1933.160000 -13 981 1 0 1.000000
-0.546967 0.208507 0 -25.924800 -3.371440 196.580000 1933.120000 -13 982 1 0 1.000000
-2.794200 -2.195290 0 -10.462800 10.340500 200.527000 1933.190000 -13 983 1 0 1.000000
-0.962994 0.007488 0 -1.925360 16.737800 190.309000 1933.140000 -13 984 1 0 1.000000
-0.807377 -2.498220 0 18.577100 -1.069240 199.388000 1933.170000 -13 985 1 0 1.000000
0.657687 -2.270670 0 5.081160 1.902190 185.759000 1933.130000 -13 986 1 0 1.000000
0.608671 -3.556560 0 -8.986590 1.034310 203.219000 1933.370000 -13 987 1 0 1.000000
-3.808040 -0.270215 0 11.014400 16.881000 193.482000 1933.100000 -13 988 1 0 1.000000
-0.135111 -2.604090 0 0.711423 0.399196 195.059000 1933.200000 -13 989 1 0 1.000000
-2.009420 -0.330544 0 2.810740 -7.529260 188.449000 1933.220000 -13 990 1 0 1.000000
0.120624 0.819123 0 -16.647300 18.714900 207.999000 1933.250000 -13 991 1 0 1.000000
-0.534394 -1.695070 0 18.672500 13.037900 187.108000 1933.110000 -13 992 1 0 1.000000
-0.658185 -2.071810 0 -9.860520 14.446000 184.952000 1933.220000 -13 993 1 0 1.000000
-1.680650 -0.953171 0 -20.899100 -22.006500 175.553000 1933.210000 -13 994 1 0 1.000000
-0.699564 -1.198680 0 18.821000 -8.893520 194.613000 1933.260000 -13 995 1 0 1.000000
-3.638840 -0.626825 0 9.155720 -18.884700 194.287000 1933.230000 -13 996 1 0 1.000000
-2.228860 -2.214620 0 6.072620 13.036500 203.984000 1933.270000 -13 997 1 0 1.000000
-0.456410 0.158066 0 -3.300350 7.157640 199.247000 1933.190000 -13 998 1 0 1.000000
-2.885810 -2.154290 0 -0.001950 -13.233600 204.766000 1933.280000 -13 999 1 0 1.000000
-1.535300 -0.773684 0 -7.052700 -3.138880 194.206000 1933.130000 -13 1000 1 0 1.000000
-0.232888 -4.703770 0 6.953400 4.002000 195.913000 1933.090000 -13 1001 1 0 1.000000
0.967479 -0.229166 0 -4.852960 21.958400 195.324000 1933.190000 -13 1002 1 0 1.000000
-0.980206 -4.971950 0 7.662170 7.831740 209.260000 1933.270000 -13 1003 1 0 1.000000
-1.636040 -2.884840 0 6.341150 8.271800 199.383000 1933.140000 -13 1004 1 0 1.000000
-2.034870 -0.025155 0 -8.788470 -25.538900 200.701000 1933.230000 -13 1005 1 0 1.000000
0.445247 -0.704618 0 -18.390000 12.344500 196.973000 1933.180000 -13 1006 1 0 1.000000
-2.079900 -0.820077 0 -7.541710 3.064620 198.176000 1933.110000 -13 1007 1 0 1.000000
-1.891140 -2.144300 0 5.155910 0.710329 207.717000 1933.280000 -13 1008 1 0 1.000000
-4.430290 -2.072540 0 4.089200 -22.059600 196.637000 1933.150000 -13 1009 1 0 1.000000
0.242390 -1.976070 0 9.399730 19.506600 188.363000 1933.140000 -13 1010 1 0 1.000000
0.192749 -5.072790 0 -6.402970 9.172580 200.744000 1933.270000 -13 1011 1 0 1.000000
-1.618880 -1.431040 0 6.209210 0.449015 193.477000 1933.220000 -13 1012 1 0 1.000000
0.995717 -0.916724 0 6.547470 -0.554282 197.647000 1933.410000 -13 1013 1 0 1.000000
1.347860 -0.917526 0 -16.570000 -11.405100 182.833000 1933.070000 -13 1014 1 0 1.000000
-2.266090 1.707960 0 -2.488510 -1.429930 204.524000 1933.260000 -13 1015 1 0 1.000000
-4.088570 -1.683790 0 11.051300 -15.848800 195.273000 1933.250000 -13 1016 1 0 1.000000
0.193854 1.426950 0 7.602850 2.598690 190.468000 1933.180000 -13 1017 1 0 1.000000
-3.097800 0.148279 0 -5.103350 6.022970 196.098000 1933.240000 -13 1018 1 0 1.000000
-2.172790 -2.849960 0 -5.744430 11.960200 201.842000 1933.340000 -13 1019 1 0 1.000000
-1.903710 0.606273 0 -2.377550 14.519400 196.713000 1933.060000 -13 1020 1 0 1.000000
-0.183859 -1.539110 0 -0.395545 2.610270 187.553000 1933.110000 -13 1021 1 0 1.000000
-1.899440 -1.468280 0 -17.272600 19.199100 192.601000 1933.180000 -13 1022 1 0 1.000000
-3.168250 -1.134390 0 0.613013 -2.688180 197.935000 1933.230000 -13 1023 1 0 1.000000
0.498532 -1.642470 0 10.206900 11.867100 196.801000 1933.070000 -13 1024 1 0 1.000000
-1.510500 -0.490265 0 2.370900 5.061590 177.798000 1933.130000 -13 1025 1 0 1.000000
-0.171142 -3.466630 0 8.980240 -7.110710 186.719000 1933.160000 -13 1026 1 0 1.000000
-0.850834 -1.289380 0 -5.468340 -0.525347 202.467000 1933.150000 -13 1027 1 0 1.000000
-1.371600 0.257115 0 -3.332450 -8.487350 207.672000 1933.190000 -13 1028 1 0 1.000000
-0.444627 -0.825360 0 2.268240 -20.831900 208.084000 1933.210000 -13 1029 1 0 1.000000
0.244036 -1.779620 0 -5.820370 0.470635 181.599000 1933.240000 -13 1030 1 0 1.000000
0.850132 -1.224560 0 -8.322960 1.363550 190.048000 1933.200000 -13 1031 1 0 1.000000
-4.610260 -0.219640 0 -11.131300 -5.100670 201.321000 1933.180000 -13 1032 1 0 1.000000
-1.212970 -3.655270 0 4.959140 4.061300 204.842000 1933.070000 -13 1033 1 0 1.000000
-0.680088 0.460900 0 9.060280 -2.804320 201.820000 1933.320000 -13 1034 1 0 1.000000
0.292825 -1.021610 0 -5.877570 9.723680 187.563000 1933.160000 -13 1035 1 0 1.000000
-1.311250 -2.399500 0 14.996400 -5.717150 200.541000 1933.320000 -13 1036 1 0 1.000000
-0.100773 0.446445 0 -14.036800 -2.335280 205.469000 1933.250000 -13 1037 1 0 1.000000
-1.601950 -2.286120 0 -2.196900 -8.568380 195.512000 1933.150000 -13 1038 1 0 1.000000
-2.590240 -0.369138 0 1.771570 -17.381900 207.720000 1933.200000 -13 1039 1 0 1.000000
-0.735692 -1.480150 0 5.670180 -10.103100 196.027000 1933.370000 -13 1040 1 0 1.000000
-2.997150 -1.061380 0 2.987250 -10.472600 190.267000 1933.120000 -13 1041 1 0 1.000000
-1.946740 -1.189030 0 10.636900 -5.926570 194.150000 1933.310000 -13 1042 1 0 1.000000
0.149279 -2.490430 0 11.957100 -2.898010 193.274000 1933.050000 -13 1043 1 0 1.000000
-1.335930 -0.679043 0 5.304880 -9.577700 199.673000 1933.220000 -13 1044 1 0 1.000000
0.247292 -2.101900 0 -1.356350 11.178400 194.803000 1933.140000 -13 1045 1 0 1.000000
-1.525100 -0.392416 0 -21.791200 -17.161100 177.377000 1933.180000 -13 1046 1 0 1.000000
-1.240220 -3.105640 0 10.431300 9.614670 176.950000 1933.130000 -13 1047 1 0 1.000000
-0.357534 -0.087219 0 -9.419240 0.351043 189.812000 1933.260000 -13 1048 1 0 1.000000
-2.379770 0.164003 0 -0.683096 3.695850 203.182000 1933.090000 -13 1049 1 0 1.000000
-1.516810 -2.063720 0 7.667770 -12.010000 187.550000 1933.330000 -13 1050 1 0 1.000000
0.055228 -5.567570 0 1.443090 2.863220 195.818000 1933.170000 -13 1051 1 0 1.000000
-0.977731 -2.422120 0 8.598540 -1.221040 182.089000 1933.110000 -13 1052 1 0 1.000000
-1.968480 -0.888833 0 -9.807710 1.770330 201.109000 1933.260000 -13 1053 1 0 1.000000
-2.874170 -1.480020 0 1.603630 -9.944010 186.267000 1933.130000 -13 1054 1 0 1.000000
-1.856880 -0.587025 0 3.864620 -12.990100 182.304000 1933.090000 -13 1055 1 0 1.000000
0.387382 -1.722600 0 -1.116600 16.520500 190.571000 1933.190000 -13 1056 1 0 1.000000
-3.575540 -1.006650 0 -6.321050 -1.487070 198.412000 1933.070000 -13 1057 1 0 1.000000
-2.527940 -1.367690 0 1.652740 6.794520 190.450000 1933.190000 -13 1058 1 0 1.000000
0.153759 -0.207943 0 -9.064840 -12.707000 195.730000 1933.110000 -13 1059 1 0 1.000000
-2.469550 -0.515443 0 -19.222800 9.111740 216.415000 1933.140000 -13 1060 1 0 1.000000
-4.262580 -0.703927 0 -4.214070 -11.234500 203.262000 1933.220000 -13 1061 1 0 1.000000
0.279413 -1.734940 0 -2.339820 7.950940 201.335000 1933.330000 -13 1062 1 0 1.000000
-1.036810 -2.039280 0 14.535500 -1.859720 193.468000 1933.290000 -13 1063 1 0 1.000000
0.397404 -2.262620 0 -8.481810 4.474110 182.395000 1933.170000 -13 1064 1 0 1.000000
-2.803610 -2.555160 0 -1.638130 -13.430200 192.335000 1933.090000 -13 1065 1 0 1.000000
-1.541660 -0.313293 0 4.735070 -5.444370 202.765000 1933.260000 -13 1066 1 0 1.000000
0.884551 -1.732860 0 10.548300 5.656080 189.685000 1933.070000 -13 1067 1 0 1.000000
-3.982150 -1.518330 0 -2.099940 -24.623600 197.426000 1933.060000 -13 1068 1 0 1.000000
-3.578850 2.365230 0 -14.411300 -6.876780 197.241000 1933.140000 -13 1069 1 0 1.000000
-1.389110 0.591812 0 -5.069150 5.768000 202.930000 1933.210000 -13 1070 1 0 1.000000
-2.941090 -0.636367 0 10.142500 -1.134020 195.001000 1933.180000 -13 1071 1 0 1.000000
-2.976610 -2.595970 0 6.396870 -18.341800 202.968000 1933.130000 -13 1072 1 0 1.000000
-0.664248 -2.681160 0 -1.055110 -15.216000 200.870000 1933.190000 -13 1073 1 0 1.000000
-2.908210 -1.209950 0 -1.165650 -14.833000 191.935000 1933.300000 -13 1074 1 0 1.000000
0.362993 -1.066540 0 -3.433140 5.301690 181.713000 1933.200000 -13 1075 1 0 1.000000
-2.347070 -3.646500 0 11.957900 2.491240 187.806000 1933.130000 -13 1076 1 0 1.000000
-2.811580 0.343252 0 0.383547 5.727800 185.056000 1933.050000 -13 1077 1 0 1.000000
-2.634130 -1.896760 0 15.423000 -9.400490 198.481000 1933.040000 -13 1078 1 0 1.000000
-5.036310 -1.129400 0 -8.938460 -19.230000 205.360000 1933.270000 -13 1079 1 0 1.000000
-0.891498 -3.023160 0 15.740100 10.861400 192.290000 1933.170000 -13 1080 1 0 1.000000
-0.596527 -4.222400 0 13.931300 0.359313 184.695000 1933.290000 -13 1081 1 0 1.000000
-2.409050 -1.102660 0 -0.653003 -6.664940 194.480000 1933.280000 -13 1082 1 0 1.000000
0.043270 0.550501 0 7.141030 -9.614430 193.674000 1933.020000 -13 1083 1 0 1.000000
-3.288310 -1.033760 0 7.355710 -0.638064 190.436000 1933.100000 -13 1084 1 0 1.000000
-0.377722 -1.639890 0 -12.927100 -7.897580 194.380000 1933.340000 -13 1085 1 0 1.000000
-2.589880 -0.938208 0 -4.859430 -1.432340 192.511000 1933.240000 -13 1086 1 0 1.000000
-0.939501 -3.276530 0 2.672770 -14.475500 186.730000 1933.080000 -13 1087 1 0 1.000000
-0.423934 1.391850 0 -11.275500 -3.454290 199.778000 1933.320000 -13 1088 1 0 1.000000
0.676976 -3.021910 0 9.227730 -3.923080 198.803000 1933.090000 -13 1089 1 0 1.000000
-3.023450 -1.468040 0 2.547280 9.202530 194.471000 1933.180000 -13 1090 1 0 1.000000
-1.948270 -1.597540 0 0.932979 -8.815580 200.122000 1933.370000 -13 1091 1 0 1.000000
-2.395140 -0.836346 0 14.213800 -18.778000 202.754000 1933.250000 -13 1092 1 0 1.000000
-2.945880 1.890230 0 -11.882000 -1.640480 195.893000 1933.230000 -13 1093 1 0 1.000000
-0.778225 -0.336861 0 -30.083500 -8.500200 173.387000 1933.310000 -13 1094 1 0 1.000000
-0.907741 -1.834060 0 3.559110 22.301000 191.506000 1933.190000 -13 1095 1 0 1.000000
-3.364780 -1.633720 0 8.153700 -8.629100 188.919000 1933.150000 -13 1096 1 0 1.000000
-0.339875 -0.070717 0 5.254470 8.839170 190.107000 1933.190000 -13 1097 1 0 1.000000
-1.931110 -3.782640 0 -0.503642 17.790900 194.701000 1933.160000 -13 1098 1 0 1.000000
-3.472940 -2.782360 0 5.902620 -25.106500 198.229000 1933.090000 -13 1099 1 0 1.000000
-1.486540 -5.133550 0 -5.774220 5.260490 197.741000 1933.200000 -13 1100 1 0 1.000000
