#BLTrackFile solenoid_cooling_channel
#x y z Px Py Pz t PDGid EvNum TrkId Parent weight
-1.011640 -1.638660 0 0.000000 0.000000 193.000000 1933.190000 -13 1 1 0 1.000000
-1.739900 -2.331220 0 0.580502 -2.650350 193.703000 1933.170000 -13 2 1 0 1.000000
-1.613300 -0.893169 0 -7.227420 -7.274050 190.637000 1933.160000 -13 3 1 0 1.000000
-1.413390 -1.231870 0 5.529630 0.881401 190.426000 1933.130000 -13 4 1 0 1.000000
0.479501 -2.000390 0 2.614890 -12.028800 186.470000 1933.060000 -13 5 1 0 1.000000
-1.799010 -1.820840 0 4.528360 19.933600 188.454000 1933.080000 -13 6 1 0 1.000000
-0.182861 -2.971700 0 15.591900 -4.586080 190.582000 1933.000000 -13 7 1 0 1.000000
0.353787 1.903710 0 -14.487900 1.504320 200.907000 1933.000000 -13 8 1 0 1.000000
0.674760 -1.891480 0 6.818510 -6.617400 191.193000 1933.190000 -13 9 1 0 1.000000
-2.052630 -4.275330 0 5.000130 -9.204060 205.327000 1933.150000 -13 10 1 0 1.000000
0.067887 -1.448500 0 2.979930 -2.524680 185.025000 1933.090000 -13 11 1 0 1.000000
0.908956 -2.334400 0 -8.363990 -1.792350 186.793000 1933.150000 -13 12 1 0 1.000000
-2.435280 0.419127 0 1.839380 -8.394110 192.539000 1933.110000 -13 13 1 0 1.000000
-1.617210 -1.570460 0 -6.690020 -1.266350 184.350000 1933.330000 -13 14 1 0 1.000000
1.100630 -3.077320 0 2.346190 -0.620071 185.775000 1933.090000 -13 15 1 0 1.000000
-6.264710 -1.035840 0 0.229098 -6.482870 200.391000 1933.100000 -13 16 1 0 1.000000
-0.939667 -0.791997 0 2.320640 -11.611200 207.077000 1933.260000 -13 17 1 0 1.000000
-2.507880 -0.534085 0 -8.382900 6.727140 184.728000 1933.220000 -13 18 1 0 1.000000
-0.771897 -2.577990 0 7.847340 3.022930 188.653000 1933.090000 -13 19 1 0 1.000000
-1.711650 -0.698465 0 1.183330 -6.001900 189.993000 1933.150000 -13 20 1 0 1.000000
1.723980 -1.737240 0 1.477260 10.097100 211.974000 1933.220000 -13 21 1 0 1.000000
-4.404040 -2.178200 0 -9.436420 -7.012390 209.345000 1933.260000 -13 22 1 0 1.000000
-3.055530 -1.392170 0 -5.418800 4.803420 201.294000 1933.260000 -13 23 1 0 1.000000
-1.244160 0.649167 0 -2.790510 -9.417940 182.332000 1933.170000 -13 24 1 0 1.000000
-1.295420 -2.577400 0 -0.838232 -10.146300 186.958000 1933.230000 -13 25 1 0 1.000000
-1.236220 -1.079540 0 1.258780 -10.737600 190.504000 1933.150000 -13 26 1 0 1.000000
-2.306610 -1.929950 0 8.458310 -15.048400 197.382000 1933.190000 -13 27 1 0 1.000000
-3.384630 -2.955510 0 12.462700 22.869600 186.739000 1933.280000 -13 28 1 0 1.000000
-1.713460 2.621100 0 -6.026100 6.673980 204.319000 1933.190000 -13 29 1 0 1.000000
-0.117249 -2.594090 0 -4.869710 18.130600 183.002000 1933.210000 -13 30 1 0 1.000000
1.057260 -2.236630 0 5.322570 12.080200 180.361000 1933.200000 -13 31 1 0 1.000000
-1.290420 -1.500800 0 14.916500 2.042420 210.642000 1933.190000 -13 32 1 0 1.000000
1.360550 -3.408910 0 4.020270 -7.706010 196.933000 1933.270000 -13 33 1 0 1.000000
-0.674026 0.282180 0 -15.991000 6.650430 192.450000 1933.150000 -13 34 1 0 1.000000
0.729639 -1.208230 0 10.557400 17.324200 194.038000 1933.070000 -13 35 1 0 1.000000
-2.571660 -2.495990 0 10.770600 8.083970 203.741000 1933.230000 -13 36 1 0 1.000000
-2.961750 0.265402 0 -7.459710 1.278130 189.877000 1933.150000 -13 37 1 0 1.000000
-1.321280 -3.130440 0 -9.159950 4.742670 197.255000 1933.050000 -13 38 1 0 1.000000
0.180457 -0.388115 0 -10.451700 19.052800 206.474000 1933.160000 -13 39 1 0 1.000000
-1.509760 3.381990 0 -0.741444 2.738030 208.762000 1933.250000 -13 40 1 0 1.000000
-3.439640 1.556700 0 13.164500 8.119950 185.103000 1933.190000 -13 41 1 0 1.000000
-0.896942 -0.337484 0 -10.914200 0.185211 207.511000 1933.320000 -13 42 1 0 1.000000
-1.357110 -3.392500 0 10.446400 -1.212100 193.277000 1933.270000 -13 43 1 0 1.000000
-0.475680 -0.986026 0 -3.038820 2.052640 194.590000 1933.230000 -13 44 1 0 1.000000
-0.531953 0.348588 0 -4.531750 6.966180 193.410000 1933.190000 -13 45 1 0 1.000000
-1.721370 -2.246050 0 4.072660 -3.808010 203.525000 1933.170000 -13 46 1 0 1.000000
-0.177028 1.360140 0 0.443934 12.212400 210.914000 1933.200000 -13 47 1 0 1.000000
-1.762400 -0.780903 0 -6.500470 10.195100 191.125000 1933.170000 -13 48 1 0 1.000000
0.019759 -0.230465 0 13.141000 -0.523850 194.456000 1933.190000 -13 49 1 0 1.000000
0.038777 0.900571 0 -8.230170 5.314980 212.968000 1933.260000 -13 50 1 0 1.000000
0.606271 -3.721690 0 1.547930 1.676580 202.261000 1933.180000 -13 51 1 0 1.000000
-0.710301 -0.791258 0 -0.952810 30.865000 193.870000 1933.090000 -13 52 1 0 1.000000
-1.400720 -0.546745 0 -11.731000 5.720200 210.554000 1933.220000 -13 53 1 0 1.000000
0.306245 -3.535860 0 5.549050 7.146940 184.217000 1933.330000 -13 54 1 0 1.000000
-1.615430 -2.759950 0 7.080670 4.214050 192.890000 1933.060000 -13 55 1 0 1.000000
-2.623770 0.194768 0 10.256700 6.473500 213.084000 1933.240000 -13 56 1 0 1.000000
-2.832000 -3.167510 0 15.370800 -9.826560 201.048000 1933.170000 -13 57 1 0 1.000000
-0.991033 -0.928172 0 -3.359750 4.951880 177.636000 1933.140000 -13 58 1 0 1.000000
-1.135180 -1.658220 0 -5.498510 1.222710 204.482000 1933.010000 -13 59 1 0 1.000000
-0.672487 -2.636100 0 -4.821560 18.280900 191.739000 1933.030000 -13 60 1 0 1.000000
-1.527430 -1.056050 0 -6.152580 1.570260 208.767000 1933.190000 -13 61 1 0 1.000000
1.028920 -0.434176 0 4.096730 -3.339090 193.378000 1933.120000 -13 62 1 0 1.000000
-2.214150 -3.623130 0 11.045700 -6.903960 192.042000 1933.250000 -13 63 1 0 1.000000
-0.904648 -3.822750 0 -4.635810 12.233400 195.989000 1933.180000 -13 64 1 0 1.000000
-0.970830 -2.947560 0 1.279430 19.205400 189.052000 1933.170000 -13 65 1 0 1.000000
-0.011904 -2.452580 0 5.757640 7.490480 196.171000 1933.250000 -13 66 1 0 1.000000
-3.098660 -4.193370 0 13.444000 -21.705100 196.290000 1933.250000 -13 67 1 0 1.000000
-2.528060 -2.227750 0 7.521280 13.148500 180.627000 1933.120000 -13 68 1 0 1.000000
-0.763752 -1.652460 0 -2.612740 9.920940 191.897000 1933.180000 -13 69 1 0 1.000000
-2.134020 -1.328080 0 0.395372 6.895410 194.592000 1933.160000 -13 70 1 0 1.000000
-2.785320 -2.417270 0 13.253300 -5.708780 190.470000 1933.100000 -13 71 1 0 1.000000
-0.792725 -2.456240 0 9.088800 8.605730 197.401000 1933.110000 -13 72 1 0 1.000000
-0.778464 -2.345710 0 -0.965478 0.241567 202.265000 1933.230000 -13 73 1 0 1.000000
-0.837768 -3.252510 0 -5.362120 -3.948340 195.522000 1933.110000 -13 74 1 0 1.000000
-0.095044 -0.899504 0 0.164614 1.276660 175.419000 1933.110000 -13 75 1 0 1.000000
-0.051659 2.723770 0 1.936270 4.879480 195.897000 1933.130000 -13 76 1 0 1.000000
-4.980800 -3.159510 0 6.721170 -9.608300 200.934000 1933.200000 -13 77 1 0 1.000000
-3.686010 -2.606550 0 7.501150 -23.852100 200.991000 1933.110000 -13 78 1 0 1.000000
-0.432082 -3.243930 0 18.644400 20.803200 194.291000 1933.170000 -13 79 1 0 1.000000
-0.578437 0.986121 0 11.512100 4.479060 190.913000 1933.320000 -13 80 1 0 1.000000
-0.913126 -0.431898 0 8.194890 -3.011580 182.372000 1933.140000 -13 81 1 0 1.000000
-3.274690 -1.550840 0 7.787850 -21.646300 202.338000 1933.070000 -13 82 1 0 1.000000
-1.488280 0.227743 0 -3.200560 -14.959100 184.935000 1933.080000 -13 83 1 0 1.000000
-4.070300 0.905802 0 4.125460 -18.896300 199.680000 1933.140000 -13 84 1 0 1.000000
1.664200 -1.696330 0 -2.465690 13.832600 178.689000 1933.150000 -13 85 1 0 1.000000
-1.704970 -2.645520 0 -0.145795 -15.258000 184.557000 1933.330000 -13 86 1 0 1.000000
-1.308310 0.985611 0 0.870040 4.067910 185.400000 1933.240000 -13 87 1 0 1.000000
-3.480190 -2.227900 0 7.917300 2.219020 202.010000 1933.130000 -13 88 1 0 1.000000
-2.918510 -3.032300 0 8.123630 -9.548910 193.176000 1933.080000 -13 89 1 0 1.000000
-2.502890 -2.056320 0 -2.269260 -1.002450 181.460000 1933.150000 -13 90 1 0 1.000000
-5.766060 -2.059430 0 -5.138570 -3.790850 207.491000 1933.250000 -13 91 1 0 1.000000
-0.518563 -1.761030 0 -1.737950 9.411920 204.067000 1932.980000 -13 92 1 0 1.000000
-1.797460 -1.349380 0 -3.512870 3.470750 195.580000 1933.220000 -13 93 1 0 1.000000
-3.176640 -0.628728 0 7.998170 -6.299010 200.784000 1933.200000 -13 94 1 0 1.000000
-2.113470 -0.883485 0 -6.155100 -9.547330 193.017000 1933.220000 -13 95 1 0 1.000000
-1.911150 -2.313500 0 -4.009310 -8.973730 197.327000 1933.000000 -13 96 1 0 1.000000
-3.675720 -2.118030 0 0.908732 14.875800 205.495000 1933.220000 -13 97 1 0 1.000000
-1.689160 -1.652520 0 -2.285940 -13.397100 188.340000 1933.020000 -13 98 1 0 1.000000
-3.819960 1.640470 0 -11.204200 6.406220 195.462000 1933.050000 -13 99 1 0 1.000000
-1.215770 -1.847130 0 2.429930 -14.214000 184.404000 1933.140000 -13 100 1 0 1.000000
-1.656760 -1.072150 0 -7.483720 13.836600 200.858000 1933.270000 -13 101 1 0 1.000000
-0.780497 -3.065230 0 11.702100 -7.366070 194.484000 1933.260000 -13 102 1 0 1.000000
-0.304280 -1.888840 0 -2.649370 -3.145840 199.222000 1933.130000 -13 103 1 0 1.000000
0.235764 -1.644790 0 15.474200 11.163200 193.531000 1933.080000 -13 104 1 0 1.000000
-1.424900 0.535772 0 3.321180 3.909340 202.276000 1933.260000 -13 105 1 0 1.000000
-1.551000 -1.111130 0 5.709980 -4.964320 192.790000 1933.000000 -13 106 1 0 1.000000
-1.688970 -2.824780 0 14.795200 2.584160 196.821000 1933.060000 -13 107 1 0 1.000000
-0.506544 -1.114030 0 1.104330 -11.430500 201.440000 1933.310000 -13 108 1 0 1.000000
0.296630 -1.119480 0 7.378120 8.054400 198.768000 1933.050000 -13 109 1 0 1.000000
-1.645460 -4.311750 0 -0.045493 13.098900 182.148000 1933.230000 -13 110 1 0 1.000000
-0.935085 -2.716130 0 8.085130 -12.758200 201.956000 1933.220000 -13 111 1 0 1.000000
-0.519469 -0.853082 0 4.542280 -0.322449 207.648000 1933.130000 -13 112 1 0 1.000000
-1.527790 0.807446 0 -7.677510 9.587630 201.422000 1933.060000 -13 113 1 0 1.000000
-1.200350 -0.104663 0 -12.211800 -4.663580 183.423000 1933.130000 -13 114 1 0 1.000000
-1.944910 -1.745220 0 8.715030 -2.688750 193.530000 1933.250000 -13 115 1 0 1.000000
-2.729340 -1.931620 0 10.431800 -6.572580 193.265000 1933.110000 -13 116 1 0 1.000000
-0.899723 -2.066520 0 15.552100 16.739800 197.766000 1933.400000 -13 117 1 0 1.000000
-0.662757 -2.496010 0 7.371660 6.722090 197.092000 1933.250000 -13 118 1 0 1.000000
-1.751140 -3.580920 0 -14.974700 -7.224960 194.002000 1933.180000 -13 119 1 0 1.000000
-2.173850 -4.392200 0 3.004790 -13.651500 203.814000 1933.140000 -13 120 1 0 1.000000
0.264450 -0.594737 0 -12.997300 11.379200 210.936000 1933.140000 -13 121 1 0 1.000000
0.447485 -1.313140 0 -6.198110 -12.974600 200.783000 1933.320000 -13 122 1 0 1.000000
-2.908740 -4.856770 0 3.687630 -0.006641 195.222000 1933.200000 -13 123 1 0 1.000000
-1.987230 0.327984 0 -3.739300 5.518110 203.694000 1933.310000 -13 124 1 0 1.000000
0.573503 -4.300660 0 -3.438080 11.644800 195.859000 1933.130000 -13 125 1 0 1.000000
-0.885419 -2.546290 0 -6.537830 -12.905400 198.745000 1933.110000 -13 126 1 0 1.000000
-1.337420 -3.346610 0 9.417480 -3.634690 196.985000 1933.170000 -13 127 1 0 1.000000
-1.957960 1.726280 0 -13.167100 -7.523490 193.377000 1933.210000 -13 128 1 0 1.000000
0.181712 -1.181130 0 8.313200 -3.530090 186.930000 1933.180000 -13 129 1 0 1.000000
-0.888553 2.984300 0 -9.713450 -5.017760 192.808000 1933.220000 -13 130 1 0 1.000000
-1.478520 -0.327842 0 -15.544400 -7.200440 191.193000 1933.130000 -13 131 1 0 1.000000
-1.841810 0.261235 0 -14.878100 -12.181600 189.085000 1933.100000 -13 132 1 0 1.000000
-4.846630 -0.755064 0 -1.187990 9.376830 190.442000 1933.120000 -13 133 1 0 1.000000
0.847831 -0.249002 0 9.560620 9.431930 185.438000 1933.120000 -13 134 1 0 1.000000
-2.551530 -3.234840 0 9.181890 0.477046 195.657000 1933.120000 -13 135 1 0 1.000000
-0.802514 -2.871190 0 -18.285800 -6.285850 184.679000 1933.230000 -13 136 1 0 1.000000
0.555081 0.937093 0 -11.684700 6.685510 197.744000 1933.050000 -13 137 1 0 1.000000
-0.257726 -2.650440 0 -9.506580 11.368400 194.308000 1933.180000 -13 138 1 0 1.000000
-0.433066 -1.631340 0 0.691124 3.996420 198.875000 1933.080000 -13 139 1 0 1.000000
0.169627 -1.825070 0 12.894700 13.409700 196.996000 1933.190000 -13 140 1 0 1.000000
-4.380190 -1.313980 0 8.151750 2.628260 192.069000 1933.230000 -13 141 1 0 1.000000
-0.864483 -0.452688 0 -3.079710 14.745900 192.954000 1933.040000 -13 142 1 0 1.000000
-0.421968 -0.516106 0 -4.468600 14.737000 181.436000 1933.200000 -13 143 1 0 1.000000
-0.554074 -2.264270 0 -5.872230 -0.187491 195.273000 1933.200000 -13 144 1 0 1.000000
-2.580970 -3.212180 0 9.959200 -10.586100 200.672000 1933.110000 -13 145 1 0 1.000000
-2.979230 0.124841 0 0.627257 -4.339910 189.417000 1933.200000 -13 146 1 0 1.000000
-2.216930 -0.597001 0 1.050840 -12.238300 201.975000 1933.240000 -13 147 1 0 1.000000
0.362300 -1.589360 0 -6.627770 11.577800 203.209000 1933.180000 -13 148 1 0 1.000000
-4.119600 -2.454390 0 1.207850 -15.633800 193.922000 1933.070000 -13 149 1 0 1.000000
-1.550100 -1.793710 0 -6.082620 -5.352220 179.781000 1933.310000 -13 150 1 0 1.000000
-2.337210 0.002984 0 -11.576700 -9.078680 181.214000 1933.150000 -13 151 1 0 1.000000
-0.594590 -5.452420 0 7.591070 4.256080 192.414000 1933.180000 -13 152 1 0 1.000000
0.214887 -4.456440 0 13.206200 -0.290019 186.245000 1933.110000 -13 153 1 0 1.000000
-1.896860 -0.220292 0 -1.420030 -2.860780 191.296000 1933.090000 -13 154 1 0 1.000000
-0.085522 -2.367000 0 -18.913200 -14.654900 178.064000 1933.220000 -13 155 1 0 1.000000
-3.150470 -2.093300 0 10.556900 -10.468600 189.448000 1933.190000 -13 156 1 0 1.000000
-0.695675 -0.872223 0 4.936710 13.169600 203.340000 1933.200000 -13 157 1 0 1.000000
3.009470 -3.139610 0 -10.065300 23.654900 189.022000 1933.290000 -13 158 1 0 1.000000
-0.766244 -0.963971 0 -2.424850 12.815500 194.434000 1933.220000 -13 159 1 0 1.000000
-0.710157 0.418332 0 16.062800 -9.419920 197.441000 1933.150000 -13 160 1 0 1.000000
-2.277630 0.151470 0 -3.178510 -3.984720 183.576000 1933.080000 -13 161 1 0 1.000000
-2.580160 -1.245900 0 5.369400 -14.003500 187.858000 1933.160000 -13 162 1 0 1.000000
1.191090 -2.093960 0 -11.960800 12.977800 185.741000 1933.190000 -13 163 1 0 1.000000
-1.721270 -0.169640 0 13.583500 16.094500 191.185000 1933.150000 -13 164 1 0 1.000000
-3.321660 -1.805950 0 12.224000 -6.487610 214.628000 1933.260000 -13 165 1 0 1.000000
-0.968039 -2.670390 0 -12.348500 2.012980 187.443000 1933.220000 -13 166 1 0 1.000000
1.121340 -4.002880 0 10.067500 5.126120 200.047000 1933.070000 -13 167 1 0 1.000000
0.168073 -2.474730 0 -11.396300 4.689680 210.378000 1933.190000 -13 168 1 0 1.000000
0.177826 -2.299350 0 -8.614180 11.646200 186.390000 1933.110000 -13 169 1 0 1.000000
-0.978822 -4.670000 0 -5.075180 10.425100 185.622000 1933.270000 -13 170 1 0 1.000000
-2.814510 -0.289983 0 2.355020 -3.402360 192.587000 1933.160000 -13 171 1 0 1.000000
-1.243380 -0.243561 0 1.310110 -11.051000 191.635000 1933.240000 -13 172 1 0 1.000000
-1.507460 -3.424130 0 7.997530 14.042100 210.854000 1933.290000 -13 173 1 0 1.000000
-2.193540 -3.290890 0 -3.056640 3.909730 197.110000 1933.000000 -13 174 1 0 1.000000
-1.811950 1.661610 0 0.261876 -14.672700 188.930000 1933.380000 -13 175 1 0 1.000000
-2.990020 1.451450 0 -25.203700 -7.644950 190.860000 1933.320000 -13 176 1 0 1.000000
-1.909880 0.297951 0 -9.321760 18.298900 201.763000 1933.190000 -13 177 1 0 1.000000
-2.056050 -0.576116 0 -13.996100 21.438800 211.417000 1933.160000 -13 178 1 0 1.000000
-2.660690 0.481823 0 -10.855100 3.823720 198.730000 1933.110000 -13 179 1 0 1.000000
0.802389 -1.979510 0 -6.426780 10.695700 191.521000 1933.080000 -13 180 1 0 1.000000
-3.752730 -2.132610 0 10.085700 -14.585100 184.137000 1933.120000 -13 181 1 0 1.000000
0.935040 -3.240380 0 11.401400 11.247800 190.412000 1933.220000 -13 182 1 0 1.000000
2.840180 -3.028680 0 -4.852770 -16.636900 202.305000 1933.170000 -13 183 1 0 1.000000
-2.207610 -1.267150 0 5.762000 -6.999470 194.576000 1933.120000 -13 184 1 0 1.000000
-0.026179 -4.269010 0 17.128100 5.547740 195.911000 1933.260000 -13 185 1 0 1.000000
-0.753416 0.959618 0 2.100420 3.005480 184.765000 1933.030000 -13 186 1 0 1.000000
-0.475225 -1.740460 0 -7.038030 10.542000 203.982000 1933.110000 -13 187 1 0 1.000000
-1.449190 -3.103300 0 9.270810 0.941041 183.789000 1933.100000 -13 188 1 0 1.000000
-0.320178 -0.504638 0 3.759950 -9.504960 191.001000 1933.140000 -13 189 1 0 1.000000
-0.756848 -1.399030 0 5.568250 -10.635100 195.621000 1933.240000 -13 190 1 0 1.000000
-0.137096 -3.923780 0 -7.407200 -7.099220 198.174000 1933.270000 -13 191 1 0 1.000000
-0.387924 -1.427490 0 -9.495760 23.499500 189.571000 1933.330000 -13 192 1 0 1.000000
-1.521720 -0.777259 0 -9.796550 7.731920 193.901000 1933.170000 -13 193 1 0 1.000000
0.140518 -2.143370 0 8.140270 2.837280 187.985000 1933.320000 -13 194 1 0 1.000000
-4.093960 -1.120760 0 -2.131220 2.975690 183.274000 1933.180000 -13 195 1 0 1.000000
-1.436170 1.543780 0 0.591364 -20.411600 183.610000 1933.150000 -13 196 1 0 1.000000
-1.861120 -0.377339 0 -5.286640 7.447200 184.983000 1933.250000 -13 197 1 0 1.000000
0.451108 1.036870 0 -13.744300 16.337600 185.112000 1933.160000 -13 198 1 0 1.000000
-3.879030 -0.208187 0 -17.497600 4.504500 197.529000 1933.150000 -13 199 1 0 1.000000
0.381841 -1.345520 0 -2.672970 21.755700 210.917000 1933.130000 -13 200 1 0 1.000000
0.707521 -3.284800 0 -5.764650 6.325380 179.877000 1933.280000 -13 201 1 0 1.000000
-0.393327 -2.550940 0 -13.477200 8.923930 180.021000 1933.230000 -13 202 1 0 1.000000
-4.705920 -0.791199 0 2.157350 -12.396500 202.474000 1933.340000 -13 203 1 0 1.000000
-0.789182 1.023500 0 -0.998747 -19.190100 199.579000 1933.240000 -13 204 1 0 1.000000
0.915875 -1.688380 0 0.002539 19.641800 190.052000 1933.260000 -13 205 1 0 1.000000
-3.159480 0.425648 0 3.427080 -3.276350 196.235000 1933.170000 -13 206 1 0 1.000000
-2.512120 -3.036690 0 3.516160 -12.333800 192.698000 1933.280000 -13 207 1 0 1.000000
-2.454690 -3.101970 0 -19.425500 -3.624150 183.950000 1933.140000 -13 208 1 0 1.000000
-1.515070 1.202260 0 -0.619334 12.549100 181.661000 1933.160000 -13 209 1 0 1.000000
0.603963 -1.748760 0 -3.366590 -1.595710 195.124000 1933.260000 -13 210 1 0 1.000000
-2.118040 -3.235870 0 18.672200 3.278320 201.844000 1933.150000 -13 211 1 0 1.000000
0.744318 -1.088800 0 -5.658830 10.170600 190.392000 1933.130000 -13 212 1 0 1.000000
-1.965500 -2.766700 0 -19.893500 -7.010890 194.990000 1933.140000 -13 213 1 0 1.000000
-2.423310 -2.614660 0 10.928000 -3.660680 188.636000 1933.220000 -13 214 1 0 1.000000
-2.458870 -0.170573 0 -3.065340 -17.130300 208.821000 1933.120000 -13 215 1 0 1.000000
0.472687 -2.249620 0 -1.613660 1.885720 187.503000 1933.090000 -13 216 1 0 1.000000
1.347560 -1.333490 0 -16.677900 1.687550 194.463000 1933.270000 -13 217 1 0 1.000000
-1.236470 0.914944 0 -11.198000 -0.031399 183.046000 1933.180000 -13 218 1 0 1.000000
-1.588280 -0.854830 0 -10.584000 -5.634750 196.547000 1933.010000 -13 219 1 0 1.000000
-1.001530 -4.412690 0 6.807650 -2.938180 202.470000 1933.110000 -13 220 1 0 1.000000
-2.435280 -2.449950 0 -17.155800 3.695090 200.998000 1933.280000 -13 221 1 0 1.000000
0.912658 -0.108573 0 0.506080 7.609210 192.272000 1932.980000 -13 222 1 0 1.000000
-1.854870 -2.529920 0 -8.350650 -0.972001 203.479000 1933.170000 -13 223 1 0 1.000000
1.056750 -1.806460 0 16.165800 -5.029730 205.777000 1933.100000 -13 224 1 0 1.000000
-1.114890 -0.391442 0 6.267080 25.077400 184.859000 1933.060000 -13 225 1 0 1.000000
-4.964740 1.535320 0 -16.512500 -9.387240 192.978000 1933.060000 -13 226 1 0 1.000000
-2.328900 -3.172010 0 1.132710 -0.793775 200.895000 1933.260000 -13 227 1 0 1.000000
-3.313400 -0.065892 0 2.270560 -20.202000 199.659000 1933.050000 -13 228 1 0 1.000000
-1.114550 -2.882080 0 16.760700 0.975694 198.935000 1933.200000 -13 229 1 0 1.000000
-1.319090 -5.772950 0 3.407940 -9.525540 192.686000 1933.200000 -13 230 1 0 1.000000
-1.909190 -2.724810 0 15.279700 5.398240 201.628000 1933.240000 -13 231 1 0 1.000000
3.184490 -1.977900 0 -2.348950 -14.111000 190.985000 1933.160000 -13 232 1 0 1.000000
-0.948399 -0.582649 0 -22.066700 -14.223900 182.898000 1933.170000 -13 233 1 0 1.000000
-1.878660 0.072343 0 -7.446440 -3.084790 200.291000 1933.170000 -13 234 1 0 1.000000
-0.224639 1.162950 0 13.945700 5.920910 205.594000 1933.260000 -13 235 1 0 1.000000
-0.891611 -0.958553 0 -3.514920 -2.927360 175.498000 1933.170000 -13 236 1 0 1.000000
-0.174961 1.262350 0 -11.464300 2.007210 197.630000 1933.100000 -13 237 1 0 1.000000
-1.808430 -1.575550 0 -6.929400 9.495590 195.188000 1933.170000 -13 238 1 0 1.000000
-1.158750 -2.592500 0 15.042400 -5.492860 198.321000 1933.040000 -13 239 1 0 1.000000
-1.538560 -1.154900 0 4.527300 -8.358860 189.093000 1933.080000 -13 240 1 0 1.000000
-0.295084 -2.741020 0 0.879646 4.781580 189.375000 1933.180000 -13 241 1 0 1.000000
-1.693230 -3.396550 0 8.698340 -14.555700 183.854000 1933.080000 -13 242 1 0 1.000000
-1.305240 -3.781610 0 12.259200 0.983687 190.139000 1933.350000 -13 243 1 0 1.000000
-2.203880 -0.693776 0 6.692720 2.862900 201.684000 1933.160000 -13 244 1 0 1.000000
-3.237600 -3.194860 0 4.154740 -12.135600 183.799000 1933.180000 -13 245 1 0 1.000000
1.829030 -3.168690 0 5.176050 -3.872140 192.634000 1933.110000 -13 246 1 0 1.000000
-0.560316 1.258280 0 4.847050 -9.883580 186.679000 1933.180000 -13 247 1 0 1.000000
0.782009 -1.125910 0 5.489550 -10.815200 188.581000 1933.280000 -13 248 1 0 1.000000
0.583395 -2.917870 0 7.515880 6.060560 198.434000 1933.110000 -13 249 1 0 1.000000
-1.580960 -1.112310 0 6.187140 -11.199900 182.573000 1933.200000 -13 250 1 0 1.000000
-1.199840 0.829669 0 13.065000 13.772100 191.925000 1933.090000 -13 251 1 0 1.000000
-0.837635 0.028136 0 0.722949 -20.714800 186.980000 1933.340000 -13 252 1 0 1.000000
-0.312633 -2.771540 0 -1.733330 14.758100 203.993000 1933.220000 -13 253 1 0 1.000000
-0.603622 -4.680110 0 8.289220 -24.362100 193.576000 1933.250000 -13 254 1 0 1.000000
-1.272550 -5.665690 0 13.500500 -11.534700 189.448000 1933.250000 -13 255 1 0 1.000000
0.189534 -2.861200 0 2.127300 5.197930 203.079000 1933.110000 -13 256 1 0 1.000000
0.468470 -1.080000 0 15.207100 -2.787910 188.061000 1933.120000 -13 257 1 0 1.000000
-2.149990 -2.282140 0 8.336460 -8.578360 188.048000 1933.200000 -13 258 1 0 1.000000
-1.552190 -0.454765 0 -4.103140 -12.650500 202.716000 1933.070000 -13 259 1 0 1.000000
0.662994 -4.407910 0 7.550910 -5.191430 188.858000 1933.060000 -13 260 1 0 1.000000
-1.357640 -1.806000 0 -5.156260 19.975100 184.878000 1933.280000 -13 261 1 0 1.000000
-0.473109 -1.072670 0 -12.682000 28.119600 193.067000 1933.200000 -13 262 1 0 1.000000
-2.750960 -1.904050 0 7.103330 9.136600 207.005000 1933.250000 -13 263 1 0 1.000000
-2.008160 -4.103800 0 0.975908 -9.594640 195.590000 1933.200000 -13 264 1 0 1.000000
-2.682750 -0.470111 0 -5.040300 -7.800360 189.331000 1933.160000 -13 265 1 0 1.000000
1.032020 -1.996080 0 17.083500 19.854300 190.926000 1933.170000 -13 266 1 0 1.000000
-0.419901 -3.122260 0 -14.406400 0.752291 192.647000 1933.280000 -13 267 1 0 1.000000
1.370750 1.080950 0 -2.403810 -2.500010 198.885000 1933.060000 -13 268 1 0 1.000000
-1.253010 -4.192650 0 -0.790344 6.740760 198.519000 1933.090000 -13 269 1 0 1.000000
-1.838650 -0.572706 0 -6.122600 -8.225280 187.609000 1933.110000 -13 270 1 0 1.000000
-0.180869 -0.439842 0 -3.931500 22.484000 205.879000 1933.190000 -13 271 1 0 1.000000
-2.994580 -0.925757 0 7.601360 -7.743140 203.954000 1933.090000 -13 272 1 0 1.000000
-1.405170 -3.892920 0 -1.565960 -14.677500 203.578000 1933.210000 -13 273 1 0 1.000000
0.700915 -0.847139 0 -14.927200 17.731700 180.869000 1933.230000 -13 274 1 0 1.000000
-0.099949 0.273230 0 -5.405890 7.490980 206.350000 1933.350000 -13 275 1 0 1.000000
-1.065690 -2.977530 0 -5.155170 -1.583610 204.625000 1933.090000 -13 276 1 0 1.000000
-1.993590 -5.292950 0 7.063820 -7.238810 197.592000 1933.320000 -13 277 1 0 1.000000
0.449968 -2.146770 0 -5.788380 13.884900 197.136000 1933.110000 -13 278 1 0 1.000000
-1.295930 -0.739943 0 6.169710 -20.151000 192.516000 1933.120000 -13 279 1 0 1.000000
-2.754650 -1.364000 0 0.842648 0.634952 188.881000 1933.090000 -13 280 1 0 1.000000
-3.782340 -4.862580 0 -7.903700 1.227920 192.046000 1933.120000 -13 281 1 0 1.000000
-2.217880 -0.750997 0 7.185360 -14.561200 202.743000 1933.180000 -13 282 1 0 1.000000
-2.969690 -0.241773 0 -27.440800 -5.833470 210.318000 1933.090000 -13 283 1 0 1.000000
-2.856190 -4.004090 0 0.863609 -22.004400 186.523000 1933.140000 -13 284 1 0 1.000000
-1.618680 -1.196360 0 -3.742670 -5.695310 189.494000 1933.130000 -13 285 1 0 1.000000
1.996010 0.252443 0 2.917250 -5.064600 205.333000 1933.110000 -13 286 1 0 1.000000
-0.844369 0.322222 0 -2.515780 10.371000 187.088000 1933.320000 -13 287 1 0 1.000000
-2.352740 -1.682990 0 -10.891400 -6.311100 199.505000 1933.130000 -13 288 1 0 1.000000
-2.577380 -5.559050 0 -1.458620 14.042700 205.564000 1933.210000 -13 289 1 0 1.000000
-0.466228 -2.167130 0 10.305300 7.921800 190.425000 1933.120000 -13 290 1 0 1.000000
-3.076090 -1.456790 0 -0.590656 -0.078663 202.121000 1933.180000 -13 291 1 0 1.000000
-1.574180 -3.491580 0 6.608890 12.551200 189.188000 1933.070000 -13 292 1 0 1.000000
-1.523570 -3.466300 0 6.913310 0.113699 178.029000 1933.180000 -13 293 1 0 1.000000
-1.762200 -1.050470 0 5.228260 -7.975330 185.905000 1933.210000 -13 294 1 0 1.000000
-0.272397 -2.656090 0 -19.675100 10.754700 176.184000 1933.240000 -13 295 1 0 1.000000
-1.734470 -2.051770 0 2.879220 16.560700 201.194000 1933.130000 -13 296 1 0 1.000000
-4.662480 -2.745400 0 -5.508540 14.900500 192.322000 1933.170000 -13 297 1 0 1.000000
-1.319400 -2.592970 0 1.209750 3.455910 197.924000 1933.290000 -13 298 1 0 1.000000
-0.174458 -0.989512 0 -7.697480 18.125500 191.289000 1933.200000 -13 299 1 0 1.000000
0.069219 -2.451850 0 6.962490 -0.905900 192.048000 1933.200000 -13 300 1 0 1.000000
-2.240860 -1.296470 0 12.375900 -4.956060 212.787000 1933.210000 -13 301 1 0 1.000000
-1.061390 0.344647 0 2.107510 -28.173600 202.156000 1933.260000 -13 302 1 0 1.000000
-3.537730 -0.306790 0 9.160550 -10.136900 198.514000 1933.090000 -13 303 1 0 1.000000
-2.385190 -3.618120 0 10.824500 7.985160 188.250000 1933.140000 -13 304 1 0 1.000000
-1.438330 -4.713440 0 -1.156210 10.440800 187.479000 1933.170000 -13 305 1 0 1.000000
1.233620 0.082586 0 3.563180 5.185890 185.789000 1933.050000 -13 306 1 0 1.000000
-3.093470 -0.815292 0 -8.394000 -15.662700 210.726000 1933.230000 -13 307 1 0 1.000000
0.053282 0.042592 0 -14.496400 -1.535480 206.266000 1933.130000 -13 308 1 0 1.000000
-0.628322 1.986700 0 13.944300 -6.558900 189.972000 1933.170000 -13 309 1 0 1.000000
-2.409610 -2.152250 0 4.576500 -6.087380 185.662000 1933.210000 -13 310 1 0 1.000000
-2.909390 0.883165 0 -2.398560 -3.933980 197.031000 1933.120000 -13 311 1 0 1.000000
0.665019 -2.494750 0 -6.841720 -4.647220 185.855000 1933.150000 -13 312 1 0 1.000000
-0.981822 -1.944570 0 2.454720 17.497000 186.073000 1933.240000 -13 313 1 0 1.000000
2.379250 -1.468020 0 0.400969 8.799890 190.840000 1933.210000 -13 314 1 0 1.000000
-1.559440 -2.129270 0 4.344820 -7.961220 179.759000 1933.060000 -13 315 1 0 1.000000
0.020276 -3.542430 0 7.396400 -2.891510 190.445000 1933.260000 -13 316 1 0 1.000000
0.205794 -0.262729 0 5.276490 -18.233400 190.150000 1933.020000 -13 317 1 0 1.000000
-3.221960 -1.351860 0 3.264640 0.193742 200.293000 1933.100000 -13 318 1 0 1.000000
0.896449 0.269282 0 -10.173700 13.339700 190.260000 1933.100000 -13 319 1 0 1.000000
-1.375400 0.095807 0 0.927959 -11.276800 188.931000 1933.180000 -13 320 1 0 1.000000
-1.528510 -1.387380 0 -9.187790 -18.788600 202.189000 1933.170000 -13 321 1 0 1.000000
-0.066669 -1.971510 0 1.870680 0.077647 200.769000 1933.120000 -13 322 1 0 1.000000
-1.874410 -0.638548 0 -8.791920 -2.616190 193.582000 1933.140000 -13 323 1 0 1.000000
-2.585710 -0.439995 0 -1.972480 -3.569320 200.908000 1933.090000 -13 324 1 0 1.000000
1.424580 -3.208010 0 9.866340 13.746500 202.322000 1933.120000 -13 325 1 0 1.000000
1.621750 -2.680440 0 -7.107180 -1.402270 196.053000 1933.100000 -13 326 1 0 1.000000
-1.792720 -1.327090 0 11.369800 8.023700 210.420000 1933.090000 -13 327 1 0 1.000000
-1.401960 0.173349 0 -6.512630 8.029990 185.523000 1933.140000 -13 328 1 0 1.000000
-1.242380 -3.581060 0 3.169210 5.307170 189.338000 1933.320000 -13 329 1 0 1.000000
-1.209640 -5.206140 0 13.128400 -5.744640 193.878000 1933.100000 -13 330 1 0 1.000000
-2.580880 0.494229 0 -6.407220 15.911400 186.681000 1933.130000 -13 331 1 0 1.000000
-1.504070 -0.673073 0 14.179900 -4.157420 201.795000 1933.090000 -13 332 1 0 1.000000
-1.014200 -4.043030 0 11.721300 -0.487565 192.433000 1933.170000 -13 333 1 0 1.000000
-3.878500 -2.478170 0 9.089360 -7.214870 197.504000 1933.200000 -13 334 1 0 1.000000
-2.652110 -0.255989 0 -2.992790 -26.360800 179.069000 1933.220000 -13 335 1 0 1.000000
-1.399930 2.031280 0 -1.989490 -15.918800 206.906000 1933.290000 -13 336 1 0 1.000000
-2.852050 -0.767370 0 6.298380 -14.752000 189.053000 1933.130000 -13 337 1 0 1.000000
-4.812550 -2.679000 0 14.528000 -17.508800 188.871000 1933.130000 -13 338 1 0 1.000000
-0.356897 0.106983 0 4.371460 -0.866827 198.941000 1933.050000 -13 339 1 0 1.000000
-1.728500 -2.328650 0 16.652000 -5.229070 203.764000 1933.210000 -13 340 1 0 1.000000
-1.035600 -0.832736 0 -0.775813 -13.811600 194.095000 1933.110000 -13 341 1 0 1.000000
-2.130360 -0.397115 0 -10.892300 -8.813560 191.708000 1933.200000 -13 342 1 0 1.000000
-4.650020 -1.921120 0 12.474300 1.754040 205.166000 1933.200000 -13 343 1 0 1.000000
-3.313870 -2.318360 0 6.024110 7.771400 192.499000 1933.180000 -13 344 1 0 1.000000
-1.347740 -3.000590 0 -4.120650 -1.521990 200.771000 1933.130000 -13 345 1 0 1.000000
-0.274232 -2.425460 0 7.439460 -10.026900 192.145000 1933.010000 -13 346 1 0 1.000000
-0.965083 -1.814380 0 -5.118340 0.560654 179.747000 1933.200000 -13 347 1 0 1.000000
-1.382430 -1.228300 0 14.870100 1.390790 202.124000 1933.310000 -13 348 1 0 1.000000
-2.232510 -1.164360 0 -6.030690 -0.046428 191.600000 1933.070000 -13 349 1 0 1.000000
-1.091480 -1.798360 0 -24.909500 -2.115410 201.338000 1933.190000 -13 350 1 0 1.000000
-3.621370 1.716430 0 -3.172050 8.740650 195.777000 1933.120000 -13 351 1 0 1.000000
-2.052760 -0.366995 0 2.184810 -5.760460 182.236000 1933.150000 -13 352 1 0 1.000000
0.471343 -1.205650 0 0.831039 -3.239190 201.684000 1933.090000 -13 353 1 0 1.000000
-1.038540 -2.306520 0 3.148360 -3.144320 195.700000 1933.160000 -13 354 1 0 1.000000
-0.205177 -0.752877 0 -11.968200 0.677936 196.645000 1933.300000 -13 355 1 0 1.000000
0.175297 -0.927445 0 -12.648700 -14.449000 188.583000 1933.100000 -13 356 1 0 1.000000
-1.423740 -4.401820 0 -2.354930 -0.804448 207.338000 1933.270000 -13 357 1 0 1.000000
-2.883400 -1.807400 0 3.681360 -4.005910 186.231000 1933.100000 -13 358 1 0 1.000000
-2.480320 -0.734818 0 13.130800 -15.454800 201.850000 1933.250000 -13 359 1 0 1.000000
-0.264127 -1.152140 0 2.871130 12.078800 190.875000 1933.150000 -13 360 1 0 1.000000
-0.651848 -2.472110 0 -7.993070 4.231360 204.984000 1933.100000 -13 361 1 0 1.000000
0.855666 -2.468980 0 -1.388770 21.255400 192.158000 1933.220000 -13 362 1 0 1.000000
1.219010 -3.862350 0 5.566100 -3.685170 198.255000 1933.180000 -13 363 1 0 1.000000
-1.411570 -2.964050 0 17.534500 1.213070 186.298000 1933.120000 -13 364 1 0 1.000000
-0.789877 0.726357 0 4.052340 11.971100 202.148000 1933.220000 -13 365 1 0 1.000000
-0.059879 -2.559190 0 -3.330190 6.410150 187.379000 1933.200000 -13 366 1 0 1.000000
0.520523 -2.042930 0 8.619810 14.186000 193.457000 1933.210000 -13 367 1 0 1.000000
-2.148200 -3.006310 0 -1.763660 4.391100 190.934000 1933.080000 -13 368 1 0 1.000000
-2.997760 -2.163970 0 2.473210 13.822400 196.767000 1933.080000 -13 369 1 0 1.000000
-1.346320 -2.216790 0 -1.176260 -10.575300 189.361000 1933.190000 -13 370 1 0 1.000000
0.753071 -0.967842 0 -2.510650 10.484800 190.409000 1933.180000 -13 371 1 0 1.000000
1.176520 -0.691192 0 -0.282988 16.329100 183.513000 1933.130000 -13 372 1 0 1.000000
-3.330360 -1.018180 0 -14.481900 -4.927040 196.897000 1933.110000 -13 373 1 0 1.000000
0.472976 -1.644840 0 8.732300 -5.139200 190.204000 1933.110000 -13 374 1 0 1.000000
2.288610 -1.882800 0 7.640170 19.754500 188.537000 1933.090000 -13 375 1 0 1.000000
-0.666071 -0.664172 0 -4.284370 -1.899480 208.243000 1933.220000 -13 376 1 0 1.000000
-1.538140 -0.939397 0 12.038300 -4.300590 186.530000 1933.110000 -13 377 1 0 1.000000
-0.048809 0.016391 0 -9.724300 3.494480 202.916000 1933.150000 -13 378 1 0 1.000000
-1.443850 -1.667340 0 -2.914690 11.453700 188.696000 1933.180000 -13 379 1 0 1.000000
0.248762 2.442520 0 -12.419300 6.565210 188.295000 1933.110000 -13 380 1 0 1.000000
-0.617540 -0.112321 0 -12.559000 11.029300 211.655000 1933.110000 -13 381 1 0 1.000000
-1.871290 -0.801379 0 -1.440650 -5.632880 199.589000 1933.040000 -13 382 1 0 1.000000
-1.285200 -3.572460 0 9.714370 -4.706070 185.588000 1933.190000 -13 383 1 0 1.000000
-0.018159 -2.452570 0 -2.866110 1.143450 182.907000 1933.190000 -13 384 1 0 1.000000
1.269360 -2.391550 0 4.495610 -2.470210 184.970000 1933.090000 -13 385 1 0 1.000000
0.618716 -1.772430 0 9.486870 -10.724800 186.152000 1933.150000 -13 386 1 0 1.000000
-3.689280 -2.136330 0 -8.589960 2.530180 205.934000 1933.080000 -13 387 1 0 1.000000
0.139624 -0.072176 0 -12.549100 6.749270 186.882000 1933.090000 -13 388 1 0 1.000000
-1.336430 1.103450 0 -11.273900 0.583242 189.953000 1933.330000 -13 389 1 0 1.000000
-2.020010 -0.037117 0 -0.417233 15.323400 185.896000 1933.190000 -13 390 1 0 1.000000
-1.657240 -2.310080 0 -1.299410 13.601000 196.056000 1933.020000 -13 391 1 0 1.000000
-0.398981 -0.836389 0 8.716020 15.178900 197.854000 1933.120000 -13 392 1 0 1.000000
-1.391040 0.449480 0 -0.126614 -6.256200 198.721000 1933.070000 -13 393 1 0 1.000000
-2.023890 -0.544498 0 18.848800 -17.898500 208.995000 1933.140000 -13 394 1 0 1.000000
-2.276200 -1.349950 0 -0.403364 1.048020 195.988000 1933.070000 -13 395 1 0 1.000000
-1.419360 -0.848291 0 -14.874900 -5.169670 196.206000 1933.150000 -13 396 1 0 1.000000
-0.573394 -2.938580 0 -12.804300 4.982680 189.490000 1933.160000 -13 397 1 0 1.000000
2.068540 -1.596690 0 -0.487017 13.490400 199.984000 1933.060000 -13 398 1 0 1.000000
0.119321 1.458310 0 1.685580 1.058170 191.103000 1933.090000 -13 399 1 0 1.000000
-3.275040 -1.468360 0 0.427838 7.223010 194.796000 1933.180000 -13 400 1 0 1.000000
-4.591910 2.434410 0 -9.598860 -1.882890 201.748000 1933.240000 -13 401 1 0 1.000000
-1.407460 -0.830590 0 1.280420 -1.550610 189.450000 1933.110000 -13 402 1 0 1.000000
-2.189300 -2.565280 0 -22.431500 3.780480 172.530000 1933.150000 -13 403 1 0 1.000000
-1.384910 -3.052720 0 -1.635280 11.175000 199.557000 1933.020000 -13 404 1 0 1.000000
-3.015170 -1.554970 0 -4.009880 1.591750 193.971000 1933.130000 -13 405 1 0 1.000000
-4.297880 -0.218132 0 5.038170 -15.341700 202.889000 1933.070000 -13 406 1 0 1.000000
-1.603800 -4.598410 0 13.434600 -18.141500 185.704000 1933.130000 -13 407 1 0 1.000000
2.031540 -2.182490 0 -7.676820 -4.839750 193.576000 1933.160000 -13 408 1 0 1.000000
1.168220 -2.649040 0 6.527810 22.457900 191.699000 1933.160000 -13 409 1 0 1.000000
-0.009197 -1.431610 0 -1.132980 -5.151930 186.290000 1933.220000 -13 410 1 0 1.000000
-0.192002 -2.741340 0 12.296100 15.459100 176.448000 1933.230000 -13 411 1 0 1.000000
-0.805537 1.546730 0 15.435000 3.149620 196.538000 1933.130000 -13 412 1 0 1.000000
1.717470 -2.353200 0 13.392200 5.014200 200.257000 1933.150000 -13 413 1 0 1.000000
-1.235200 -3.288390 0 11.091800 -5.231150 192.019000 1933.100000 -13 414 1 0 1.000000
-1.017140 0.014521 0 -12.273400 0.734084 184.479000 1933.180000 -13 415 1 0 1.000000
-2.728780 -3.867680 0 19.089900 10.894900 190.102000 1933.310000 -13 416 1 0 1.000000
-1.445650 0.835053 0 -6.572340 -14.078200 188.169000 1933.240000 -13 417 1 0 1.000000
-2.428770 -1.440790 0 -12.625500 -0.432097 201.683000 1933.200000 -13 418 1 0 1.000000
-3.747320 -3.520040 0 9.088280 -3.718170 193.966000 1933.250000 -13 419 1 0 1.000000
1.534240 -1.680900 0 -2.592780 11.405700 185.429000 1933.150000 -13 420 1 0 1.000000
-2.176370 -1.489600 0 10.080100 -2.889880 184.429000 1933.220000 -13 421 1 0 1.000000
-2.108960 -3.060300 0 3.285720 -9.698990 195.559000 1933.150000 -13 422 1 0 1.000000
-0.990045 -2.305210 0 7.050950 -8.741700 204.938000 1933.190000 -13 423 1 0 1.000000
-1.758660 -3.759920 0 0.624886 10.801200 185.367000 1933.200000 -13 424 1 0 1.000000
-0.214401 -3.736850 0 -0.154631 4.907340 195.236000 1933.250000 -13 425 1 0 1.000000
-2.583920 -0.445571 0 -8.349330 1.130940 182.982000 1933.040000 -13 426 1 0 1.000000
-1.736870 -0.384301 0 -19.974700 2.211080 194.089000 1933.100000 -13 427 1 0 1.000000
-0.049888 0.545486 0 -12.645200 3.886460 190.492000 1933.120000 -13 428 1 0 1.000000
-2.984020 -1.911410 0 -10.675100 -16.386000 205.754000 1933.180000 -13 429 1 0 1.000000
0.079954 -3.487060 0 -1.640800 -4.043210 195.369000 1933.170000 -13 430 1 0 1.000000
-0.847560 -2.706810 0 11.611100 0.405465 203.623000 1933.180000 -13 431 1 0 1.000000
-1.386000 1.614590 0 1.224550 -6.179010 206.979000 1933.260000 -13 432 1 0 1.000000
-1.007450 -0.552203 0 -5.208270 6.394550 188.295000 1933.220000 -13 433 1 0 1.000000
-4.054640 -0.412747 0 3.278160 -6.257880 203.891000 1933.060000 -13 434 1 0 1.000000
2.072060 -4.270850 0 2.167040 16.703600 196.241000 1933.360000 -13 435 1 0 1.000000
-0.097531 -2.139240 0 -0.261927 -8.072190 207.319000 1933.200000 -13 436 1 0 1.000000
-0.734054 -2.544460 0 -0.267379 16.294600 208.341000 1933.250000 -13 437 1 0 1.000000
0.989234 -3.621610 0 15.409500 5.406300 201.611000 1933.110000 -13 438 1 0 1.000000
-5.368960 0.519929 0 -9.119800 -24.774100 202.222000 1933.160000 -13 439 1 0 1.000000
-1.195380 -2.925070 0 -10.260500 4.215540 192.259000 1933.280000 -13 440 1 0 1.000000
0.669990 -1.693130 0 0.085105 19.748900 188.037000 1933.300000 -13 441 1 0 1.000000
-0.549601 -3.569560 0 -11.115700 6.489540 198.310000 1933.120000 -13 442 1 0 1.000000
-2.547130 0.658171 0 -3.671230 -7.437060 198.097000 1933.160000 -13 443 1 0 1.000000
-2.790570 -2.384480 0 -11.356300 3.655570 202.025000 1933.150000 -13 444 1 0 1.000000
-1.674950 -3.798810 0 3.351560 0.543396 202.381000 1933.250000 -13 445 1 0 1.000000
0.558958 -1.920030 0 -3.821470 9.531510 195.282000 1933.270000 -13 446 1 0 1.000000
-1.280640 -1.133150 0 -26.541000 15.228900 192.751000 1933.230000 -13 447 1 0 1.000000
-1.352580 -2.818660 0 -3.939930 7.132740 193.773000 1933.120000 -13 448 1 0 1.000000
-0.708250 -0.130028 0 -11.747800 6.581050 202.207000 1933.190000 -13 449 1 0 1.000000
-0.185320 -3.093010 0 7.145340 10.409400 201.397000 1933.170000 -13 450 1 0 1.000000
1.800910 -3.326890 0 -1.585760 11.284200 195.066000 1933.050000 -13 451 1 0 1.000000
-1.525790 -4.895940 0 -0.227983 -17.743600 196.177000 1933.190000 -13 452 1 0 1.000000
-4.294630 -2.884580 0 -2.008020 2.862590 190.135000 1933.190000 -13 453 1 0 1.000000
-1.709560 -3.006310 0 -2.194510 -12.569400 192.747000 1933.220000 -13 454 1 0 1.000000
-1.873120 -2.607050 0 11.297300 -6.035220 196.090000 1933.220000 -13 455 1 0 1.000000
-2.598200 -1.395320 0 0.992142 21.017600 184.130000 1933.150000 -13 456 1 0 1.000000
-1.075930 0.544811 0 -2.576740 12.559500 188.935000 1933.110000 -13 457 1 0 1.000000
1.021280 -0.964618 0 14.271700 -15.989900 202.343000 1933.140000 -13 458 1 0 1.000000
0.589899 -0.374990 0 -6.435210 -1.437980 206.571000 1933.190000 -13 459 1 0 1.000000
-1.998660 0.404966 0 1.171570 -6.877750 192.486000 1933.140000 -13 460 1 0 1.000000
-0.098303 1.539060 0 -15.265400 -13.848500 193.256000 1933.240000 -13 461 1 0 1.000000
-0.778633 1.146040 0 -4.174430 5.142670 200.419000 1933.090000 -13 462 1 0 1.000000
-1.738610 -1.538090 0 7.499450 8.413500 191.495000 1933.180000 -13 463 1 0 1.000000
0.363733 -2.622290 0 4.879830 4.019730 185.136000 1933.090000 -13 464 1 0 1.000000
-2.258870 -0.489804 0 5.335010 14.199600 195.963000 1933.020000 -13 465 1 0 1.000000
2.054770 -1.525490 0 8.676910 18.254600 186.717000 1933.180000 -13 466 1 0 1.000000
-1.822260 0.293453 0 -15.401400 14.435500 197.389000 1933.310000 -13 467 1 0 1.000000
-0.415337 0.371283 0 -3.940380 12.212700 191.326000 1933.330000 -13 468 1 0 1.000000
0.828468 -0.071356 0 -6.327470 6.253960 199.876000 1933.270000 -13 469 1 0 1.000000
0.181693 -1.934670 0 0.691476 0.879040 185.371000 1933.140000 -13 470 1 0 1.000000
-0.808665 -1.426520 0 -1.208490 10.045700 182.433000 1933.150000 -13 471 1 0 1.000000
-0.023538 -1.763400 0 3.443070 23.328600 185.845000 1933.270000 -13 472 1 0 1.000000
-1.037350 -3.111540 0 2.974390 -4.642060 196.829000 1933.130000 -13 473 1 0 1.000000
-1.877110 -0.535397 0 2.661600 -7.790740 195.810000 1933.150000 -13 474 1 0 1.000000
-0.827445 -0.995106 0 3.183230 -12.381000 202.237000 1933.190000 -13 475 1 0 1.000000
-2.318810 -2.057980 0 9.954640 -8.022810 191.085000 1933.140000 -13 476 1 0 1.000000
-0.526511 -2.275440 0 6.979890 5.567070 192.632000 1933.300000 -13 477 1 0 1.000000
-1.850420 0.264313 0 13.351100 0.179383 194.060000 1933.260000 -13 478 1 0 1.000000
-1.138160 -3.824560 0 -2.134320 7.818190 178.618000 1933.090000 -13 479 1 0 1.000000
-3.056430 -1.988500 0 10.646100 3.602190 200.038000 1933.110000 -13 480 1 0 1.000000
-3.445050 -2.893600 0 5.691050 -14.526600 202.151000 1933.150000 -13 481 1 0 1.000000
-3.365420 -3.696580 0 -13.713300 7.413130 203.308000 1933.200000 -13 482 1 0 1.000000
-0.354531 -2.612700 0 -7.820160 16.095500 177.903000 1933.070000 -13 483 1 0 1.000000
-0.432443 -2.308220 0 7.607270 18.139800 189.285000 1933.030000 -13 484 1 0 1.000000
-2.610650 -1.288020 0 8.009280 -8.494430 192.194000 1933.060000 -13 485 1 0 1.000000
-0.985212 -1.327770 0 -16.549700 13.308000 189.138000 1933.310000 -13 486 1 0 1.000000
-0.001953 -1.852490 0 4.356140 -4.249030 193.005000 1933.130000 -13 487 1 0 1.000000
0.393883 -2.283030 0 -2.000790 5.127200 190.603000 1933.130000 -13 488 1 0 1.000000
-3.763010 0.315952 0 9.300180 -6.610330 197.370000 1933.110000 -13 489 1 0 1.000000
-1.718450 1.177750 0 -9.326610 10.305900 192.071000 1933.170000 -13 490 1 0 1.000000
-0.274941 -4.182290 0 15.179600 17.960400 208.507000 1933.190000 -13 491 1 0 1.000000
0.079450 1.334280 0 6.184030 -5.129880 189.675000 1933.170000 -13 492 1 0 1.000000
1.068540 0.617232 0 0.672620 20.808000 195.946000 1933.090000 -13 493 1 0 1.000000
0.010615 -3.876460 0 8.160020 -1.844450 194.324000 1933.060000 -13 494 1 0 1.000000
-2.181600 -2.013090 0 4.693030 6.074020 197.284000 1933.270000 -13 495 1 0 1.000000
-2.997150 0.278876 0 -17.114200 -17.313700 195.483000 1933.260000 -13 496 1 0 1.000000
-2.715060 -0.134930 0 -13.954200 -6.431900 186.092000 1933.160000 -13 497 1 0 1.000000
-1.957170 -0.964463 0 3.663400 11.123200 193.678000 1933.150000 -13 498 1 0 1.000000
-0.343592 -0.788433 0 7.404830 -4.919640 210.365000 1933.210000 -13 499 1 0 1.000000
-1.028400 -2.495530 0 9.744010 -15.542900 193.866000 1933.040000 -13 500 1 0 1.000000
-0.298385 -1.997700 0 -7.273670 11.057300 189.276000 1933.120000 -13 501 1 0 1.000000
0.074850 -1.125170 0 -3.600150 14.267000 201.021000 1933.130000 -13 502 1 0 1.000000
-1.665540 -1.657830 0 -1.027180 -9.548620 179.934000 1933.160000 -13 503 1 0 1.000000
-0.692991 -3.391210 0 5.351640 10.945000 196.576000 1933.220000 -13 504 1 0 1.000000
-1.735150 0.671431 0 16.172900 15.512100 187.803000 1933.160000 -13 505 1 0 1.000000
0.807453 -2.995690 0 11.113500 -4.953310 192.072000 1932.990000 -13 506 1 0 1.000000
-0.491103 -1.929540 0 1.541720 -7.907800 195.290000 1933.150000 -13 507 1 0 1.000000
-2.750320 -2.659830 0 23.783400 -5.688200 215.149000 1933.290000 -13 508 1 0 1.000000
-1.726470 -1.038910 0 -5.239610 18.522700 193.450000 1933.220000 -13 509 1 0 1.000000
0.026189 -2.173070 0 -0.304816 20.124600 194.941000 1933.050000 -13 510 1 0 1.000000
-0.708095 -0.557074 0 1.010730 8.947310 202.740000 1933.070000 -13 511 1 0 1.000000
-1.096970 0.298999 0 -0.839092 3.594090 202.155000 1933.100000 -13 512 1 0 1.000000
-2.564190 0.238276 0 1.044850 6.102640 195.689000 1933.050000 -13 513 1 0 1.000000
-0.068607 -1.033940 0 -1.473060 -4.683510 182.827000 1933.100000 -13 514 1 0 1.000000
-0.930316 -2.661570 0 7.966790 -4.259120 178.266000 1933.270000 -13 515 1 0 1.000000
-1.204920 -5.304740 0 10.476800 -1.164550 207.858000 1933.190000 -13 516 1 0 1.000000
1.109400 -1.261720 0 -5.638280 11.058500 191.942000 1933.200000 -13 517 1 0 1.000000
-3.073600 0.471349 0 7.737780 15.982700 202.498000 1933.230000 -13 518 1 0 1.000000
-1.282060 0.221813 0 -14.347300 2.933270 203.199000 1933.180000 -13 519 1 0 1.000000
-0.744961 -1.333460 0 -3.765510 20.810800 202.809000 1933.180000 -13 520 1 0 1.000000
-2.523890 1.372470 0 -8.488850 -5.497730 192.739000 1933.090000 -13 521 1 0 1.000000
-1.058870 0.038256 0 8.594790 -10.782800 201.705000 1933.140000 -13 522 1 0 1.000000
-2.374690 -1.546550 0 -0.926710 -12.062400 186.769000 1933.170000 -13 523 1 0 1.000000
-2.244050 -2.923630 0 -0.418469 -4.063700 199.280000 1933.060000 -13 524 1 0 1.000000
-2.794320 -1.751760 0 1.778240 -14.554100 205.241000 1933.110000 -13 525 1 0 1.000000
-0.519003 -2.160990 0 -18.622900 -5.705700 195.867000 1933.060000 -13 526 1 0 1.000000
-2.255030 -1.142820 0 -1.928080 2.465290 199.599000 1933.250000 -13 527 1 0 1.000000
-2.230110 -1.132600 0 -0.670568 0.190051 187.152000 1933.200000 -13 528 1 0 1.000000
-0.498338 -0.967338 0 -16.074700 12.166800 194.828000 1933.000000 -13 529 1 0 1.000000
-0.939263 -1.963630 0 -3.087430 -3.147660 191.083000 1933.170000 -13 530 1 0 1.000000
-0.552186 -3.532730 0 -11.195700 14.853700 196.142000 1933.220000 -13 531 1 0 1.000000
-2.285420 -0.851659 0 -7.171940 2.827990 206.127000 1933.280000 -13 532 1 0 1.000000
-1.246120 -1.911760 0 3.438120 1.478670 190.545000 1933.040000 -13 533 1 0 1.000000
-0.981203 0.147790 0 -9.584990 7.803230 185.305000 1933.270000 -13 534 1 0 1.000000
-0.911190 -2.323070 0 5.251550 -1.820800 200.204000 1933.120000 -13 535 1 0 1.000000
-0.971220 -1.242960 0 12.332400 -15.478900 194.321000 1933.150000 -13 536 1 0 1.000000
-0.328413 -0.508871 0 23.653200 2.409090 194.427000 1933.060000 -13 537 1 0 1.000000
-4.952260 -1.073210 0 -3.512840 -13.007100 192.577000 1933.190000 -13 538 1 0 1.000000
-0.851061 -1.987720 0 -1.491860 -10.204100 189.242000 1933.200000 -13 539 1 0 1.000000
-1.990950 -1.330140 0 12.501200 4.129910 193.806000 1933.240000 -13 540 1 0 1.000000
-2.400630 -0.989651 0 6.874850 -5.414000 189.963000 1933.270000 -13 541 1 0 1.000000
-1.328510 -0.395775 0 13.357600 -5.069380 197.089000 1933.300000 -13 542 1 0 1.000000
-1.848290 -1.033080 0 13.202900 8.292510 191.672000 1933.140000 -13 543 1 0 1.000000
0.195860 -3.755520 0 4.569580 5.434050 198.185000 1933.080000 -13 544 1 0 1.000000
0.879285 -2.419100 0 2.367600 -12.696900 177.086000 1933.170000 -13 545 1 0 1.000000
-2.010360 -1.567990 0 -8.672240 9.165880 209.063000 1933.220000 -13 546 1 0 1.000000
-1.143560 -4.835810 0 2.579790 -14.821800 189.176000 1933.130000 -13 547 1 0 1.000000
-2.607230 -0.640470 0 9.198470 -1.718920 203.848000 1933.100000 -13 548 1 0 1.000000
-0.156559 -3.684000 0 12.022400 -2.164510 191.028000 1933.070000 -13 549 1 0 1.000000
-1.424880 -0.007014 0 -11.803500 11.900100 189.891000 1933.110000 -13 550 1 0 1.000000
0.132603 -3.014280 0 2.683220 3.119380 188.885000 1933.140000 -13 551 1 0 1.000000
-2.134390 -0.285962 0 -0.630131 10.631300 203.306000 1933.190000 -13 552 1 0 1.000000
-1.062220 -1.683630 0 -6.003440 4.228820 198.174000 1933.250000 -13 553 1 0 1.000000
-3.525410 0.051320 0 -5.587590 -15.791800 193.884000 1933.220000 -13 554 1 0 1.000000
0.013275 -1.501930 0 -2.783830 14.275800 180.365000 1933.070000 -13 555 1 0 1.000000
-2.097810 -0.806612 0 -15.324000 -10.557700 197.579000 1933.350000 -13 556 1 0 1.000000
0.326352 -3.443110 0 -2.834400 9.626050 196.388000 1933.130000 -13 557 1 0 1.000000
-0.839941 0.399248 0 -18.904000 3.185900 184.370000 1933.200000 -13 558 1 0 1.000000
-3.640670 -1.469690 0 -0.067474 -14.262000 199.898000 1933.250000 -13 559 1 0 1.000000
0.995484 -4.847240 0 5.447580 12.838100 182.527000 1933.120000 -13 560 1 0 1.000000
-2.250740 -1.499140 0 -13.926200 -7.966000 204.615000 1933.160000 -13 561 1 0 1.000000
-0.640813 -0.051110 0 -2.346080 -8.876120 188.812000 1933.220000 -13 562 1 0 1.000000
-3.744450 -1.072420 0 0.840288 -12.810700 208.694000 1933.180000 -13 563 1 0 1.000000
-1.186300 -2.569230 0 -8.414780 -5.537670 179.942000 1933.200000 -13 564 1 0 1.000000
-1.918010 -1.100990 0 1.001440 -9.948770 198.739000 1933.120000 -13 565 1 0 1.000000
-2.746940 -1.539550 0 -2.551610 -2.417150 199.082000 1933.120000 -13 566 1 0 1.000000
-3.533000 -1.831220 0 3.717780 -9.221460 186.789000 1933.200000 -13 567 1 0 1.000000
-3.515700 -3.667530 0 9.942700 9.222440 196.606000 1933.140000 -13 568 1 0 1.000000
-2.626590 -0.136402 0 -13.922500 7.289100 182.708000 1933.180000 -13 569 1 0 1.000000
-1.415320 -3.858390 0 -0.466926 -9.953850 197.685000 1933.250000 -13 570 1 0 1.000000
-1.445330 -1.457090 0 0.277954 4.934750 196.354000 1933.330000 -13 571 1 0 1.000000
-0.925342 -0.364825 0 -11.840800 9.817320 203.202000 1933.310000 -13 572 1 0 1.000000
0.820185 -2.352050 0 -10.209400 -10.584400 193.095000 1933.120000 -13 573 1 0 1.000000
1.494010 -3.981100 0 -1.409460 -3.336690 198.129000 1933.060000 -13 574 1 0 1.000000
0.018562 -0.872097 0 2.839520 -0.403029 185.601000 1933.090000 -13 575 1 0 1.000000
-1.193190 -2.939720 0 -3.225320 0.380067 196.569000 1933.240000 -13 576 1 0 1.000000
0.271041 -1.723210 0 -3.825220 -0.404223 192.316000 1933.210000 -13 577 1 0 1.000000
-1.694540 -1.964280 0 6.321500 -12.294700 197.572000 1933.140000 -13 578 1 0 1.000000
-0.169221 -3.857190 0 10.364200 -2.146400 197.482000 1933.090000 -13 579 1 0 1.000000
-1.025850 -2.490720 0 21.148800 -5.995170 188.116000 1933.130000 -13 580 1 0 1.000000
-3.563030 -3.679960 0 -8.799750 -7.938180 196.343000 1933.220000 -13 581 1 0 1.000000
-3.321030 -1.201100 0 10.305000 3.960370 185.837000 1933.240000 -13 582 1 0 1.000000
-0.886743 -2.198840 0 3.564570 -1.464220 182.194000 1933.220000 -13 583 1 0 1.000000
0.127109 -2.986550 0 4.368140 -14.581500 199.959000 1933.240000 -13 584 1 0 1.000000
-4.186140 -0.695757 0 -0.133916 1.487870 188.493000 1933.080000 -13 585 1 0 1.000000
0.361110 -1.903850 0 -8.025160 11.117000 181.798000 1933.160000 -13 586 1 0 1.000000
-2.798710 0.840780 0 -1.303870 -4.343870 200.092000 1933.060000 -13 587 1 0 1.000000
-0.316300 -0.920773 0 -1.745600 2.523110 186.652000 1933.120000 -13 588 1 0 1.000000
0.515979 -2.149610 0 5.111360 -9.741940 196.258000 1933.200000 -13 589 1 0 1.000000
-1.548470 -0.419471 0 -10.408500 -8.306450 191.072000 1933.180000 -13 590 1 0 1.000000
0.040221 -1.585350 0 -9.435580 -6.645320 188.955000 1933.110000 -13 591 1 0 1.000000
0.266161 -0.281417 0 -4.308390 -16.359400 191.087000 1933.240000 -13 592 1 0 1.000000
-0.428845 0.110798 0 3.953330 -21.245800 182.787000 1933.260000 -13 593 1 0 1.000000
-0.047925 -0.393440 0 -12.331300 0.634504 197.626000 1933.050000 -13 594 1 0 1.000000
-0.983940 -2.268400 0 -7.339610 10.415800 194.513000 1933.040000 -13 595 1 0 1.000000
-2.852970 -0.946435 0 -2.445360 16.610900 187.628000 1933.120000 -13 596 1 0 1.000000
-1.663080 0.189693 0 -0.575385 9.311580 190.518000 1933.210000 -13 597 1 0 1.000000
0.235922 -1.512030 0 8.357470 -7.753790 192.681000 1933.120000 -13 598 1 0 1.000000
-0.708808 -0.263254 0 1.121690 16.555200 201.341000 1933.240000 -13 599 1 0 1.000000
-2.234850 0.849917 0 -8.185580 3.645700 183.939000 1933.220000 -13 600 1 0 1.000000
-2.570700 -0.778967 0 8.992920 13.482100 182.653000 1933.060000 -13 601 1 0 1.000000
-0.581783 -2.296180 0 5.315050 -12.888700 181.198000 1933.130000 -13 602 1 0 1.000000
-1.407530 -1.400740 0 -8.950880 -4.528740 196.674000 1933.130000 -13 603 1 0 1.000000
-1.527090 -1.520720 0 1.715720 -2.057800 194.298000 1933.260000 -13 604 1 0 1.000000
0.452736 -1.042710 0 17.511200 -5.841730 205.682000 1933.240000 -13 605 1 0 1.000000
-2.035590 1.397270 0 -18.476600 2.412740 190.201000 1933.230000 -13 606 1 0 1.000000
-2.086510 0.710656 0 1.673110 4.219020 195.908000 1933.140000 -13 607 1 0 1.000000
-2.120670 -2.989840 0 7.085570 -14.849700 206.947000 1933.220000 -13 608 1 0 1.000000
1.175850 0.826495 0 -6.251490 23.723000 196.541000 1933.290000 -13 609 1 0 1.000000
-1.256730 -2.268870 0 -12.597100 10.599800 189.507000 1933.360000 -13 610 1 0 1.000000
-2.472340 -0.710778 0 -5.514580 27.824300 206.962000 1933.060000 -13 611 1 0 1.000000
-1.522440 1.922800 0 -18.684600 2.592230 197.710000 1933.200000 -13 612 1 0 1.000000
-2.222970 -2.243490 0 -4.388950 17.458200 195.451000 1933.110000 -13 613 1 0 1.000000
2.454440 -1.550130 0 -2.318560 -15.154100 193.471000 1933.120000 -13 614 1 0 1.000000
-3.441500 -4.996880 0 2.176150 -1.305090 189.037000 1933.180000 -13 615 1 0 1.000000
-3.494910 -3.262680 0 -3.675340 -10.878600 193.474000 1932.990000 -13 616 1 0 1.000000
0.019159 -0.579808 0 -3.702570 7.620430 183.052000 1933.270000 -13 617 1 0 1.000000
0.872534 -2.757120 0 -3.320420 2.012780 191.082000 1933.160000 -13 618 1 0 1.000000
-1.954910 -0.087800 0 -3.877730 -1.389480 191.713000 1933.090000 -13 619 1 0 1.000000
-0.378292 -0.329348 0 11.230200 -3.070010 186.998000 1933.070000 -13 620 1 0 1.000000
-0.787723 -5.574050 0 7.550410 -1.271770 185.671000 1933.170000 -13 621 1 0 1.000000
-0.495873 -3.396720 0 -2.849990 8.976630 196.137000 1933.060000 -13 622 1 0 1.000000
1.683360 -0.491047 0 27.693700 -5.304730 197.764000 1933.090000 -13 623 1 0 1.000000
1.404960 -2.341250 0 13.137600 4.941970 182.635000 1933.170000 -13 624 1 0 1.000000
-1.878510 -1.881200 0 -12.553100 7.577510 201.578000 1933.230000 -13 625 1 0 1.000000
-0.628896 -3.739470 0 -2.339210 12.641400 205.011000 1933.290000 -13 626 1 0 1.000000
-0.219286 -1.722770 0 1.367440 3.308390 189.995000 1933.110000 -13 627 1 0 1.000000
-1.646690 1.049520 0 -20.229800 4.753240 197.171000 1933.240000 -13 628 1 0 1.000000
-0.503592 0.966803 0 10.505300 4.613250 200.269000 1933.110000 -13 629 1 0 1.000000
-0.686904 -1.034650 0 9.161280 3.589710 199.917000 1933.110000 -13 630 1 0 1.000000
-1.184450 0.400502 0 -0.437684 7.783520 184.603000 1933.300000 -13 631 1 0 1.000000
-2.331800 -3.008340 0 12.643600 -11.899400 184.687000 1933.250000 -13 632 1 0 1.000000
-2.440580 -1.523360 0 -15.095600 7.433880 195.079000 1933.210000 -13 633 1 0 1.000000
0.358199 -3.244860 0 1.632990 -2.578980 203.158000 1933.140000 -13 634 1 0 1.000000
-1.476560 -1.283650 0 5.952060 -5.898380 188.880000 1933.270000 -13 635 1 0 1.000000
-3.035930 -2.326590 0 -6.763720 -23.863200 210.816000 1933.150000 -13 636 1 0 1.000000
-0.031317 -3.302990 0 1.507350 -1.015680 200.539000 1933.220000 -13 637 1 0 1.000000
0.092509 -1.839800 0 13.088400 11.387400 180.603000 1933.140000 -13 638 1 0 1.000000
-1.560570 -1.223380 0 -4.773260 20.438000 201.684000 1933.010000 -13 639 1 0 1.000000
-0.482817 -1.381700 0 8.724440 -3.178350 180.174000 1933.180000 -13 640 1 0 1.000000
0.855768 -1.734680 0 -3.438690 10.106600 186.117000 1933.160000 -13 641 1 0 1.000000
-2.811690 1.234450 0 -1.992210 -1.018830 207.197000 1933.180000 -13 642 1 0 1.000000
0.917860 0.738161 0 -0.770041 3.114290 182.509000 1933.180000 -13 643 1 0 1.000000
1.198160 -4.227710 0 -19.489000 -2.844300 203.718000 1933.130000 -13 644 1 0 1.000000
-0.065159 -2.025660 0 8.295520 14.971100 196.001000 1933.110000 -13 645 1 0 1.000000
-1.876480 1.831530 0 -21.324600 10.621200 186.428000 1933.090000 -13 646 1 0 1.000000
-1.200040 -0.057380 0 -7.171030 7.963690 198.667000 1933.230000 -13 647 1 0 1.000000
-2.103570 1.846180 0 -12.915300 -6.169580 183.675000 1933.250000 -13 648 1 0 1.000000
-1.223520 -0.639412 0 1.377330 -6.201370 196.627000 1933.260000 -13 649 1 0 1.000000
-1.549840 -4.750710 0 22.268800 6.905880 183.535000 1933.100000 -13 650 1 0 1.000000
0.266582 -2.241420 0 -0.250033 4.460430 195.826000 1933.240000 -13 651 1 0 1.000000
-1.279590 -2.744020 0 5.210490 4.508640 199.709000 1933.100000 -13 652 1 0 1.000000
-1.631040 -3.506800 0 13.221300 3.728720 187.188000 1933.100000 -13 653 1 0 1.000000
-2.082430 -0.424880 0 -8.010340 13.751700 187.243000 1933.210000 -13 654 1 0 1.000000
-1.163230 1.164450 0 5.396000 -10.861900 186.890000 1933.110000 -13 655 1 0 1.000000
-1.084920 0.044257 0 -19.929900 -7.288410 198.751000 1933.160000 -13 656 1 0 1.000000
1.032850 -3.462620 0 1.046110 10.349700 196.281000 1933.120000 -13 657 1 0 1.000000
-0.453288 -3.610240 0 -0.186747 5.244040 183.302000 1933.060000 -13 658 1 0 1.000000
-2.174900 -3.220630 0 3.436260 -2.794590 198.629000 1933.220000 -13 659 1 0 1.000000
-1.666200 -1.685480 0 3.889060 -1.062320 184.817000 1933.150000 -13 660 1 0 1.000000
-3.172730 -4.069100 0 -22.642600 -3.709070 211.580000 1933.260000 -13 661 1 0 1.000000
-0.469830 -1.676990 0 -5.388490 10.961300 185.728000 1933.260000 -13 662 1 0 1.000000
-1.752670 -0.933803 0 7.701940 -13.598400 199.811000 1933.170000 -13 663 1 0 1.000000
-0.788862 -2.527890 0 1.796440 1.066700 191.443000 1933.250000 -13 664 1 0 1.000000
-1.363370 -2.624570 0 -6.535250 9.208310 186.085000 1933.200000 -13 665 1 0 1.000000
-0.461391 -4.551630 0 -0.244968 3.346830 198.489000 1933.160000 -13 666 1 0 1.000000
-0.649140 -3.173170 0 1.702280 8.158540 188.060000 1933.110000 -13 667 1 0 1.000000
-1.824170 0.469476 0 5.891010 -13.155400 192.547000 1933.290000 -13 668 1 0 1.000000
-1.040380 -2.044580 0 16.814600 -0.090953 186.640000 1933.040000 -13 669 1 0 1.000000
-2.569910 -1.445350 0 4.528310 -0.611520 188.404000 1933.290000 -13 670 1 0 1.000000
1.018720 -3.183360 0 7.003750 5.662020 198.879000 1933.210000 -13 671 1 0 1.000000
-2.446520 -2.181210 0 3.574550 -8.127720 189.653000 1933.230000 -13 672 1 0 1.000000
-0.224550 -2.334060 0 -7.504050 10.809700 192.200000 1933.190000 -13 673 1 0 1.000000
-1.443430 -0.608646 0 -6.256170 0.157377 188.364000 1933.150000 -13 674 1 0 1.000000
-2.675410 -1.253820 0 8.256960 -15.666200 189.501000 1933.300000 -13 675 1 0 1.000000
-3.851150 -0.373977 0 2.840460 4.598740 192.963000 1933.080000 -13 676 1 0 1.000000
-0.392516 -2.803970 0 -5.397720 6.446270 205.757000 1933.110000 -13 677 1 0 1.000000
-0.857412 -1.492570 0 14.936400 -17.617500 202.769000 1933.310000 -13 678 1 0 1.000000
-0.837729 -0.005522 0 -1.437740 -19.406300 181.025000 1933.150000 -13 679 1 0 1.000000
-0.593338 -2.955260 0 -1.618560 4.351540 190.605000 1933.080000 -13 680 1 0 1.000000
-3.128660 -0.609131 0 -7.095000 -0.309469 206.076000 1933.270000 -13 681 1 0 1.000000
-1.912690 -2.137020 0 24.155500 -11.930100 189.235000 1933.230000 -13 682 1 0 1.000000
-2.969920 0.482094 0 -12.617200 -2.312280 194.947000 1933.170000 -13 683 1 0 1.000000
1.498660 -4.247680 0 -7.685410 -0.171673 192.009000 1933.080000 -13 684 1 0 1.000000
-2.703400 -0.382171 0 -6.013980 4.116990 201.341000 1933.080000 -13 685 1 0 1.000000
-3.263010 -1.762420 0 -4.519040 -3.219940 188.933000 1933.170000 -13 686 1 0 1.000000
-1.012570 1.191830 0 -4.867900 -6.057790 195.859000 1933.100000 -13 687 1 0 1.000000
-5.473700 0.802308 0 -6.725720 -14.319700 209.479000 1933.220000 -13 688 1 0 1.000000
-2.329920 -3.888410 0 8.927040 -4.651700 194.485000 1933.240000 -13 689 1 0 1.000000
-1.291350 0.056518 0 -1.427220 -5.689650 193.029000 1933.160000 -13 690 1 0 1.000000
0.122161 -0.805666 0 5.876640 -10.166200 188.677000 1933.110000 -13 691 1 0 1.000000
-0.954606 -3.199500 0 3.569210 -1.431590 193.112000 1933.300000 -13 692 1 0 1.000000
-1.187670 0.051942 0 -7.577030 19.494100 200.680000 1933.340000 -13 693 1 0 1.000000
-2.089230 -2.317390 0 -5.293880 -3.249570 183.269000 1933.050000 -13 694 1 0 1.000000
-2.638980 -1.966510 0 -14.827400 5.913360 193.058000 1933.060000 -13 695 1 0 1.000000
-2.448300 -0.637649 0 3.265260 -13.214000 196.876000 1933.120000 -13 696 1 0 1.000000
-3.819500 -0.851220 0 -0.618554 -3.779180 199.564000 1933.190000 -13 697 1 0 1.000000
-1.400840 -1.893400 0 3.523920 -10.072600 189.777000 1933.240000 -13 698 1 0 1.000000
-2.098080 -2.420600 0 -14.514600 13.106400 199.901000 1933.290000 -13 699 1 0 1.000000
1.042380 -2.989490 0 1.297780 -5.892260 195.275000 1933.000000 -13 700 1 0 1.000000
-2.393040 -0.666193 0 -12.007500 4.094720 203.670000 1933.250000 -13 701 1 0 1.000000
-2.120620 -1.446550 0 4.666470 -1.540970 194.230000 1933.140000 -13 702 1 0 1.000000
-0.995011 -2.030320 0 0.518972 11.476000 201.616000 1933.230000 -13 703 1 0 1.000000
-0.290407 -1.565440 0 -1.119000 4.548110 183.786000 1933.140000 -13 704 1 0 1.000000
0.438226 -1.485190 0 -0.940353 -8.076680 192.611000 1933.230000 -13 705 1 0 1.000000
-1.620970 -3.515070 0 12.241000 0.401608 196.054000 1933.230000 -13 706 1 0 1.000000
-1.526250 -1.593750 0 -1.624750 9.151810 203.984000 1933.180000 -13 707 1 0 1.000000
0.183831 -2.159340 0 8.139950 7.998300 191.647000 1933.320000 -13 708 1 0 1.000000
0.433905 -2.981750 0 13.370300 12.342900 186.652000 1933.170000 -13 709 1 0 1.000000
-0.187570 -2.171590 0 0.220595 -5.680470 186.779000 1933.160000 -13 710 1 0 1.000000
-1.536400 0.673929 0 13.841200 9.439090 179.488000 1933.120000 -13 711 1 0 1.000000
-1.578600 -2.406870 0 9.303220 18.255100 200.138000 1933.100000 -13 712 1 0 1.000000
-3.433220 -3.041870 0 -6.039260 -2.924000 200.381000 1933.170000 -13 713 1 0 1.000000
-0.687070 -5.197100 0 16.032300 12.780000 191.690000 1933.350000 -13 714 1 0 1.000000
-2.108050 -3.355380 0 -6.982270 1.828960 197.379000 1933.300000 -13 715 1 0 1.000000
1.015550 -1.879840 0 -3.571740 23.569500 192.070000 1933.090000 -13 716 1 0 1.000000
0.017141 -1.622870 0 -11.911800 17.589600 182.452000 1933.260000 -13 717 1 0 1.000000
0.540838 0.644084 0 -18.783000 -8.709550 187.362000 1933.150000 -13 718 1 0 1.000000
-2.859280 -1.264210 0 9.116200 8.092990 200.115000 1933.260000 -13 719 1 0 1.000000
-0.836754 -2.750370 0 6.511570 7.397030 205.962000 1933.320000 -13 720 1 0 1.000000
0.326161 -3.179570 0 -8.243730 4.360850 193.699000 1933.140000 -13 721 1 0 1.000000
-2.745870 -6.489010 0 -3.256600 -2.508560 192.347000 1933.180000 -13 722 1 0 1.000000
-0.440452 -1.770800 0 -1.468380 -26.985800 200.630000 1933.140000 -13 723 1 0 1.000000
-1.305010 0.182282 0 -18.633600 -0.469353 179.512000 1933.140000 -13 724 1 0 1.000000
-0.655591 -1.471220 0 -6.147320 -0.291986 202.069000 1933.170000 -13 725 1 0 1.000000
-2.546200 -1.642200 0 6.138420 20.670000 196.012000 1933.110000 -13 726 1 0 1.000000
-0.806727 -0.413562 0 1.904580 -4.974020 197.868000 1933.190000 -13 727 1 0 1.000000
-1.640240 -3.469190 0 18.039700 6.340970 210.502000 1933.140000 -13 728 1 0 1.000000
0.212942 0.183301 0 11.624500 -3.820160 193.679000 1933.150000 -13 729 1 0 1.000000
-1.364760 -0.490277 0 6.759900 4.848760 190.551000 1933.310000 -13 730 1 0 1.000000
-0.885615 -3.193340 0 -5.989390 6.069050 191.663000 1933.120000 -13 731 1 0 1.000000
-2.157930 -0.691855 0 -15.744000 -5.206840 203.561000 1933.170000 -13 732 1 0 1.000000
-0.963240 -1.246270 0 1.997540 18.376600 182.643000 1933.190000 -13 733 1 0 1.000000
-0.377299 -3.182210 0 6.596470 -5.571070 189.576000 1933.190000 -13 734 1 0 1.000000
1.184350 -1.907620 0 5.610230 9.795820 191.633000 1933.150000 -13 735 1 0 1.000000
-2.185790 1.775750 0 -2.209450 3.212480 195.132000 1933.180000 -13 736 1 0 1.000000
0.080788 -2.801160 0 2.550840 -1.409850 200.199000 1933.110000 -13 737 1 0 1.000000
-1.277250 -4.327890 0 10.541200 -4.115810 201.827000 1933.170000 -13 738 1 0 1.000000
-1.241150 -4.833780 0 13.762200 -8.799840 206.840000 1933.200000 -13 739 1 0 1.000000
-0.735247 -2.233420 0 -0.158445 14.231900 197.572000 1933.320000 -13 740 1 0 1.000000
-1.060420 -0.927340 0 -6.033580 -17.501500 193.945000 1933.110000 -13 741 1 0 1.000000
0.181682 -1.432760 0 13.424800 3.611480 187.750000 1933.180000 -13 742 1 0 1.000000
0.381797 -4.487270 0 -3.211330 3.687960 203.787000 1933.130000 -13 743 1 0 1.000000
-0.924453 -1.663910 0 -2.818470 7.207310 196.287000 1933.170000 -13 744 1 0 1.000000
0.548214 -2.879230 0 8.589560 4.907600 196.187000 1933.140000 -13 745 1 0 1.000000
-0.345375 -1.596100 0 7.314450 -12.185400 189.118000 1933.160000 -13 746 1 0 1.000000
-1.216170 -3.841390 0 4.081640 9.043490 189.636000 1933.150000 -13 747 1 0 1.000000
0.904083 -5.650550 0 2.051510 -7.497310 206.502000 1933.200000 -13 748 1 0 1.000000
-5.472800 -3.636330 0 4.694230 8.214450 201.764000 1933.190000 -13 749 1 0 1.000000
-2.679730 -0.002968 0 -15.267400 1.776740 201.551000 1933.190000 -13 750 1 0 1.000000
-0.011410 1.824670 0 1.876830 -4.636730 206.232000 1933.220000 -13 751 1 0 1.000000
-0.404142 -3.738790 0 3.572670 1.291160 183.572000 1933.240000 -13 752 1 0 1.000000
-3.639730 -2.279200 0 6.339280 -0.355664 197.954000 1933.320000 -13 753 1 0 1.000000
-2.009560 -1.117050 0 7.742360 -5.585600 188.989000 1933.190000 -13 754 1 0 1.000000
-1.505370 -1.061270 0 5.334610 -17.808000 180.407000 1933.130000 -13 755 1 0 1.000000
-0.919160 -3.101380 0 -6.289530 6.990370 191.750000 1933.030000 -13 756 1 0 1.000000
1.156940 -0.606449 0 2.297890 -12.105900 184.504000 1933.200000 -13 757 1 0 1.000000
-2.655960 -2.061090 0 -9.281350 5.860790 185.311000 1933.150000 -13 758 1 0 1.000000
-4.497970 -4.006880 0 7.625570 -19.471700 204.000000 1933.200000 -13 759 1 0 1.000000
-1.579440 -0.488810 0 1.380200 -4.980230 195.636000 1933.210000 -13 760 1 0 1.000000
0.365281 0.856875 0 -6.758440 -4.393760 192.468000 1933.360000 -13 761 1 0 1.000000
-2.146440 -2.697630 0 9.304490 -13.913200 191.243000 1933.160000 -13 762 1 0 1.000000
-1.833260 1.054140 0 -3.865140 -4.028230 188.919000 1933.120000 -13 763 1 0 1.000000
-1.037940 -1.707740 0 13.882400 -20.122100 183.191000 1933.110000 -13 764 1 0 1.000000
-3.688850 -0.324264 0 4.431920 -5.390110 202.979000 1933.380000 -13 765 1 0 1.000000
-1.551760 -3.180290 0 -5.230660 8.377590 186.126000 1933.160000 -13 766 1 0 1.000000
-1.714830 -2.625490 0 13.729000 12.688500 211.609000 1933.130000 -13 767 1 0 1.000000
-0.683855 2.660900 0 -7.733550 -7.141600 205.584000 1933.140000 -13 768 1 0 1.000000
-0.641914 -4.694910 0 7.961080 -12.423000 205.668000 1933.230000 -13 769 1 0 1.000000
-3.083770 -2.023800 0 20.828200 -12.466600 195.494000 1933.300000 -13 770 1 0 1.000000
-0.419512 -1.617630 0 0.599069 4.528780 199.219000 1933.090000 -13 771 1 0 1.000000
-2.416140 0.810907 0 0.986080 1.009090 191.583000 1933.150000 -13 772 1 0 1.000000
-0.100429 -4.656230 0 8.766360 3.098090 186.159000 1933.320000 -13 773 1 0 1.000000
-0.767142 -3.247750 0 6.453870 -7.682830 194.327000 1933.200000 -13 774 1 0 1.000000
-1.091830 -6.214170 0 19.369300 -6.199250 189.989000 1933.080000 -13 775 1 0 1.000000
-0.795759 -4.135360 0 -9.708140 -6.560710 188.311000 1933.060000 -13 776 1 0 1.000000
-2.381870 -1.295480 0 6.721420 -14.005100 191.029000 1933.250000 -13 777 1 0 1.000000
-1.432770 -4.620480 0 2.339850 6.849300 206.482000 1933.120000 -13 778 1 0 1.000000
-1.490450 -1.072540 0 -15.568600 -10.409600 197.557000 1933.160000 -13 779 1 0 1.000000
-2.536310 -1.748550 0 -3.162170 1.756010 202.200000 1933.150000 -13 780 1 0 1.000000
-1.480250 -1.238380 0 4.003630 -6.609380 187.801000 1933.290000 -13 781 1 0 1.000000
-0.844566 -4.822300 0 14.370700 -9.815020 186.298000 1933.280000 -13 782 1 0 1.000000
2.117250 -2.351200 0 -1.585440 2.571220 193.794000 1933.120000 -13 783 1 0 1.000000
-0.821134 -2.985860 0 12.503000 0.747332 193.704000 1933.150000 -13 784 1 0 1.000000
-1.988220 -1.684590 0 2.715610 -0.888593 188.586000 1933.130000 -13 785 1 0 1.000000
-0.130001 -3.408730 0 13.878000 5.992060 187.886000 1933.230000 -13 786 1 0 1.000000
0.169528 -2.594510 0 -15.231600 -17.494700 188.363000 1933.280000 -13 787 1 0 1.000000
-0.435892 -2.792150 0 -7.738020 -3.042810 213.486000 1930.380000 -13 788 1 0 1.000000
-2.687320 -1.097490 0 -11.773300 -9.850870 189.600000 1933.120000 -13 789 1 0 1.000000
-0.330652 -1.638340 0 9.439850 -7.209000 180.602000 1933.150000 -13 790 1 0 1.000000
-0.530709 -1.080140 0 7.335990 -1.043370 193.810000 1933.110000 -13 791 1 0 1.000000
-3.338550 -3.505630 0 7.567760 -23.909400 205.522000 1933.140000 -13 792 1 0 1.000000
-0.637762 -0.900167 0 -8.276790 -4.261430 183.639000 1933.210000 -13 793 1 0 1.000000
-3.759660 0.554869 0 -9.612890 -7.054990 193.581000 1933.220000 -13 794 1 0 1.000000
-0.280311 0.143734 0 -8.608490 7.941060 191.271000 1933.330000 -13 795 1 0 1.000000
-3.691440 -2.385920 0 1.488470 10.412100 184.361000 1933.280000 -13 796 1 0 1.000000
-2.636250 0.954980 0 -7.880020 1.974030 180.038000 1933.080000 -13 797 1 0 1.000000
-1.093630 -2.628130 0 3.505930 11.992300 204.665000 1933.150000 -13 798 1 0 1.000000
0.385533 -2.595130 0 -4.868610 4.297610 179.744000 1933.260000 -13 799 1 0 1.000000
-2.357580 -2.727080 0 9.163320 -0.289814 203.105000 1933.150000 -13 800 1 0 1.000000
-4.824350 -2.122510 0 -4.494460 -5.226410 203.248000 1933.170000 -13 801 1 0 1.000000
-0.465561 -4.054570 0 5.886170 -7.386460 189.115000 1933.250000 -13 802 1 0 1.000000
-2.761150 -3.359960 0 3.695980 -16.197500 185.944000 1933.300000 -13 803 1 0 1.000000
-2.171280 -2.620570 0 -2.444530 15.515900 194.017000 1933.220000 -13 804 1 0 1.000000
-1.242820 -2.792550 0 8.489410 -1.053350 190.924000 1933.170000 -13 805 1 0 1.000000
-1.468290 -5.550710 0 -8.408130 8.026400 194.334000 1933.280000 -13 806 1 0 1.000000
-1.431540 -2.559600 0 3.284920 -1.052200 193.227000 1933.070000 -13 807 1 0 1.000000
-0.488158 -2.118900 0 -0.641845 -2.017270 197.467000 1933.150000 -13 808 1 0 1.000000
-2.557760 -0.262390 0 -15.107300 10.206100 209.052000 1933.190000 -13 809 1 0 1.000000
-2.235430 -3.703180 0 3.482580 -18.370300 185.721000 1933.270000 -13 810 1 0 1.000000
-1.012420 -2.646110 0 -16.005400 15.095200 181.735000 1933.200000 -13 811 1 0 1.000000
0.147338 0.016469 0 -0.597291 -14.683500 189.662000 1933.280000 -13 812 1 0 1.000000
0.501394 -2.535510 0 -7.588320 -18.532600 177.502000 1933.230000 -13 813 1 0 1.000000
1.259280 1.414170 0 -3.509950 10.081700 190.934000 1933.190000 -13 814 1 0 1.000000
0.269218 -1.435300 0 -12.066700 -14.431700 185.710000 1933.120000 -13 815 1 0 1.000000
-0.649001 -1.198530 0 0.465968 -1.515970 197.137000 1933.140000 -13 816 1 0 1.000000
-3.588510 -2.328540 0 10.517500 -19.405400 199.007000 1933.110000 -13 817 1 0 1.000000
-0.970977 -3.310700 0 -9.860170 9.520210 197.940000 1933.240000 -13 818 1 0 1.000000
-1.835280 0.059493 0 -1.383310 -10.091600 207.974000 1933.340000 -13 819 1 0 1.000000
-0.343765 -1.219250 0 -0.091285 12.660400 189.623000 1933.030000 -13 820 1 0 1.000000
-2.599050 -0.341498 0 -0.515767 -1.706970 196.329000 1933.300000 -13 821 1 0 1.000000
-2.154020 0.707599 0 -12.206800 -0.351147 215.097000 1933.100000 -13 822 1 0 1.000000
0.068126 -0.925479 0 0.110835 -1.522590 193.922000 1933.310000 -13 823 1 0 1.000000
-1.241190 -0.389975 0 -2.397060 -15.783200 188.073000 1933.090000 -13 824 1 0 1.000000
0.032183 -3.381420 0 -11.501800 9.610640 200.227000 1933.230000 -13 825 1 0 1.000000
0.310297 -1.845360 0 -0.567292 4.532250 206.161000 1933.110000 -13 826 1 0 1.000000
0.113925 -4.006350 0 14.338100 -10.123600 180.951000 1933.220000 -13 827 1 0 1.000000
0.424083 0.967987 0 1.701230 3.028270 186.570000 1933.130000 -13 828 1 0 1.000000
-2.030460 -0.480228 0 1.043990 -12.816000 195.614000 1933.180000 -13 829 1 0 1.000000
-2.226520 -0.494178 0 3.896690 10.814400 192.843000 1933.180000 -13 830 1 0 1.000000
-0.976564 -3.867540 0 -4.385210 -2.873700 191.708000 1933.070000 -13 831 1 0 1.000000
-0.222295 -2.267010 0 -1.581940 6.784450 204.491000 1933.080000 -13 832 1 0 1.000000
-0.082114 -2.248970 0 0.473073 -5.259520 180.946000 1933.110000 -13 833 1 0 1.000000
-3.389970 -2.570090 0 -1.630350 -17.356600 193.145000 1933.180000 -13 834 1 0 1.000000
0.945885 -4.461360 0 -4.132910 20.683100 184.468000 1933.170000 -13 835 1 0 1.000000
0.016414 -1.456870 0 -10.549100 -6.193820 184.100000 1933.100000 -13 836 1 0 1.000000
-0.644236 -1.491460 0 -2.027060 -9.109970 185.157000 1933.230000 -13 837 1 0 1.000000
-1.951420 -4.356280 0 6.650750 -2.134460 210.072000 1933.170000 -13 838 1 0 1.000000
-1.355230 -3.771260 0 -16.687600 -17.694800 198.319000 1933.080000 -13 839 1 0 1.000000
0.720520 2.001850 0 -5.168170 6.543750 209.290000 1933.150000 -13 840 1 0 1.000000
1.318160 -3.232100 0 9.307410 -13.355700 195.524000 1933.140000 -13 841 1 0 1.000000
-3.394480 0.542973 0 3.271030 -16.987200 189.306000 1933.210000 -13 842 1 0 1.000000
-2.662130 -3.069040 0 -1.018440 -10.991600 190.941000 1933.230000 -13 843 1 0 1.000000
0.506986 0.509965 0 1.220250 -1.357350 192.813000 1933.080000 -13 844 1 0 1.000000
-2.083350 -1.910660 0 -10.199300 9.024530 203.178000 1933.170000 -13 845 1 0 1.000000
-1.248260 -4.320020 0 20.596100 -6.690390 194.385000 1933.300000 -13 846 1 0 1.000000
-3.263570 -2.603510 0 -7.359760 3.372810 188.700000 1933.120000 -13 847 1 0 1.000000
-1.839670 -1.728660 0 -10.577500 -5.701880 192.944000 1933.130000 -13 848 1 0 1.000000
-0.170669 -0.754382 0 18.941500 -6.908640 186.026000 1933.070000 -13 849 1 0 1.000000
0.816468 -0.949529 0 7.400790 -0.044903 192.216000 1933.190000 -13 850 1 0 1.000000
-0.202517 -1.344010 0 8.578040 -4.612270 202.456000 1933.190000 -13 851 1 0 1.000000
-1.668090 -2.416860 0 12.911300 -3.682360 196.557000 1933.120000 -13 852 1 0 1.000000
-1.930190 -3.979190 0 1.358270 -2.087480 210.522000 1933.150000 -13 853 1 0 1.000000
-0.154247 -2.236130 0 3.141360 -2.736700 185.679000 1933.120000 -13 854 1 0 1.000000
-0.344681 -1.498140 0 2.286570 -11.562200 195.770000 1933.100000 -13 855 1 0 1.000000
-1.778510 -2.302590 0 1.376760 -10.428400 191.176000 1933.330000 -13 856 1 0 1.000000
1.192210 1.138470 0 3.374070 -12.994000 193.908000 1933.170000 -13 857 1 0 1.000000
-0.723271 -3.767480 0 -7.445650 5.058040 197.274000 1933.220000 -13 858 1 0 1.000000
0.149938 -3.966910 0 16.213500 -5.332150 202.497000 1933.160000 -13 859 1 0 1.000000
-1.648510 -2.238310 0 -6.309810 -9.422890 203.084000 1933.140000 -13 860 1 0 1.000000
0.395866 -3.974940 0 -3.591520 -3.687490 199.332000 1933.250000 -13 861 1 0 1.000000
-0.760776 -0.798399 0 -6.509280 14.103500 211.282000 1933.220000 -13 862 1 0 1.000000
-1.847080 0.718323 0 -9.062540 -3.327050 189.698000 1933.010000 -13 863 1 0 1.000000
-1.158680 0.786669 0 -6.787070 2.823120 202.119000 1933.160000 -13 864 1 0 1.000000
-0.097692 -2.933170 0 5.424590 -8.255410 184.044000 1933.110000 -13 865 1 0 1.000000
-1.715120 -3.347470 0 0.185659 9.611400 190.896000 1933.010000 -13 866 1 0 1.000000
-1.578470 -2.966920 0 4.054680 -23.160100 182.570000 1933.110000 -13 867 1 0 1.000000
-1.424350 -2.426920 0 5.000410 -5.338830 187.501000 1933.060000 -13 868 1 0 1.000000
-0.335205 -2.738260 0 -15.608000 -7.842490 196.632000 1933.240000 -13 869 1 0 1.000000
-1.240910 -2.029340 0 -6.453240 -3.228930 193.484000 1933.270000 -13 870 1 0 1.000000
-1.781250 -0.286405 0 -0.053512 -19.929400 186.187000 1933.070000 -13 871 1 0 1.000000
1.318450 -2.424000 0 7.098040 11.728000 190.419000 1933.200000 -13 872 1 0 1.000000
-0.141285 -3.461870 0 -6.353380 17.292000 192.548000 1933.290000 -13 873 1 0 1.000000
-1.018980 -0.901308 0 -19.557900 -3.869740 181.465000 1933.160000 -13 874 1 0 1.000000
-2.464560 -3.645760 0 -7.076660 8.127830 195.693000 1933.150000 -13 875 1 0 1.000000
0.302029 -3.040290 0 9.848540 24.460500 197.435000 1933.180000 -13 876 1 0 1.000000
1.124750 -1.847640 0 7.900290 -3.941400 203.505000 1933.240000 -13 877 1 0 1.000000
-0.788981 -3.717960 0 -9.480460 -9.810290 195.722000 1933.160000 -13 878 1 0 1.000000
-0.536712 -2.269480 0 -4.976860 3.036510 201.992000 1933.080000 -13 879 1 0 1.000000
-3.171100 -2.088940 0 -6.325180 -12.055700 205.002000 1933.130000 -13 880 1 0 1.000000
-0.103476 0.676948 0 -5.732950 -15.566800 204.081000 1933.170000 -13 881 1 0 1.000000
-2.205200 1.606300 0 -1.540140 0.454710 201.883000 1933.210000 -13 882 1 0 1.000000
-0.599281 0.569185 0 -4.072640 1.276160 196.159000 1933.190000 -13 883 1 0 1.000000
-0.791970 0.208702 0 -10.702900 3.070900 182.219000 1933.240000 -13 884 1 0 1.000000
-0.865467 -2.617700 0 -9.013570 11.014700 193.118000 1933.020000 -13 885 1 0 1.000000
-0.772680 -4.666340 0 15.681100 -16.060700 205.728000 1933.080000 -13 886 1 0 1.000000
-3.058870 -1.815840 0 -15.617700 2.049260 209.387000 1933.140000 -13 887 1 0 1.000000
-1.402470 -2.632080 0 8.570090 -18.270200 192.074000 1933.200000 -13 888 1 0 1.000000
0.975468 1.615990 0 -13.830400 16.085100 186.761000 1933.150000 -13 889 1 0 1.000000
-1.557420 -3.694320 0 -8.277130 10.577000 194.545000 1933.030000 -13 890 1 0 1.000000
-2.409710 -3.005150 0 -1.922500 7.304070 187.175000 1933.290000 -13 891 1 0 1.000000
-3.499040 -0.761143 0 -3.900010 -2.842770 197.803000 1933.370000 -13 892 1 0 1.000000
0.926761 -0.751225 0 14.555100 5.677350 186.107000 1933.160000 -13 893 1 0 1.000000
-0.838565 -4.112590 0 14.852200 2.876160 206.259000 1933.130000 -13 894 1 0 1.000000
-1.898900 -2.410850 0 -8.841580 4.964850 186.101000 1933.290000 -13 895 1 0 1.000000
-1.591710 -1.163070 0 15.647000 3.344140 183.986000 1933.120000 -13 896 1 0 1.000000
-0.342937 0.011619 0 -4.993820 -3.379290 190.633000 1933.190000 -13 897 1 0 1.000000
-0.576238 -1.720980 0 0.409676 4.414810 174.112000 1933.160000 -13 898 1 0 1.000000
-1.118950 -5.545140 0 10.150800 -11.486400 190.763000 1933.100000 -13 899 1 0 1.000000
-2.126590 -0.279909 0 16.351100 -5.622240 200.745000 1933.140000 -13 900 1 0 1.000000
-1.660090 -1.253970 0 -1.382890 -5.959940 189.792000 1933.040000 -13 901 1 0 1.000000
-2.031460 -1.020160 0 -0.460608 10.820500 181.137000 1933.020000 -13 902 1 0 1.000000
-1.581510 -1.172170 0 2.084950 5.578160 183.323000 1933.090000 -13 903 1 0 1.000000
0.957914 -2.174240 0 -5.525710 10.076000 203.702000 1933.330000 -13 904 1 0 1.000000
-1.647310 -0.888636 0 -12.600400 0.538544 202.642000 1933.240000 -13 905 1 0 1.000000
-2.633280 -0.458977 0 5.593070 6.820120 199.963000 1933.140000 -13 906 1 0 1.000000
-0.349652 -6.081960 0 4.212670 -0.709255 197.592000 1933.190000 -13 907 1 0 1.000000
-3.875130 -1.489400 0 12.140000 13.740300 194.240000 1933.050000 -13 908 1 0 1.000000
-4.761600 -1.500010 0 1.892770 -32.836500 215.063000 1933.120000 -13 909 1 0 1.000000
-0.377264 -3.882440 0 12.765600 3.707260 200.924000 1933.170000 -13 910 1 0 1.000000
-1.244470 -3.240910 0 -7.094330 -22.362600 192.632000 1933.200000 -13 911 1 0 1.000000
-4.074760 -2.767890 0 7.374450 -29.366000 188.627000 1933.280000 -13 912 1 0 1.000000
-0.802773 -1.194150 0 -2.863390 16.352500 206.722000 1933.290000 -13 913 1 0 1.000000
-2.075300 -0.189798 0 -0.852955 -2.526520 203.033000 1933.220000 -13 914 1 0 1.000000
-4.576560 -1.512620 0 -13.853600 -1.450650 193.444000 1933.190000 -13 915 1 0 1.000000
1.350920 -1.589240 0 0.361572 8.807470 187.789000 1933.130000 -13 916 1 0 1.000000
-2.545800 -1.624800 0 12.259800 0.962346 202.573000 1933.100000 -13 917 1 0 1.000000
-3.709370 -0.152119 0 11.446000 -1.327410 194.805000 1933.380000 -13 918 1 0 1.000000
-2.544590 -1.608450 0 -6.454770 3.477190 180.094000 1933.020000 -13 919 1 0 1.000000
-1.544750 -0.214636 0 -9.561420 -2.976860 199.133000 1933.090000 -13 920 1 0 1.000000
0.155385 -0.376764 0 6.735030 3.523650 185.432000 1933.220000 -13 921 1 0 1.000000
-0.831296 -5.614090 0 -21.966700 -6.085420 203.210000 1933.250000 -13 922 1 0 1.000000
-1.490610 3.050220 0 -7.193570 4.974940 192.461000 1933.200000 -13 923 1 0 1.000000
-2.967840 -3.386700 0 -6.086290 9.146620 197.448000 1933.030000 -13 924 1 0 1.000000
0.383150 -1.668250 0 11.952100 16.776300 192.160000 1933.030000 -13 925 1 0 1.000000
-0.923401 1.585070 0 -2.832850 -3.999860 192.642000 1933.300000 -13 926 1 0 1.000000
-1.682190 -3.185470 0 2.177680 -7.821650 191.603000 1933.040000 -13 927 1 0 1.000000
-1.222470 -3.659170 0 10.063700 -4.685020 207.712000 1933.120000 -13 928 1 0 1.000000
-1.048390 -1.396340 0 -6.774990 9.045890 202.471000 1933.200000 -13 929 1 0 1.000000
-1.318020 0.097038 0 4.638290 16.357200 186.836000 1933.070000 -13 930 1 0 1.000000
-1.056480 -0.405052 0 -9.645420 13.242900 191.414000 1933.170000 -13 931 1 0 1.000000
-2.649820 0.134574 0 -1.243060 -16.384100 189.497000 1933.290000 -13 932 1 0 1.000000
-0.144068 -2.500380 0 -14.085300 26.402500 174.219000 1933.220000 -13 933 1 0 1.000000
-0.931038 -1.161910 0 11.236000 -6.984690 186.364000 1933.120000 -13 934 1 0 1.000000
-2.945670 0.514349 0 -3.880820 7.758980 200.437000 1933.130000 -13 935 1 0 1.000000
-4.316690 -2.089280 0 7.027890 11.378800 196.310000 1933.290000 -13 936 1 0 1.000000
-1.804770 -0.091054 0 -18.009400 -6.354080 183.603000 1933.200000 -13 937 1 0 1.000000
-2.792100 -2.789140 0 -9.317920 -9.241440 199.835000 1933.190000 -13 938 1 0 1.000000
0.125127 -2.184090 0 -0.973233 -15.220500 198.858000 1933.390000 -13 939 1 0 1.000000
-0.615896 -2.894470 0 7.549460 -6.807110 177.147000 1933.180000 -13 940 1 0 1.000000
1.788490 -1.910490 0 0.200257 4.333970 193.107000 1933.090000 -13 941 1 0 1.000000
-0.828177 1.742710 0 -0.646663 5.518250 205.900000 1933.100000 -13 942 1 0 1.000000
1.082140 -4.159860 0 2.768890 9.786640 188.335000 1933.180000 -13 943 1 0 1.000000
-0.336179 -1.514820 0 14.287000 -19.544500 189.609000 1933.210000 -13 944 1 0 1.000000
-2.702810 -0.360613 0 5.307260 4.075670 184.114000 1933.110000 -13 945 1 0 1.000000
-2.176650 -0.079213 0 2.209880 11.337800 200.509000 1933.190000 -13 946 1 0 1.000000
-1.774920 0.982273 0 -8.582230 5.011220 189.427000 1933.120000 -13 947 1 0 1.000000
-0.909912 -3.076780 0 -4.556820 14.540600 183.604000 1933.170000 -13 948 1 0 1.000000
-1.789740 -2.419160 0 6.795780 -9.280770 204.261000 1933.250000 -13 949 1 0 1.000000
-1.203960 -2.310450 0 3.025040 -3.022180 201.564000 1933.230000 -13 950 1 0 1.000000
-0.612820 -0.107723 0 4.465540 -8.766130 190.696000 1933.170000 -13 951 1 0 1.000000
-3.953520 0.178431 0 -0.927944 -1.524190 195.536000 1933.000000 -13 952 1 0 1.000000
-3.990840 -1.223760 0 0.973370 19.379200 197.588000 1933.050000 -13 953 1 0 1.000000
0.020591 -1.048140 0 0.000355 2.228520 202.646000 1933.180000 -13 954 1 0 1.000000
0.113654 -4.982190 0 -1.794490 10.694600 186.324000 1933.130000 -13 955 1 0 1.000000
-2.682990 -4.237510 0 1.610740 15.415800 202.566000 1933.130000 -13 956 1 0 1.000000
-1.388180 -3.025670 0 -11.455000 2.122860 203.943000 1933.320000 -13 957 1 0 1.000000
1.775610 -0.956393 0 -4.418370 4.146270 183.460000 1933.270000 -13 958 1 0 1.000000
-0.481132 -3.002300 0 -4.231520 -1.244950 193.120000 1933.300000 -13 959 1 0 1.000000
-1.573720 -2.290910 0 -20.094600 -5.117240 202.376000 1933.160000 -13 960 1 0 1.000000
1.073090 -1.152750 0 21.099200 0.636917 184.370000 1933.060000 -13 961 1 0 1.000000
0.543568 0.634427 0 -19.460400 11.432400 197.812000 1933.240000 -13 962 1 0 1.000000
0.179991 -0.911840 0 -3.118400 -1.930310 186.675000 1933.250000 -13 963 1 0 1.000000
-0.982890 1.520330 0 -11.730600 -15.970200 187.364000 1933.140000 -13 964 1 0 1.000000
0.108675 -1.862420 0 -3.113010 -3.516690 192.529000 1933.210000 -13 965 1 0 1.000000
-3.619030 -3.804850 0 11.566300 -2.140000 190.727000 1933.270000 -13 966 1 0 1.000000
-0.226235 2.032270 0 -5.776830 -2.052450 208.924000 1933.410000 -13 967 1 0 1.000000
-1.983150 -1.688710 0 -13.228100 -1.804660 199.019000 1933.240000 -13 968 1 0 1.000000
-1.818040 0.094752 0 3.338090 -15.491600 203.892000 1933.150000 -13 969 1 0 1.000000
-0.522549 -3.586740 0 10.055300 1.393990 205.242000 1933.040000 -13 970 1 0 1.000000
-0.408203 -1.103820 0 -23.213800 -13.140000 196.201000 1933.250000 -13 971 1 0 1.000000
-0.304033 -4.661890 0 -9.352510 10.683100 200.707000 1933.060000 -13 972 1 0 1.000000
0.565288 -4.285960 0 -2.241980 2.420490 197.607000 1933.060000 -13 973 1 0 1.000000
-1.669920 1.747760 0 -6.656240 4.123230 188.975000 1933.100000 -13 974 1 0 1.000000
-1.607310 -0.214244 0 4.242680 -10.530000 187.629000 1933.160000 -13 975 1 0 1.000000
-0.803218 0.091817 0 -6.043800 9.780380 193.863000 1933.160000 -13 976 1 0 1.000000
-1.110870 -0.319579 0 7.011720 -9.895990 203.253000 1933.290000 -13 977 1 0 1.000000
-2.791520 -1.046030 0 2.020820 -6.693490 208.323000 1933.200000 -13 978 1 0 1.000000
-1.944040 0.797488 0 5.989320 14.819700 194.469000 1933.170000 -13 979 1 0 1.000000
-1.308260 0.432546 0 0.625382 -1.696980 186.647000 1933.170000 -13 980 1 0 1.000000
1.226750 -1.487250 0 0.264400 5.429510 188.244000 1933.060000 -13 981 1 0 1.000000
0.111841 -3.977590 0 3.335640 -1.182870 183.577000 1933.050000 -13 982 1 0 1.000000
-3.973520 -0.398275 0 -1.225290 14.947800 203.252000 1933.030000 -13 983 1 0 1.000000
-2.376680 -0.827630 0 -6.701630 -10.503200 198.647000 1933.180000 -13 984 1 0 1.000000
1.666370 -2.105900 0 6.283410 0.113616 189.105000 1933.280000 -13 985 1 0 1.000000
-2.719440 -0.554554 0 -2.979680 0.800993 179.280000 1933.190000 -13 986 1 0 1.000000
-0.224315 -0.163522 0 8.567930 -9.142710 183.920000 1933.110000 -13 987 1 0 1.000000
-1.108620 -3.291870 0 -8.359500 16.785300 198.088000 1933.300000 -13 988 1 0 1.000000
-1.142650 -1.366170 0 -9.871380 11.586400 206.493000 1933.080000 -13 989 1 0 1.000000
0.710700 -3.396730 0 -5.262380 -9.708230 179.425000 1933.170000 -13 990 1 0 1.000000
-2.541000 -2.881810 0 9.071140 -11.292100 178.891000 1933.140000 -13 991 1 0 1.000000
-1.710890 0.381870 0 -6.532470 5.600170 186.095000 1933.090000 -13 992 1 0 1.000000
1.627780 -2.170640 0 1.955080 21.303500 197.704000 1933.160000 -13 993 1 0 1.000000
-4.519130 -2.066560 0 -0.358028 -19.416000 202.185000 1933.140000 -13 994 1 0 1.000000
1.586830 -5.452560 0 2.917200 9.122370 191.210000 1933.190000 -13 995 1 0 1.000000
-2.572960 -2.807540 0 5.350390 -6.376650 199.354000 1933.250000 -13 996 1 0 1.000000
-0.753104 0.659046 0 -13.000000 13.478400 201.620000 1933.230000 -13 997 1 0 1.000000
1.055450 -1.970260 0 3.959550 3.777050 197.859000 1933.070000 -13 998 1 0 1.000000
-1.824050 -1.458460 0 9.932730 -15.655200 183.997000 1933.210000 -13 999 1 0 1.000000
-2.679720 -2.662760 0 3.235030 -7.913090 192.752000 1933.140000 -13 1000 1 0 1.000000
-3.252610 -5.797130 0 11.838000 -11.049700 198.123000 1933.290000 -13 1001 1 0 1.000000
-0.411652 -2.647260 0 21.755100 14.079500 202.006000 1933.110000 -13 1002 1 0 1.000000
-3.014520 -0.967596 0 -1.693550 -4.684630 201.804000 1933.140000 -13 1003 1 0 1.000000
-3.861690 -0.895441 0 10.476300 0.428863 209.032000 1933.180000 -13 1004 1 0 1.000000
-0.833596 -0.028860 0 -15.427400 14.149300 208.306000 1933.260000 -13 1005 1 0 1.000000
1.016420 2.095410 0 -17.176300 -12.816200 186.919000 1933.290000 -13 1006 1 0 1.000000
-3.466930 -1.158300 0 3.351060 -2.819390 191.228000 1933.350000 -13 1007 1 0 1.000000
1.293120 1.213810 0 9.286520 -6.278960 200.996000 1933.140000 -13 1008 1 0 1.000000
-1.389920 -3.528600 0 -5.287100 5.504980 189.644000 1933.310000 -13 1009 1 0 1.000000
-2.204640 -0.664371 0 -11.098500 3.967370 189.877000 1933.220000 -13 1010 1 0 1.000000
-0.554310 0.438420 0 -16.195900 20.702200 182.081000 1933.180000 -13 1011 1 0 1.000000
-1.537010 -1.977980 0 -9.597400 18.581100 196.281000 1933.180000 -13 1012 1 0 1.000000
-1.358210 -3.397280 0 3.572610 9.539170 197.327000 1933.350000 -13 1013 1 0 1.000000
-0.800406 -1.058700 0 -6.963990 -18.158800 192.079000 1933.150000 -13 1014 1 0 1.000000
0.067960 0.443037 0 5.137730 12.458600 186.255000 1933.310000 -13 1015 1 0 1.000000
0.941837 -3.431530 0 -2.582960 -9.909630 206.974000 1933.200000 -13 1016 1 0 1.000000
-0.118968 -3.506280 0 3.565480 -7.072460 185.264000 1933.060000 -13 1017 1 0 1.000000
-0.612655 -1.251440 0 -5.918400 12.890600 185.746000 1933.200000 -13 1018 1 0 1.000000
0.122795 -1.703480 0 -0.773448 3.701710 193.805000 1933.210000 -13 1019 1 0 1.000000
-0.898825 -3.523430 0 -13.985300 -3.645980 184.367000 1933.140000 -13 1020 1 0 1.000000
-0.875878 -4.699530 0 2.602330 1.332280 201.201000 1933.060000 -13 1021 1 0 1.000000
-0.058944 -2.340770 0 -16.327300 0.127159 196.629000 1933.210000 -13 1022 1 0 1.000000
-4.005820 1.728800 0 -1.063070 -8.603560 201.134000 1933.310000 -13 1023 1 0 1.000000
-0.312703 -3.144360 0 -16.079300 8.031980 196.123000 1933.060000 -13 1024 1 0 1.000000
-2.809730 -2.044850 0 -11.081100 3.933210 188.901000 1933.170000 -13 1025 1 0 1.000000
-1.685780 -0.508324 0 8.346000 9.890310 186.081000 1933.200000 -13 1026 1 0 1.000000
-0.935329 -2.424460 0 4.819210 -13.283800 183.787000 1933.120000 -13 1027 1 0 1.000000
-2.519590 -1.331510 0 -16.023100 -5.349410 204.975000 1933.090000 -13 1028 1 0 1.000000
-2.039780 -0.849355 0 0.416900 9.979350 192.647000 1933.060000 -13 1029 1 0 1.000000
-0.126180 -3.587970 0 -10.111300 2.905250 186.493000 1933.090000 -13 1030 1 0 1.000000
0.607936 -0.177554 0 -5.517820 -1.341890 180.756000 1933.100000 -13 1031 1 0 1.000000
-1.384870 -4.307940 0 9.595400 -0.320325 192.320000 1933.190000 -13 1032 1 0 1.000000
0.905607 -1.752530 0 2.833920 15.079200 185.203000 1933.270000 -13 1033 1 0 1.000000
-0.183769 -0.431502 0 29.002200 3.352600 189.632000 1933.210000 -13 1034 1 0 1.000000
-0.351382 -1.619970 0 8.252640 -2.273630 192.759000 1933.160000 -13 1035 1 0 1.000000
-0.045376 0.450957 0 -2.922810 14.720600 187.195000 1933.170000 -13 1036 1 0 1.000000
-3.171020 0.159456 0 14.003100 -2.037660 207.825000 1933.220000 -13 1037 1 0 1.000000
-1.263040 -2.165710 0 6.965990 16.956700 197.629000 1933.140000 -13 1038 1 0 1.000000
-1.900080 -4.242160 0 9.339000 -3.239020 201.243000 1933.190000 -13 1039 1 0 1.000000
0.733062 -1.656520 0 0.503791 -10.959900 193.342000 1933.220000 -13 1040 1 0 1.000000
-2.516220 -3.406450 0 3.907050 -5.406430 202.204000 1933.120000 -13 1041 1 0 1.000000
-1.795540 -5.641380 0 8.357770 0.363823 192.500000 1933.110000 -13 1042 1 0 1.000000
-0.527359 -3.959170 0 8.188650 2.705470 192.240000 1933.310000 -13 1043 1 0 1.000000
-2.943560 -3.083520 0 12.910300 -18.204500 188.987000 1933.030000 -13 1044 1 0 1.000000
-1.830570 -3.650290 0 3.777830 -2.613240 199.913000 1933.110000 -13 1045 1 0 1.000000
-0.402591 -4.274730 0 3.413860 -6.666680 194.256000 1933.210000 -13 1046 1 0 1.000000
3.266870 -4.301120 0 6.534730 10.240000 186.991000 1933.270000 -13 1047 1 0 1.000000
-0.427567 0.025269 0 -3.449640 -14.403200 201.624000 1933.130000 -13 1048 1 0 1.000000
0.020528 -2.849880 0 2.684090 15.657700 205.080000 1933.140000 -13 1049 1 0 1.000000
-3.931370 1.012100 0 0.248796 -10.051500 191.705000 1933.070000 -13 1050 1 0 1.000000
-3.021810 0.168483 0 2.357150 -11.829200 197.461000 1933.190000 -13 1051 1 0 1.000000
-2.586330 -3.143080 0 1.259850 11.375400 209.943000 1933.260000 -13 1052 1 0 1.000000
-2.057180 -3.145980 0 6.895830 -19.491300 195.802000 1933.050000 -13 1053 1 0 1.000000
-2.125280 0.502475 0 -6.957110 8.180260 189.620000 1933.050000 -13 1054 1 0 1.000000
-1.444080 2.012760 0 -7.122440 12.070600 200.122000 1933.170000 -13 1055 1 0 1.000000
-1.662650 -0.068877 0 -3.908040 -9.425380 186.289000 1933.120000 -13 1056 1 0 1.000000
-1.991280 -0.426203 0 -9.918930 18.974800 188.430000 1933.260000 -13 1057 1 0 1.000000
-1.914600 -1.109850 0 -4.015050 11.462500 194.601000 1933.140000 -13 1058 1 0 1.000000
-1.406150 -0.632142 0 1.429750 7.344590 196.059000 1933.040000 -13 1059 1 0 1.000000
-0.229237 -3.724420 0 -9.842170 -6.101050 208.300000 1933.240000 -13 1060 1 0 1.000000
-0.447227 -2.249800 0 -3.044620 2.965840 192.768000 1933.110000 -13 1061 1 0 1.000000
-3.290760 -0.767635 0 -7.926940 -3.013200 186.974000 1933.060000 -13 1062 1 0 1.000000
-1.873820 -1.486480 0 7.019320 -3.866720 181.572000 1933.060000 -13 1063 1 0 1.000000
-0.189686 -1.696750 0 11.542600 -10.269900 185.342000 1933.340000 -13 1064 1 0 1.000000
-1.683360 -3.461350 0 -3.082470 -23.592000 186.414000 1933.050000 -13 1065 1 0 1.000000
-0.838408 -2.142530 0 -4.400980 -6.329220 183.474000 1933.190000 -13 1066 1 0 1.000000
-1.950190 -2.421660 0 -0.872012 10.767600 204.453000 1933.180000 -13 1067 1 0 1.000000
-5.531950 -1.846420 0 -5.580710 9.931480 192.445000 1933.200000 -13 1068 1 0 1.000000
-0.033599 0.422373 0 8.852970 -7.805900 182.043000 1933.180000 -13 1069 1 0 1.000000
-0.967478 -3.580280 0 -16.668500 -8.869910 193.204000 1933.080000 -13 1070 1 0 1.000000
