#BLTrackFile solenoid_cooling_channel
#x y z Px Py Pz t PDGid EvNum TrkId Parent weight
-1.011640 -1.638660 0 0.000000 0.000000 193.000000 1933.190000 -13 1 1 0 1.000000
-1.327790 -1.201050 0 -4.456640 2.633190 191.693000 1933.170000 -13 2 1 0 1.000000
-0.046930 -2.936250 0 0.906892 -3.267950 187.435000 1933.200000 -13 3 1 0 1.000000
-1.198010 -3.380840 0 9.786920 3.431740 189.604000 1933.110000 -13 4 1 0 1.000000
1.086060 -4.094400 0 3.501850 -3.292820 190.256000 1933.130000 -13 5 1 0 1.000000
-0.893327 0.489083 0 -23.923500 11.941600 216.060000 1933.170000 -13 6 1 0 1.000000
-2.174190 -0.924516 0 2.845260 9.085580 197.095000 1933.070000 -13 7 1 0 1.000000
-0.150129 -0.701361 0 -3.768820 8.976500 187.765000 1933.240000 -13 8 1 0 1.000000
-3.431410 -2.943620 0 11.021800 -6.430570 194.523000 1933.120000 -13 9 1 0 1.000000
-1.752080 -2.468830 0 -14.788800 -11.077300 188.679000 1933.140000 -13 10 1 0 1.000000
-2.254180 -1.651200 0 4.976450 -5.162940 186.273000 1933.060000 -13 11 1 0 1.000000
1.061340 0.272398 0 5.213730 -10.465100 201.437000 1933.320000 -13 12 1 0 1.000000
-3.659250 -1.464440 0 5.889370 -11.946100 215.264000 1933.260000 -13 13 1 0 1.000000
-1.903130 -0.407036 0 0.695741 9.135990 191.577000 1933.170000 -13 14 1 0 1.000000
-3.080730 -1.361220 0 3.753530 -10.695700 186.601000 1933.090000 -13 15 1 0 1.000000
-1.835210 -2.641410 0 18.763600 2.010510 198.289000 1933.170000 -13 16 1 0 1.000000
-0.875706 -1.705840 0 -2.635430 -8.270450 194.883000 1933.220000 -13 17 1 0 1.000000
-1.276370 0.772061 0 -14.828000 1.464310 189.136000 1933.260000 -13 18 1 0 1.000000
-1.341870 0.407488 0 5.389290 0.877062 181.451000 1933.210000 -13 19 1 0 1.000000
-2.732240 -0.225175 0 4.577240 -13.251700 195.784000 1933.250000 -13 20 1 0 1.000000
-0.475487 -3.531030 0 5.973710 6.209300 203.592000 1933.180000 -13 21 1 0 1.000000
1.832680 -1.518470 0 1.306850 -1.031460 184.737000 1933.210000 -13 22 1 0 1.000000
0.638909 -4.899370 0 -1.996550 -0.714983 184.094000 1933.090000 -13 23 1 0 1.000000
0.323097 -4.546090 0 9.874390 -6.337690 177.909000 1933.170000 -13 24 1 0 1.000000
-3.730320 0.549678 0 -8.935600 -23.199900 197.101000 1933.130000 -13 25 1 0 1.000000
-1.449800 1.511530 0 -27.002400 4.561160 214.027000 1933.200000 -13 26 1 0 1.000000
-2.937850 0.535269 0 -2.000640 -3.281260 204.096000 1933.170000 -13 27 1 0 1.000000
0.651206 -0.295485 0 -14.666700 7.148620 184.374000 1933.160000 -13 28 1 0 1.000000
-1.325400 -2.675080 0 -5.202040 7.623230 199.322000 1933.160000 -13 29 1 0 1.000000
-4.455190 -2.172290 0 13.881700 -3.485270 196.408000 1933.150000 -13 30 1 0 1.000000
-1.946120 -1.651680 0 11.991400 -10.523400 175.696000 1933.280000 -13 31 1 0 1.000000
0.212406 -2.074210 0 -0.883217 2.414510 200.116000 1933.170000 -13 32 1 0 1.000000
0.213007 -1.790240 0 6.053090 9.383220 204.600000 1933.080000 -13 33 1 0 1.000000
1.245350 -2.066510 0 -15.489100 10.400100 191.113000 1933.030000 -13 34 1 0 1.000000
-3.082270 -1.165140 0 6.076770 -19.572400 183.465000 1933.160000 -13 35 1 0 1.000000
-2.438060 -1.212720 0 2.078750 -13.653400 194.027000 1933.370000 -13 36 1 0 1.000000
-0.017202 0.931551 0 3.980490 17.032600 202.902000 1933.170000 -13 37 1 0 1.000000
-1.824690 1.084120 0 -14.672400 -18.169300 202.473000 1933.180000 -13 38 1 0 1.000000
-1.312010 -0.675419 0 8.238030 14.094100 185.888000 1933.100000 -13 39 1 0 1.000000
-3.089490 -0.875247 0 -2.381010 -19.852500 203.277000 1933.340000 -13 40 1 0 1.000000
-2.483070 -2.683720 0 -7.502610 -25.777100 211.538000 1933.120000 -13 41 1 0 1.000000
-3.569550 -1.074380 0 -15.924200 -5.256140 210.433000 1933.110000 -13 42 1 0 1.000000
-2.993650 -0.442298 0 -1.257460 -19.964900 205.550000 1933.070000 -13 43 1 0 1.000000
0.637401 0.294867 0 6.381030 -13.386800 197.826000 1933.390000 -13 44 1 0 1.000000
-1.041490 -2.984150 0 -0.310174 -18.123600 198.437000 1933.130000 -13 45 1 0 1.000000
0.333772 -3.256010 0 3.622840 0.681519 187.802000 1933.260000 -13 46 1 0 1.000000
-1.192790 -1.830720 0 -8.007460 -5.031900 205.074000 1933.200000 -13 47 1 0 1.000000
-0.101790 -3.458140 0 -11.547800 3.933940 192.479000 1933.040000 -13 48 1 0 1.000000
-1.988520 -1.203120 0 6.960180 -16.414900 187.309000 1933.150000 -13 49 1 0 1.000000
-2.433240 -3.221310 0 -8.956020 -13.987100 210.056000 1933.170000 -13 50 1 0 1.000000
-0.525607 -0.817123 0 5.540680 -4.252180 195.698000 1933.210000 -13 51 1 0 1.000000
-1.934270 -1.225040 0 -1.640420 -1.864260 185.660000 1933.190000 -13 52 1 0 1.000000
0.430421 -3.250000 0 14.213900 5.662290 184.983000 1933.160000 -13 53 1 0 1.000000
-2.571120 0.353051 0 -4.906550 -18.960200 209.485000 1933.120000 -13 54 1 0 1.000000
0.056393 -3.881830 0 -0.074097 11.893700 191.476000 1933.200000 -13 55 1 0 1.000000
0.437688 1.165470 0 -19.672800 17.539300 180.244000 1933.110000 -13 56 1 0 1.000000
2.008780 -3.535140 0 15.543900 -10.262900 194.619000 1933.270000 -13 57 1 0 1.000000
-1.989020 -0.866005 0 11.462500 -1.964460 203.503000 1933.150000 -13 58 1 0 1.000000
-3.762290 -0.824538 0 -1.530750 -4.672510 190.531000 1933.190000 -13 59 1 0 1.000000
-1.456680 -1.949820 0 -1.645640 15.225800 207.752000 1933.130000 -13 60 1 0 1.000000
-1.312790 0.324873 0 6.905150 2.981180 180.499000 1933.130000 -13 61 1 0 1.000000
-3.384410 -1.949200 0 -8.410010 -5.299780 185.892000 1933.120000 -13 62 1 0 1.000000
0.783580 -3.320280 0 -8.783490 5.803260 199.966000 1933.070000 -13 63 1 0 1.000000
-1.707020 -1.794700 0 -10.167700 8.360600 180.616000 1933.190000 -13 64 1 0 1.000000
-1.426950 -2.888230 0 18.648400 -9.624480 205.144000 1933.240000 -13 65 1 0 1.000000
-1.544770 -1.447210 0 -4.478350 6.969740 201.902000 1933.170000 -13 66 1 0 1.000000
-3.765950 -4.265100 0 -23.078000 -16.037000 188.608000 1933.170000 -13 67 1 0 1.000000
0.458038 -1.892400 0 -6.753250 7.656530 195.704000 1933.040000 -13 68 1 0 1.000000
-1.361900 -3.713370 0 3.995570 1.101820 187.490000 1933.150000 -13 69 1 0 1.000000
-0.417281 -3.583030 0 19.016900 11.289800 187.625000 1933.140000 -13 70 1 0 1.000000
0.416971 -4.428640 0 18.105500 2.973860 187.615000 1933.080000 -13 71 1 0 1.000000
-0.808717 -3.370540 0 -5.056340 8.001320 206.828000 1933.150000 -13 72 1 0 1.000000
-4.013020 -0.732359 0 -8.779440 -9.174140 182.614000 1933.300000 -13 73 1 0 1.000000
0.267082 0.895609 0 -10.204800 22.407700 185.960000 1933.160000 -13 74 1 0 1.000000
-2.035510 -0.467326 0 -8.065810 9.711170 192.147000 1933.120000 -13 75 1 0 1.000000
0.779668 -0.504296 0 8.719190 17.322600 187.919000 1933.180000 -13 76 1 0 1.000000
-2.376560 0.952455 0 -13.886900 -7.932990 203.764000 1933.160000 -13 77 1 0 1.000000
-2.417560 0.327470 0 -16.032700 1.715170 200.140000 1933.160000 -13 78 1 0 1.000000
-1.178410 -2.062890 0 10.205000 -9.560330 208.850000 1933.200000 -13 79 1 0 1.000000
-1.625090 -3.172620 0 15.491800 3.699470 189.604000 1933.230000 -13 80 1 0 1.000000
-1.811460 -1.030120 0 17.948600 -28.626100 213.621000 1933.200000 -13 81 1 0 1.000000
-0.552899 -2.602270 0 7.799280 2.368300 192.108000 1933.210000 -13 82 1 0 1.000000
-1.672610 0.436040 0 -13.232800 0.682594 184.698000 1933.270000 -13 83 1 0 1.000000
-2.018240 1.784860 0 -11.643300 -8.079020 209.825000 1933.260000 -13 84 1 0 1.000000
-1.652980 -1.488800 0 11.758200 -16.642800 204.872000 1933.160000 -13 85 1 0 1.000000
0.734974 -1.956030 0 13.800000 24.640900 196.566000 1933.050000 -13 86 1 0 1.000000
-0.030402 -4.250280 0 -20.833800 -6.446160 206.365000 1933.130000 -13 87 1 0 1.000000
-1.661100 -0.013889 0 -6.009210 0.041092 181.264000 1933.140000 -13 88 1 0 1.000000
-0.756874 -2.468130 0 13.260100 10.924800 178.609000 1933.320000 -13 89 1 0 1.000000
-0.054824 -3.615750 0 -14.745400 10.785500 204.015000 1933.190000 -13 90 1 0 1.000000
-1.722170 -2.556750 0 -3.257670 -11.147300 199.441000 1933.110000 -13 91 1 0 1.000000
1.406910 -0.620112 0 0.036789 11.275900 180.633000 1933.160000 -13 92 1 0 1.000000
-1.626220 -1.663100 0 -7.744030 -1.635860 182.359000 1933.210000 -13 93 1 0 1.000000
-3.118690 -3.848670 0 7.160600 -10.920500 191.411000 1933.150000 -13 94 1 0 1.000000
-1.100230 -3.897440 0 -2.486200 -16.481500 198.390000 1933.200000 -13 95 1 0 1.000000
-1.397110 -1.544490 0 16.317900 -4.796390 195.449000 1933.100000 -13 96 1 0 1.000000
-0.304258 -2.519270 0 6.251650 8.355050 196.048000 1933.140000 -13 97 1 0 1.000000
-2.501440 -0.666785 0 -8.007690 0.878912 186.119000 1933.100000 -13 98 1 0 1.000000
0.661938 -2.306830 0 2.774110 3.931090 202.318000 1933.350000 -13 99 1 0 1.000000
-2.248680 -0.820892 0 -0.080567 -3.270470 208.213000 1933.210000 -13 100 1 0 1.000000
-0.680640 -1.358430 0 15.009400 9.344020 193.998000 1933.330000 -13 101 1 0 1.000000
-0.901108 -3.191450 0 -1.679550 -3.797630 200.247000 1933.330000 -13 102 1 0 1.000000
-3.203650 -3.085100 0 -12.826600 -10.177700 212.496000 1933.210000 -13 103 1 0 1.000000
-1.481580 -2.391150 0 12.753800 -15.866000 184.248000 1933.200000 -13 104 1 0 1.000000
-1.911870 -1.844130 0 -8.239960 10.663400 184.788000 1933.220000 -13 105 1 0 1.000000
-0.137228 -3.587580 0 7.569570 12.546700 202.448000 1933.220000 -13 106 1 0 1.000000
-1.451940 -0.286590 0 4.386580 8.256240 182.125000 1933.100000 -13 107 1 0 1.000000
-1.859870 -2.627100 0 -2.431420 -13.678500 180.138000 1933.040000 -13 108 1 0 1.000000
-0.225588 -3.794520 0 14.764200 -1.026520 195.099000 1933.140000 -13 109 1 0 1.000000
-1.331820 -2.278470 0 4.450280 -1.212520 185.039000 1933.050000 -13 110 1 0 1.000000
-2.092970 -3.546420 0 -8.363700 5.017250 194.808000 1933.330000 -13 111 1 0 1.000000
0.574299 -2.933830 0 -8.745500 4.830860 193.339000 1933.130000 -13 112 1 0 1.000000
-2.158780 -0.521266 0 -6.011540 9.593200 198.774000 1933.150000 -13 113 1 0 1.000000
-4.578830 -0.744504 0 0.276445 -14.057500 210.579000 1933.140000 -13 114 1 0 1.000000
-2.491740 -2.425320 0 11.657800 0.794140 199.034000 1933.130000 -13 115 1 0 1.000000
-2.065980 -0.494369 0 -3.360190 -11.047400 190.002000 1933.220000 -13 116 1 0 1.000000
-0.896188 -3.840460 0 2.745150 19.714000 209.420000 1933.090000 -13 117 1 0 1.000000
-1.305620 0.572684 0 -11.222400 -8.968250 192.998000 1933.170000 -13 118 1 0 1.000000
-1.563950 -3.407230 0 3.848510 10.009200 201.320000 1933.020000 -13 119 1 0 1.000000
-0.689619 -4.046600 0 14.108500 6.693110 194.877000 1933.140000 -13 120 1 0 1.000000
-0.228922 -2.711800 0 17.827400 8.228570 190.383000 1933.260000 -13 121 1 0 1.000000
-1.607510 -0.959553 0 3.527390 3.613960 207.992000 1933.290000 -13 122 1 0 1.000000
0.304358 -2.101120 0 4.014200 15.000900 194.618000 1933.200000 -13 123 1 0 1.000000
-2.007560 -3.496420 0 12.380400 -5.453410 187.570000 1933.130000 -13 124 1 0 1.000000
-1.532570 0.039323 0 9.388000 7.226110 188.538000 1933.160000 -13 125 1 0 1.000000
0.019022 2.178880 0 -2.316470 -11.245800 196.650000 1933.220000 -13 126 1 0 1.000000
-0.800011 -3.677760 0 6.665610 -4.948660 209.591000 1933.120000 -13 127 1 0 1.000000
-2.009880 0.399512 0 -9.754770 14.001100 202.562000 1933.130000 -13 128 1 0 1.000000
-1.913430 -2.395010 0 -6.284420 3.313010 206.626000 1933.260000 -13 129 1 0 1.000000
-1.094130 -0.927173 0 -9.549760 2.459180 184.509000 1933.220000 -13 130 1 0 1.000000
-2.166770 -1.787650 0 -0.649362 -8.648540 181.175000 1933.250000 -13 131 1 0 1.000000
-2.603450 -0.492286 0 2.055370 -15.878800 194.176000 1932.990000 -13 132 1 0 1.000000
-2.673560 0.698670 0 0.326304 0.774450 213.870000 1933.180000 -13 133 1 0 1.000000
-1.904080 -1.249620 0 2.723540 -11.370600 192.464000 1933.240000 -13 134 1 0 1.000000
-3.098850 -1.487670 0 -9.607160 5.216840 200.874000 1933.160000 -13 135 1 0 1.000000
-1.512080 2.520350 0 -21.518400 -5.039550 205.005000 1933.210000 -13 136 1 0 1.000000
1.683910 -0.162633 0 -5.507230 7.022710 203.851000 1933.100000 -13 137 1 0 1.000000
-0.170600 -3.019610 0 27.344600 10.035400 191.835000 1933.160000 -13 138 1 0 1.000000
-2.019850 0.870336 0 -6.749900 -22.930300 197.758000 1933.170000 -13 139 1 0 1.000000
-0.239083 1.426340 0 -22.906900 -9.619910 202.567000 1933.320000 -13 140 1 0 1.000000
-1.698820 1.217190 0 -20.841100 -3.746470 189.028000 1933.060000 -13 141 1 0 1.000000
-0.747279 -2.175860 0 17.768700 -0.885805 192.097000 1933.210000 -13 142 1 0 1.000000
-1.530580 -2.042210 0 5.825640 -11.218300 179.027000 1933.100000 -13 143 1 0 1.000000
-0.019650 -1.764630 0 -12.083200 5.179740 187.014000 1933.040000 -13 144 1 0 1.000000
-2.033570 0.553823 0 8.207620 2.069020 191.197000 1933.040000 -13 145 1 0 1.000000
-3.601460 -3.261240 0 -15.830700 -1.631140 201.002000 1933.150000 -13 146 1 0 1.000000
-2.170960 0.580446 0 -5.850550 -3.566590 207.460000 1933.290000 -13 147 1 0 1.000000
-4.040650 0.052942 0 15.259700 10.917100 198.525000 1933.180000 -13 148 1 0 1.000000
-0.171622 -1.832120 0 -1.198260 12.212100 190.725000 1933.100000 -13 149 1 0 1.000000
-1.051610 -0.788474 0 -6.702020 0.439442 208.732000 1933.090000 -13 150 1 0 1.000000
-0.761661 -0.898621 0 22.498000 6.489930 215.573000 1933.220000 -13 151 1 0 1.000000
-2.643330 -1.480960 0 5.415840 -2.092080 211.167000 1933.340000 -13 152 1 0 1.000000
-0.655129 -2.564270 0 6.012760 -7.764370 190.209000 1933.120000 -13 153 1 0 1.000000
-3.274860 -1.647030 0 4.718140 0.052488 200.157000 1933.060000 -13 154 1 0 1.000000
-1.883030 0.876700 0 -0.946087 0.458546 188.683000 1933.150000 -13 155 1 0 1.000000
-2.662760 -0.656617 0 6.799540 -16.989300 186.148000 1933.350000 -13 156 1 0 1.000000
-0.589878 -2.330940 0 5.480710 -2.318900 193.236000 1933.150000 -13 157 1 0 1.000000
-3.091280 -0.402006 0 6.601860 -7.107480 198.387000 1933.190000 -13 158 1 0 1.000000
0.453550 -0.334512 0 -0.745508 3.881360 194.895000 1933.280000 -13 159 1 0 1.000000
-0.971482 -0.873142 0 -1.371780 12.845800 209.540000 1933.320000 -13 160 1 0 1.000000
-2.109100 -1.747720 0 2.353750 15.130300 195.036000 1933.190000 -13 161 1 0 1.000000
-1.158440 -1.115850 0 -9.738000 12.407500 203.835000 1933.190000 -13 162 1 0 1.000000
1.868110 -0.590650 0 -3.105650 32.344800 199.911000 1933.250000 -13 163 1 0 1.000000
-1.119710 -2.640600 0 -0.546086 -10.316500 204.406000 1933.310000 -13 164 1 0 1.000000
1.397540 0.773436 0 -10.877200 26.157300 201.749000 1933.180000 -13 165 1 0 1.000000
-1.384800 -0.618280 0 -0.075817 -2.750560 183.376000 1933.180000 -13 166 1 0 1.000000
-3.507400 -2.423270 0 10.769000 -5.197600 192.925000 1933.120000 -13 167 1 0 1.000000
-0.671885 -2.506060 0 18.976900 9.247630 194.582000 1933.110000 -13 168 1 0 1.000000
-2.302770 -1.088040 0 -12.426600 -5.125330 186.411000 1933.140000 -13 169 1 0 1.000000
-2.167010 -2.087490 0 -5.270840 9.379530 194.604000 1933.090000 -13 170 1 0 1.000000
-0.773094 -0.146171 0 -6.306100 6.363930 196.090000 1933.040000 -13 171 1 0 1.000000
-2.901440 0.136424 0 -16.998300 -14.405100 195.062000 1933.250000 -13 172 1 0 1.000000
-2.234750 1.046000 0 -5.086360 6.115960 194.402000 1933.180000 -13 173 1 0 1.000000
-0.705590 -3.118160 0 -17.060000 9.257610 185.247000 1933.110000 -13 174 1 0 1.000000
-1.709330 -1.077840 0 -3.594260 5.903080 194.506000 1933.090000 -13 175 1 0 1.000000
-2.194450 -0.859262 0 -14.267100 12.468800 200.581000 1933.030000 -13 176 1 0 1.000000
-1.306240 -2.105360 0 0.019762 -7.734720 192.049000 1933.330000 -13 177 1 0 1.000000
-2.166930 -1.363970 0 -1.615380 -8.348460 204.200000 1933.080000 -13 178 1 0 1.000000
-1.139770 -0.136913 0 -7.423920 0.600526 199.830000 1933.030000 -13 179 1 0 1.000000
-3.174370 -0.019817 0 -15.191000 11.136900 195.530000 1933.200000 -13 180 1 0 1.000000
0.968324 -1.545030 0 10.016300 5.159610 193.723000 1933.210000 -13 181 1 0 1.000000
0.751633 -2.424800 0 -3.265990 3.177970 182.256000 1933.090000 -13 182 1 0 1.000000
-1.459370 -0.217549 0 -25.997600 2.576570 170.161000 1933.210000 -13 183 1 0 1.000000
1.981090 -1.621470 0 7.278130 8.869190 197.720000 1933.120000 -13 184 1 0 1.000000
-1.605960 -3.367780 0 -4.230480 -3.792880 202.845000 1933.050000 -13 185 1 0 1.000000
-1.944280 -2.321040 0 -2.391060 20.294600 191.644000 1933.080000 -13 186 1 0 1.000000
-1.700260 -1.485450 0 -7.422000 9.030850 192.704000 1933.200000 -13 187 1 0 1.000000
-0.216742 -5.105070 0 2.001770 2.010690 203.800000 1933.080000 -13 188 1 0 1.000000
-2.728390 -2.286050 0 -4.472970 -12.335500 207.593000 1933.110000 -13 189 1 0 1.000000
-0.421902 -1.829080 0 -12.104200 11.582200 209.040000 1933.240000 -13 190 1 0 1.000000
-1.492300 -2.503890 0 2.965120 -15.575100 181.690000 1933.190000 -13 191 1 0 1.000000
-3.040050 -2.549630 0 -4.899590 -11.204200 198.240000 1933.110000 -13 192 1 0 1.000000
-2.069650 0.332422 0 18.598800 10.574800 188.322000 1933.090000 -13 193 1 0 1.000000
-1.450840 -2.092500 0 -1.163700 9.480460 178.779000 1933.220000 -13 194 1 0 1.000000
-0.119919 -0.321391 0 -0.255320 -9.419460 205.870000 1933.270000 -13 195 1 0 1.000000
-4.858680 -2.561340 0 0.965043 -14.774800 205.678000 1933.190000 -13 196 1 0 1.000000
-3.742230 -1.799700 0 5.625570 -10.692100 208.398000 1933.210000 -13 197 1 0 1.000000
-1.302920 -1.495800 0 -8.624280 1.942900 217.789000 1933.280000 -13 198 1 0 1.000000
-1.717250 -4.715940 0 23.722500 1.382220 205.592000 1933.240000 -13 199 1 0 1.000000
-2.070040 -0.623675 0 9.710740 -15.621600 198.428000 1933.080000 -13 200 1 0 1.000000
0.811604 -0.270180 0 0.338871 4.902020 180.115000 1933.180000 -13 201 1 0 1.000000
-0.949207 -5.275450 0 8.150070 5.573910 200.148000 1933.040000 -13 202 1 0 1.000000
1.132630 -0.467668 0 -8.269140 10.584700 185.005000 1933.110000 -13 203 1 0 1.000000
-2.120440 -4.430790 0 -6.544630 -18.607400 189.870000 1933.140000 -13 204 1 0 1.000000
-2.079260 -0.002150 0 1.867320 7.882430 193.561000 1933.370000 -13 205 1 0 1.000000
-4.423390 2.328620 0 -2.462740 -5.642400 196.992000 1933.110000 -13 206 1 0 1.000000
-1.644080 -1.375920 0 7.524020 -8.738880 192.260000 1933.130000 -13 207 1 0 1.000000
-1.834480 -4.692390 0 5.053260 5.597460 194.434000 1933.160000 -13 208 1 0 1.000000
-2.839910 -1.879460 0 -10.345800 -17.841700 194.378000 1933.250000 -13 209 1 0 1.000000
-1.907690 0.091482 0 -0.666743 -8.024870 203.760000 1933.190000 -13 210 1 0 1.000000
-2.187740 -1.943110 0 -7.470130 -0.098781 191.744000 1933.200000 -13 211 1 0 1.000000
0.187318 -0.031823 0 -4.374470 10.813200 180.853000 1933.230000 -13 212 1 0 1.000000
0.910244 -4.512610 0 2.726740 2.110340 195.437000 1933.250000 -13 213 1 0 1.000000
-1.240620 -4.178790 0 7.030870 1.048840 179.388000 1933.180000 -13 214 1 0 1.000000
-1.102310 -2.134850 0 17.901700 -11.754400 202.537000 1933.270000 -13 215 1 0 1.000000
-2.232600 -0.862623 0 -7.452110 6.621130 187.959000 1933.110000 -13 216 1 0 1.000000
-0.553503 -3.299330 0 -1.671380 -2.368400 190.237000 1933.230000 -13 217 1 0 1.000000
-2.280980 -1.186470 0 11.963800 -20.294400 219.161000 1933.260000 -13 218 1 0 1.000000
-0.416544 -0.938677 0 5.703200 -11.920100 193.403000 1933.190000 -13 219 1 0 1.000000
0.283211 -1.056650 0 -18.475000 17.558500 191.817000 1933.090000 -13 220 1 0 1.000000
-0.982977 1.285890 0 -7.890810 13.484500 191.663000 1933.180000 -13 221 1 0 1.000000
-0.517729 -0.141762 0 -16.684700 13.146800 205.345000 1933.210000 -13 222 1 0 1.000000
0.268618 -0.321100 0 2.469070 9.446220 192.044000 1933.160000 -13 223 1 0 1.000000
-1.009910 -0.404747 0 2.817950 11.154800 185.744000 1933.110000 -13 224 1 0 1.000000
-0.115107 -1.269180 0 -2.065160 20.480100 200.247000 1933.300000 -13 225 1 0 1.000000
-2.352140 0.195888 0 -2.083200 13.778200 199.436000 1933.310000 -13 226 1 0 1.000000
-2.918900 -0.834176 0 -11.490500 -3.646070 208.564000 1933.260000 -13 227 1 0 1.000000
-2.048470 -1.891870 0 -7.317570 6.977040 201.878000 1933.170000 -13 228 1 0 1.000000
-0.620846 1.247600 0 3.274280 2.296770 189.437000 1933.130000 -13 229 1 0 1.000000
-0.156510 -2.927930 0 19.720000 -11.876500 190.598000 1933.080000 -13 230 1 0 1.000000
-0.940394 -2.916040 0 5.976070 -20.748800 189.604000 1933.120000 -13 231 1 0 1.000000
-3.029250 -1.183690 0 -3.519420 -4.653670 213.653000 1933.230000 -13 232 1 0 1.000000
-0.313450 -1.551260 0 10.494000 -5.163930 203.744000 1933.000000 -13 233 1 0 1.000000
0.225736 -1.983890 0 10.392500 -10.506800 198.258000 1933.360000 -13 234 1 0 1.000000
-2.123050 -3.488680 0 4.880260 -11.030800 185.668000 1933.200000 -13 235 1 0 1.000000
-0.820710 -1.243020 0 -1.487860 -0.435858 175.284000 1933.170000 -13 236 1 0 1.000000
-3.409570 -2.883740 0 -11.217700 -0.375047 203.367000 1933.130000 -13 237 1 0 1.000000
0.690298 -1.749070 0 -14.530500 -8.913080 194.572000 1933.110000 -13 238 1 0 1.000000
-1.795140 1.139260 0 -4.431440 1.769090 204.283000 1933.110000 -13 239 1 0 1.000000
-1.117080 -1.992980 0 1.707580 -3.198810 207.650000 1933.230000 -13 240 1 0 1.000000
-1.456200 -3.403460 0 -3.722900 11.722400 185.279000 1933.070000 -13 241 1 0 1.000000
-2.533830 -0.389961 0 5.656460 2.941010 196.923000 1933.090000 -13 242 1 0 1.000000
-1.081690 -4.724570 0 -2.020030 -19.098100 196.933000 1933.070000 -13 243 1 0 1.000000
-1.025620 -0.279486 0 2.742800 9.373760 204.073000 1933.360000 -13 244 1 0 1.000000
0.731801 -0.564583 0 -19.891800 4.036570 177.972000 1933.200000 -13 245 1 0 1.000000
-1.588180 -0.729243 0 -14.149800 -17.741300 201.368000 1933.170000 -13 246 1 0 1.000000
-1.413390 -1.012600 0 -29.513400 -10.844900 191.353000 1933.100000 -13 247 1 0 1.000000
-2.638440 -1.374950 0 11.860200 -0.124302 185.555000 1933.260000 -13 248 1 0 1.000000
-1.061940 -1.316090 0 -1.400190 -17.448500 204.352000 1933.130000 -13 249 1 0 1.000000
0.746497 -2.306730 0 12.341000 4.473860 200.363000 1933.140000 -13 250 1 0 1.000000
-1.424330 -2.561150 0 -13.506300 3.228170 211.245000 1933.250000 -13 251 1 0 1.000000
-1.743250 -0.006143 0 -6.333300 0.016541 195.153000 1933.110000 -13 252 1 0 1.000000
-1.176990 -3.501890 0 -17.685700 -15.234600 201.467000 1933.260000 -13 253 1 0 1.000000
-1.329730 -3.224340 0 1.432680 -1.128230 196.365000 1933.050000 -13 254 1 0 1.000000
1.359510 -2.236360 0 -6.779570 15.029200 194.810000 1933.230000 -13 255 1 0 1.000000
-1.099290 -2.372590 0 1.025970 5.124470 192.473000 1933.160000 -13 256 1 0 1.000000
-2.472660 -1.020600 0 -16.721900 -11.924300 204.682000 1933.120000 -13 257 1 0 1.000000
1.632650 -1.237550 0 -18.644100 16.153600 205.074000 1933.170000 -13 258 1 0 1.000000
1.303860 -0.800482 0 -13.734200 -8.950350 198.761000 1933.120000 -13 259 1 0 1.000000
-0.107123 -0.997403 0 -6.249750 -1.696410 186.121000 1933.380000 -13 260 1 0 1.000000
-3.007710 -1.710950 0 16.434000 -4.292170 203.479000 1933.200000 -13 261 1 0 1.000000
-3.095850 -0.212049 0 10.064500 -19.121900 190.870000 1933.240000 -13 262 1 0 1.000000
0.552905 -2.242910 0 12.844100 10.430200 194.901000 1933.060000 -13 263 1 0 1.000000
-1.156380 -4.482060 0 12.234800 -11.472200 179.399000 1933.150000 -13 264 1 0 1.000000
0.362503 -4.467460 0 6.534330 -3.553750 197.295000 1933.240000 -13 265 1 0 1.000000
-1.550290 -1.005880 0 -2.392730 -24.944700 203.735000 1933.170000 -13 266 1 0 1.000000
-0.113265 -0.949948 0 7.491230 -11.745600 184.127000 1933.080000 -13 267 1 0 1.000000
-1.331230 -1.064730 0 -3.283870 15.270100 182.263000 1933.130000 -13 268 1 0 1.000000
-1.284670 0.641585 0 -1.864710 -18.789300 185.010000 1933.200000 -13 269 1 0 1.000000
0.301552 -2.735770 0 6.176760 -1.700860 195.770000 1933.210000 -13 270 1 0 1.000000
1.165150 -1.897740 0 17.725900 4.964850 194.963000 1933.060000 -13 271 1 0 1.000000
-2.641280 -0.941996 0 7.305830 2.225040 197.228000 1933.150000 -13 272 1 0 1.000000
-0.259063 -2.471540 0 0.514538 8.129440 192.345000 1933.170000 -13 273 1 0 1.000000
-0.002209 -2.036010 0 -11.923300 8.359160 190.516000 1933.090000 -13 274 1 0 1.000000
-3.021100 -0.521530 0 -4.630760 0.329731 197.234000 1933.050000 -13 275 1 0 1.000000
0.165237 -1.793250 0 9.897100 -8.186650 198.476000 1933.040000 -13 276 1 0 1.000000
0.913382 -2.001330 0 -7.723220 -7.436520 216.397000 1933.260000 -13 277 1 0 1.000000
-0.323723 -1.932270 0 20.202400 14.212800 205.374000 1933.220000 -13 278 1 0 1.000000
-2.345570 -1.895030 0 6.163100 -2.745340 194.335000 1933.250000 -13 279 1 0 1.000000
-2.782070 -0.918558 0 -10.328400 16.264400 206.169000 1933.150000 -13 280 1 0 1.000000
0.354148 1.979130 0 19.593500 5.424470 185.355000 1933.090000 -13 281 1 0 1.000000
-1.307240 -1.254740 0 10.827200 -0.178608 203.637000 1933.300000 -13 282 1 0 1.000000
-4.988630 -0.934065 0 -2.687170 1.762630 200.453000 1933.160000 -13 283 1 0 1.000000
-3.816090 -1.770720 0 7.566150 2.523760 193.067000 1933.320000 -13 284 1 0 1.000000
-2.070760 -0.985030 0 9.560240 6.480780 213.951000 1933.120000 -13 285 1 0 1.000000
-1.467910 -2.511350 0 -2.482760 4.431040 197.831000 1933.060000 -13 286 1 0 1.000000
-2.239490 -3.218580 0 -4.470060 2.190770 202.549000 1933.130000 -13 287 1 0 1.000000
-1.347020 -3.292430 0 11.032600 -6.293840 187.263000 1933.150000 -13 288 1 0 1.000000
-2.932930 -2.656780 0 6.760700 -18.328000 204.735000 1933.250000 -13 289 1 0 1.000000
-2.050110 -2.950200 0 2.777630 -7.695430 187.043000 1933.150000 -13 290 1 0 1.000000
-1.081280 -2.189120 0 -17.543300 -3.270830 203.860000 1933.180000 -13 291 1 0 1.000000
-1.886060 -2.398620 0 -3.813000 9.506720 192.498000 1933.050000 -13 292 1 0 1.000000
0.230444 -2.010040 0 1.553480 20.021900 198.892000 1933.240000 -13 293 1 0 1.000000
0.735833 -0.957927 0 14.714900 -1.698280 214.833000 1933.090000 -13 294 1 0 1.000000
-1.210100 -1.793130 0 1.126970 -10.317600 205.642000 1933.140000 -13 295 1 0 1.000000
-1.572720 -0.007635 0 0.608745 -12.761600 199.537000 1933.170000 -13 296 1 0 1.000000
-1.791010 0.909996 0 -15.133600 -6.920500 184.990000 1933.060000 -13 297 1 0 1.000000
-1.798970 -0.239300 0 -10.165000 -6.059490 203.812000 1933.240000 -13 298 1 0 1.000000
-1.803150 -5.001600 0 12.046900 -18.591100 199.332000 1933.110000 -13 299 1 0 1.000000
-0.232262 -0.214531 0 11.772700 -2.169240 184.086000 1933.090000 -13 300 1 0 1.000000
-0.543244 -2.649290 0 -3.878690 9.093990 203.722000 1933.320000 -13 301 1 0 1.000000
-2.626480 0.287177 0 -12.723600 -18.845400 195.392000 1933.160000 -13 302 1 0 1.000000
0.936012 -2.484400 0 -7.111980 9.489720 188.902000 1933.220000 -13 303 1 0 1.000000
-1.741540 -0.225622 0 -1.030500 -0.765536 198.303000 1933.150000 -13 304 1 0 1.000000
0.524767 -3.644370 0 -1.553710 -1.001690 190.013000 1933.110000 -13 305 1 0 1.000000
-2.119770 0.567043 0 -10.411200 -7.865980 195.309000 1933.120000 -13 306 1 0 1.000000
-1.374160 2.989680 0 -7.883200 -4.356050 203.667000 1933.140000 -13 307 1 0 1.000000
-0.214630 -1.791140 0 -0.495600 0.590602 186.264000 1933.120000 -13 308 1 0 1.000000
-0.467937 -2.596770 0 -8.748100 4.895780 205.153000 1933.230000 -13 309 1 0 1.000000
-1.442390 0.515732 0 -16.612100 -2.953310 210.201000 1933.230000 -13 310 1 0 1.000000
-3.494850 -1.797650 0 16.590400 -5.748680 181.865000 1933.210000 -13 311 1 0 1.000000
-1.081810 -3.441560 0 14.955700 -11.438300 188.733000 1933.040000 -13 312 1 0 1.000000
-0.575605 -1.387100 0 -1.485690 3.813420 188.007000 1933.200000 -13 313 1 0 1.000000
-4.380260 -0.456953 0 -15.723300 -14.893000 204.770000 1933.200000 -13 314 1 0 1.000000
-0.486952 -1.629490 0 9.954400 -11.340000 186.547000 1933.190000 -13 315 1 0 1.000000
0.706103 -4.498260 0 11.672200 0.824811 210.019000 1933.100000 -13 316 1 0 1.000000
-2.312560 -1.275690 0 -2.167420 -1.188470 192.652000 1933.180000 -13 317 1 0 1.000000
-4.033060 -3.085720 0 7.236150 -23.023000 203.678000 1933.360000 -13 318 1 0 1.000000
1.555880 -0.287518 0 -2.794520 -13.550600 189.072000 1933.230000 -13 319 1 0 1.000000
-3.463710 -0.330543 0 16.959300 -10.315600 189.568000 1933.120000 -13 320 1 0 1.000000
-4.298630 -0.530533 0 7.170290 -12.849500 208.244000 1933.150000 -13 321 1 0 1.000000
-0.015184 -1.086270 0 9.841110 -4.685830 182.513000 1933.230000 -13 322 1 0 1.000000
1.257930 0.710245 0 -5.826700 3.655080 192.777000 1933.300000 -13 323 1 0 1.000000
-2.356720 -1.747360 0 -13.317900 9.651270 208.516000 1933.260000 -13 324 1 0 1.000000
-1.434840 0.508543 0 -2.195640 -15.367800 203.289000 1933.130000 -13 325 1 0 1.000000
-0.840996 -1.025630 0 -1.104580 0.387757 189.692000 1933.210000 -13 326 1 0 1.000000
-1.587850 -0.813592 0 7.200540 -4.383080 203.452000 1933.100000 -13 327 1 0 1.000000
-1.498760 -0.940845 0 16.595000 -17.492600 211.809000 1933.170000 -13 328 1 0 1.000000
-0.282490 -2.505720 0 18.348200 -3.145560 205.714000 1933.260000 -13 329 1 0 1.000000
0.024573 -2.851590 0 0.825425 -3.448830 192.749000 1933.090000 -13 330 1 0 1.000000
-0.726660 -4.391210 0 11.399500 -6.080660 193.610000 1933.210000 -13 331 1 0 1.000000
-1.908960 -4.223620 0 12.309900 6.623700 191.447000 1933.340000 -13 332 1 0 1.000000
-0.096629 0.337235 0 0.921660 1.266470 194.627000 1933.130000 -13 333 1 0 1.000000
-2.112880 -1.112810 0 -3.260390 13.824200 193.318000 1933.210000 -13 334 1 0 1.000000
-0.807455 -2.494770 0 -3.503610 18.777900 216.254000 1933.150000 -13 335 1 0 1.000000
-2.751340 1.198950 0 -8.693790 -8.289380 193.714000 1933.100000 -13 336 1 0 1.000000
-0.701929 -1.593310 0 10.595500 5.846120 194.067000 1933.370000 -13 337 1 0 1.000000
-1.641030 -1.395300 0 -11.175000 8.315750 180.620000 1933.160000 -13 338 1 0 1.000000
-2.566540 0.655486 0 14.140400 -10.583400 214.403000 1933.220000 -13 339 1 0 1.000000
1.083400 -2.040660 0 -14.988200 -5.325520 187.311000 1933.220000 -13 340 1 0 1.000000
-0.379971 -2.330700 0 10.987200 -3.612440 202.870000 1933.260000 -13 341 1 0 1.000000
-1.431910 -2.686560 0 10.062100 11.203700 212.029000 1933.130000 -13 342 1 0 1.000000
-1.223910 1.210600 0 -2.521010 7.307500 183.420000 1933.200000 -13 343 1 0 1.000000
-1.861730 -3.835340 0 -3.397860 -16.470400 196.552000 1933.200000 -13 344 1 0 1.000000
-3.239270 0.214973 0 2.220400 5.868540 196.517000 1933.120000 -13 345 1 0 1.000000
-3.659470 -1.277500 0 -5.923890 -1.986250 208.469000 1933.290000 -13 346 1 0 1.000000
-1.165980 1.252260 0 -18.699100 -0.388156 208.199000 1933.170000 -13 347 1 0 1.000000
-0.570398 -2.749540 0 -12.680100 15.627100 191.037000 1933.110000 -13 348 1 0 1.000000
-0.060083 -0.469394 0 -1.021490 20.742000 192.271000 1933.070000 -13 349 1 0 1.000000
0.187910 -1.118480 0 -14.643600 -12.962800 199.519000 1933.050000 -13 350 1 0 1.000000
-3.587060 1.643280 0 -10.996700 -3.819600 190.154000 1933.140000 -13 351 1 0 1.000000
-1.362350 0.810621 0 -8.135660 12.909900 193.401000 1933.370000 -13 352 1 0 1.000000
-0.642741 -3.768720 0 10.604000 -15.775900 193.988000 1933.080000 -13 353 1 0 1.000000
-2.233580 -2.691260 0 -4.236440 8.022780 190.057000 1933.100000 -13 354 1 0 1.000000
-3.870400 -2.057300 0 9.743030 -15.393800 191.012000 1933.100000 -13 355 1 0 1.000000
-2.141090 -0.081817 0 9.278250 14.241300 214.580000 1933.190000 -13 356 1 0 1.000000
-0.334312 -0.734629 0 2.068050 10.345900 198.435000 1933.250000 -13 357 1 0 1.000000
-0.623750 -2.995670 0 -7.282870 -5.340980 190.127000 1933.110000 -13 358 1 0 1.000000
1.866080 -3.085660 0 -6.321910 6.505170 187.460000 1933.310000 -13 359 1 0 1.000000
1.327240 -0.524690 0 -6.337310 -14.693800 192.111000 1933.200000 -13 360 1 0 1.000000
-2.180530 -0.579094 0 -0.610459 1.987680 202.808000 1933.120000 -13 361 1 0 1.000000
-3.537750 -2.109430 0 -4.489080 14.797500 195.462000 1933.200000 -13 362 1 0 1.000000
-1.224960 -2.949150 0 -4.735210 3.375280 208.410000 1933.140000 -13 363 1 0 1.000000
-0.038363 -1.690770 0 8.792900 -6.897120 203.230000 1933.130000 -13 364 1 0 1.000000
-2.577330 1.940740 0 -9.236240 -21.459100 188.785000 1933.220000 -13 365 1 0 1.000000
1.002040 -3.249790 0 3.325620 6.669050 198.591000 1933.130000 -13 366 1 0 1.000000
-1.012500 -1.731950 0 0.623313 -6.772040 206.159000 1933.220000 -13 367 1 0 1.000000
-2.091390 -2.654850 0 -15.260100 7.368480 199.416000 1933.210000 -13 368 1 0 1.000000
0.203241 -3.049240 0 -5.589570 7.319330 197.640000 1933.110000 -13 369 1 0 1.000000
-0.802717 -3.478270 0 2.456260 -11.313400 185.765000 1933.220000 -13 370 1 0 1.000000
0.192754 -4.130120 0 8.081170 2.451630 186.015000 1933.160000 -13 371 1 0 1.000000
-1.605580 -3.618220 0 6.209400 -0.669062 206.158000 1933.190000 -13 372 1 0 1.000000
-0.590661 -1.390730 0 -2.823270 16.438600 207.131000 1933.300000 -13 373 1 0 1.000000
-1.252560 -2.332120 0 6.302430 -9.418600 190.273000 1933.120000 -13 374 1 0 1.000000
-2.915460 -0.283869 0 -9.425400 -13.191500 199.529000 1933.230000 -13 375 1 0 1.000000
-1.858020 2.307410 0 -5.478040 -19.452100 197.769000 1933.220000 -13 376 1 0 1.000000
-1.346870 -0.339355 0 -6.265120 3.026720 193.350000 1933.250000 -13 377 1 0 1.000000
-2.106470 -1.210190 0 -7.680130 9.747180 202.925000 1933.150000 -13 378 1 0 1.000000
-1.515920 -1.936990 0 4.500800 13.818700 184.237000 1933.110000 -13 379 1 0 1.000000
-0.541388 -0.816938 0 -4.598740 -22.322500 190.947000 1933.110000 -13 380 1 0 1.000000
-0.584453 -0.682444 0 15.779700 -9.461680 206.586000 1933.220000 -13 381 1 0 1.000000
-1.505640 -1.339090 0 6.353210 -2.933860 205.239000 1933.200000 -13 382 1 0 1.000000
-1.073670 -3.080530 0 5.099550 -1.910280 188.275000 1933.080000 -13 383 1 0 1.000000
-4.131930 -0.688785 0 -6.613240 -5.489030 197.472000 1933.040000 -13 384 1 0 1.000000
-2.569140 -1.410380 0 1.024400 -3.170320 207.211000 1933.190000 -13 385 1 0 1.000000
-1.714020 -2.734500 0 6.232630 -9.217280 199.890000 1933.150000 -13 386 1 0 1.000000
-0.951381 0.540301 0 6.972640 6.179410 200.878000 1933.240000 -13 387 1 0 1.000000
-4.241230 -2.026690 0 9.791510 -5.018620 188.965000 1933.050000 -13 388 1 0 1.000000
-0.055652 -1.847450 0 6.510180 5.970140 199.318000 1933.150000 -13 389 1 0 1.000000
-1.086300 -2.263110 0 3.899030 -16.030900 184.499000 1933.240000 -13 390 1 0 1.000000
-1.641420 -3.928340 0 5.702020 11.831300 206.664000 1933.230000 -13 391 1 0 1.000000
-4.003070 -0.635525 0 -0.524269 -12.985700 187.147000 1933.310000 -13 392 1 0 1.000000
-1.975990 -1.197850 0 1.376430 -17.431500 192.129000 1933.250000 -13 393 1 0 1.000000
-1.565690 -0.612889 0 -1.754900 -13.261500 208.283000 1933.100000 -13 394 1 0 1.000000
-3.272440 -3.473550 0 -4.236920 -20.689000 190.319000 1933.140000 -13 395 1 0 1.000000
-0.741809 -3.992770 0 -1.920280 0.386331 192.003000 1933.150000 -13 396 1 0 1.000000
-4.185180 0.022220 0 3.447900 6.164580 195.183000 1933.220000 -13 397 1 0 1.000000
-0.877122 -2.909960 0 12.811900 6.676420 187.739000 1933.380000 -13 398 1 0 1.000000
2.468770 -1.495780 0 -2.021240 18.452400 192.240000 1933.180000 -13 399 1 0 1.000000
0.093594 -2.105810 0 9.775590 -6.299710 180.469000 1933.100000 -13 400 1 0 1.000000
-1.115720 0.061597 0 1.311840 22.407200 191.662000 1933.200000 -13 401 1 0 1.000000
1.196930 -1.738950 0 -10.388100 -15.239400 192.130000 1933.180000 -13 402 1 0 1.000000
-0.105782 -1.317710 0 6.745980 3.528840 194.962000 1933.040000 -13 403 1 0 1.000000
2.196390 1.398080 0 3.620890 -2.193400 187.871000 1933.140000 -13 404 1 0 1.000000
-0.847165 -2.847430 0 7.599290 -5.715860 210.889000 1933.200000 -13 405 1 0 1.000000
-0.732500 -0.169902 0 1.627760 -11.278200 199.865000 1933.120000 -13 406 1 0 1.000000
-0.469927 0.891762 0 -2.218460 -13.658800 202.098000 1933.230000 -13 407 1 0 1.000000
0.904606 -4.147980 0 -4.295010 -0.873253 208.217000 1933.200000 -13 408 1 0 1.000000
-1.788860 -0.746224 0 14.977000 -9.659510 189.637000 1933.190000 -13 409 1 0 1.000000
0.532662 -3.027640 0 -2.250580 0.239445 186.714000 1933.220000 -13 410 1 0 1.000000
1.075990 -1.797020 0 -12.550000 19.928700 179.775000 1933.200000 -13 411 1 0 1.000000
0.285446 -2.601270 0 -1.773100 13.157500 197.257000 1933.180000 -13 412 1 0 1.000000
-1.745110 -0.587783 0 -12.147500 -1.773550 212.544000 1933.140000 -13 413 1 0 1.000000
-2.912270 0.951064 0 -8.140970 8.283450 205.156000 1933.020000 -13 414 1 0 1.000000
-3.526910 -1.005680 0 -10.295100 -0.665979 207.830000 1933.120000 -13 415 1 0 1.000000
-2.757440 -0.084810 0 4.470550 7.206710 194.325000 1933.230000 -13 416 1 0 1.000000
-3.977610 0.123536 0 2.821580 16.127200 206.579000 1933.120000 -13 417 1 0 1.000000
-0.330538 -1.496090 0 -10.447900 -1.811470 193.397000 1933.050000 -13 418 1 0 1.000000
-1.509200 -1.460520 0 7.710930 -13.362200 182.602000 1933.120000 -13 419 1 0 1.000000
-1.921660 -2.186650 0 -15.757800 -6.191790 193.783000 1933.210000 -13 420 1 0 1.000000
-2.752730 -3.439460 0 -5.040580 -19.375700 199.874000 1933.200000 -13 421 1 0 1.000000
1.206130 -1.544580 0 -4.507770 13.435600 181.588000 1933.260000 -13 422 1 0 1.000000
-0.276243 -1.851040 0 -8.926100 0.813090 184.555000 1933.230000 -13 423 1 0 1.000000
0.001510 -2.727790 0 0.320384 3.734650 180.166000 1933.230000 -13 424 1 0 1.000000
-0.409687 -2.624630 0 8.858160 -4.911180 191.124000 1933.150000 -13 425 1 0 1.000000
-2.044160 -2.193910 0 2.115390 -16.685200 197.440000 1933.130000 -13 426 1 0 1.000000
-2.433550 -0.627104 0 -2.550150 -19.798200 186.159000 1933.200000 -13 427 1 0 1.000000
0.566708 -1.301170 0 8.055950 -8.140820 184.906000 1933.250000 -13 428 1 0 1.000000
-2.467210 0.139792 0 -1.504750 -2.462270 189.089000 1933.090000 -13 429 1 0 1.000000
-1.465660 1.167930 0 -0.981855 -18.991800 176.488000 1933.210000 -13 430 1 0 1.000000
0.283011 -1.980850 0 14.008400 -7.008750 195.218000 1933.150000 -13 431 1 0 1.000000
-2.239670 -0.459777 0 -2.762960 -6.478560 187.893000 1933.180000 -13 432 1 0 1.000000
-0.782098 -1.180610 0 0.423561 -7.198800 182.782000 1933.210000 -13 433 1 0 1.000000
-3.261610 -2.900760 0 -0.257926 -2.824660 206.308000 1933.150000 -13 434 1 0 1.000000
0.310731 -1.314640 0 13.152700 -8.074640 191.525000 1933.130000 -13 435 1 0 1.000000
-1.183980 0.466530 0 3.236520 3.380150 203.747000 1933.140000 -13 436 1 0 1.000000
-3.510610 -2.946310 0 15.642200 -4.594630 207.200000 1933.150000 -13 437 1 0 1.000000
1.001150 -0.614042 0 10.718700 9.360190 199.079000 1933.140000 -13 438 1 0 1.000000
0.299998 -0.651659 0 -8.862750 -1.185200 200.140000 1933.240000 -13 439 1 0 1.000000
-2.028780 1.191830 0 -2.956040 0.916942 192.255000 1933.310000 -13 440 1 0 1.000000
-0.041521 -4.027440 0 -4.993630 -3.386890 179.865000 1933.150000 -13 441 1 0 1.000000
-1.391670 -1.758600 0 6.502440 -12.951700 188.769000 1933.310000 -13 442 1 0 1.000000
0.562603 -0.671270 0 7.499510 -0.019381 187.475000 1933.030000 -13 443 1 0 1.000000
-1.277960 -2.676160 0 7.585980 -9.668150 179.786000 1933.110000 -13 444 1 0 1.000000
-4.434040 -0.949328 0 5.255930 16.740300 202.993000 1933.270000 -13 445 1 0 1.000000
1.266540 -3.688020 0 4.059380 -1.302130 186.130000 1933.230000 -13 446 1 0 1.000000
0.465842 -2.198130 0 -21.733300 2.206750 196.783000 1933.190000 -13 447 1 0 1.000000
-2.038610 -4.426090 0 1.930220 8.318130 182.227000 1933.210000 -13 448 1 0 1.000000
-1.529280 -1.192610 0 0.453128 -18.398200 192.888000 1933.200000 -13 449 1 0 1.000000
-0.878061 1.389490 0 0.330804 2.487030 189.466000 1933.120000 -13 450 1 0 1.000000
-0.164563 -2.324680 0 2.558930 -6.320520 196.795000 1933.100000 -13 451 1 0 1.000000
-1.443530 0.110846 0 6.913660 -4.844000 190.555000 1933.100000 -13 452 1 0 1.000000
-2.558730 -1.719310 0 11.985000 13.254500 183.908000 1933.120000 -13 453 1 0 1.000000
-2.250940 -4.809200 0 -5.282270 -5.009730 199.291000 1933.280000 -13 454 1 0 1.000000
-1.294330 0.796590 0 -12.176200 -8.230090 204.713000 1933.150000 -13 455 1 0 1.000000
-3.060990 -2.438860 0 1.154950 -10.462600 208.258000 1933.200000 -13 456 1 0 1.000000
-0.084662 -0.369788 0 -6.057000 9.882980 195.586000 1933.160000 -13 457 1 0 1.000000
-2.940250 -0.462545 0 -1.954770 11.941700 197.863000 1933.120000 -13 458 1 0 1.000000
-4.653730 -0.105208 0 -9.869260 13.033900 195.842000 1933.110000 -13 459 1 0 1.000000
-1.281930 -3.061350 0 15.446400 -7.473710 187.579000 1933.130000 -13 460 1 0 1.000000
-2.709200 0.187840 0 5.311260 21.035600 192.432000 1933.250000 -13 461 1 0 1.000000
-1.509520 -2.332530 0 -7.271100 6.455870 195.662000 1933.120000 -13 462 1 0 1.000000
-0.588622 -0.767650 0 -11.690600 -14.023400 184.459000 1933.140000 -13 463 1 0 1.000000
-1.294510 -0.891122 0 1.017380 1.019880 192.264000 1933.080000 -13 464 1 0 1.000000
-0.937193 -2.378790 0 -3.930930 -5.138280 192.258000 1933.200000 -13 465 1 0 1.000000
-0.859683 -1.296010 0 -0.106385 1.089610 191.425000 1933.120000 -13 466 1 0 1.000000
-0.868823 -2.640900 0 16.151000 10.110200 197.723000 1933.070000 -13 467 1 0 1.000000
-1.369250 -1.242280 0 -10.343300 18.858200 196.261000 1933.300000 -13 468 1 0 1.000000
-2.106270 -1.258640 0 -6.650500 5.831860 198.778000 1933.270000 -13 469 1 0 1.000000
-0.170684 -2.245090 0 -7.035730 5.310760 197.317000 1933.110000 -13 470 1 0 1.000000
-1.314540 -4.243130 0 -5.944170 12.415000 182.798000 1933.060000 -13 471 1 0 1.000000
-0.924635 -1.402660 0 -13.351200 19.777900 198.737000 1933.090000 -13 472 1 0 1.000000
-3.033930 -1.313470 0 9.925960 -8.323720 205.980000 1933.170000 -13 473 1 0 1.000000
-0.467800 0.615892 0 -3.827320 5.247720 213.495000 1933.080000 -13 474 1 0 1.000000
-1.259360 1.001460 0 9.067230 3.027130 203.086000 1933.300000 -13 475 1 0 1.000000
-1.248370 1.040470 0 -3.793980 1.103470 203.616000 1933.140000 -13 476 1 0 1.000000
-0.919737 -1.705730 0 6.429740 3.152130 197.275000 1933.190000 -13 477 1 0 1.000000
-2.331840 -0.704489 0 2.157290 14.025600 194.185000 1933.270000 -13 478 1 0 1.000000
-0.889411 -2.937880 0 -11.987600 -7.267150 204.075000 1933.060000 -13 479 1 0 1.000000
-0.300679 -0.652218 0 0.300657 -5.638600 199.675000 1933.050000 -13 480 1 0 1.000000
-1.453090 -0.974652 0 -5.729750 10.798800 200.277000 1933.150000 -13 481 1 0 1.000000
-1.272960 0.833276 0 -13.024400 16.733200 191.975000 1933.140000 -13 482 1 0 1.000000
-0.525687 -2.770900 0 -0.826255 0.278395 182.474000 1933.240000 -13 483 1 0 1.000000
-0.095866 -2.265990 0 -20.941200 4.675860 197.148000 1933.240000 -13 484 1 0 1.000000
-2.294540 -4.134400 0 8.144690 -24.742300 202.636000 1933.150000 -13 485 1 0 1.000000
-3.323990 1.947630 0 -20.876800 -13.561400 209.741000 1933.200000 -13 486 1 0 1.000000
-2.682050 -0.533447 0 -25.016900 1.223340 196.912000 1933.280000 -13 487 1 0 1.000000
1.296430 -2.051240 0 -2.549210 -5.553850 206.179000 1933.070000 -13 488 1 0 1.000000
-1.880600 -0.298230 0 -11.226700 -13.637800 192.110000 1933.200000 -13 489 1 0 1.000000
-2.915110 2.187370 0 -17.618300 -11.720300 193.345000 1933.200000 -13 490 1 0 1.000000
-1.083990 0.952327 0 2.544690 9.026930 199.479000 1933.220000 -13 491 1 0 1.000000
-2.408210 0.797382 0 5.440390 10.414600 186.536000 1933.060000 -13 492 1 0 1.000000
0.368608 -2.191790 0 -17.516900 9.283270 207.088000 1933.180000 -13 493 1 0 1.000000
-1.383450 -2.036680 0 -5.410130 -9.555570 184.070000 1933.110000 -13 494 1 0 1.000000
-2.654800 -2.788480 0 -2.569840 -7.166680 198.749000 1933.210000 -13 495 1 0 1.000000
-0.934078 -1.998620 0 -8.218860 -6.373230 205.661000 1933.090000 -13 496 1 0 1.000000
-0.430561 -3.203410 0 -16.514000 5.983610 190.186000 1933.090000 -13 497 1 0 1.000000
-0.886687 -3.402220 0 13.812400 -6.890870 197.576000 1933.080000 -13 498 1 0 1.000000
-0.289168 -4.483190 0 8.625820 -4.718370 193.925000 1933.230000 -13 499 1 0 1.000000
0.572890 0.437258 0 -1.990490 8.810580 203.669000 1933.170000 -13 500 1 0 1.000000
-1.941290 -1.514890 0 -2.932380 6.008370 190.474000 1933.040000 -13 501 1 0 1.000000
-1.961430 -3.138600 0 4.695210 7.229170 197.035000 1933.070000 -13 502 1 0 1.000000
0.022753 -1.472070 0 3.901280 12.239900 203.672000 1933.220000 -13 503 1 0 1.000000
0.274186 -1.604620 0 9.368120 -8.440380 203.702000 1933.300000 -13 504 1 0 1.000000
-1.044200 -2.341660 0 5.206880 -13.730400 207.907000 1933.090000 -13 505 1 0 1.000000
-0.876089 -0.345924 0 17.219600 -0.627557 194.864000 1933.100000 -13 506 1 0 1.000000
0.056224 -3.644650 0 14.662600 -3.736120 191.961000 1933.310000 -13 507 1 0 1.000000
-1.178670 0.164799 0 -3.851250 -0.038161 189.548000 1933.130000 -13 508 1 0 1.000000
0.073884 -2.182830 0 -9.035540 -6.456140 199.257000 1933.160000 -13 509 1 0 1.000000
-0.094890 -0.693245 0 7.043880 14.610100 195.233000 1933.080000 -13 510 1 0 1.000000
-0.605655 -0.455424 0 16.499400 1.235150 196.771000 1933.150000 -13 511 1 0 1.000000
-1.301520 -1.950910 0 5.966520 7.756700 190.556000 1933.090000 -13 512 1 0 1.000000
1.411690 -0.966691 0 -7.388280 24.959700 182.965000 1933.080000 -13 513 1 0 1.000000
-0.796013 -1.551450 0 1.260990 12.645000 207.399000 1933.310000 -13 514 1 0 1.000000
-2.353170 -0.514365 0 -2.888240 13.146200 201.794000 1933.020000 -13 515 1 0 1.000000
-1.944110 -0.664344 0 -3.606680 2.327850 184.680000 1933.090000 -13 516 1 0 1.000000
-2.753920 -0.306532 0 11.356900 -5.627430 200.281000 1933.300000 -13 517 1 0 1.000000
-1.902880 -2.331950 0 -13.173100 6.157900 213.343000 1933.060000 -13 518 1 0 1.000000
-1.939700 -0.045988 0 0.374944 4.347400 193.379000 1933.080000 -13 519 1 0 1.000000
0.690980 -2.207540 0 -7.039730 2.951060 187.015000 1933.100000 -13 520 1 0 1.000000
-3.152760 -1.460870 0 15.061600 0.190577 192.515000 1933.120000 -13 521 1 0 1.000000
0.661044 -1.690410 0 -4.326170 4.993380 185.932000 1933.170000 -13 522 1 0 1.000000
-1.568080 -2.891800 0 10.949100 9.640150 188.711000 1933.210000 -13 523 1 0 1.000000
-2.200330 -2.353760 0 -14.752300 11.897800 199.256000 1933.260000 -13 524 1 0 1.000000
0.424769 0.831288 0 -6.476330 -6.682450 196.806000 1933.090000 -13 525 1 0 1.000000
-0.291523 -0.842825 0 13.557700 0.991190 183.063000 1933.310000 -13 526 1 0 1.000000
-4.753660 -2.693560 0 2.697130 -10.399700 187.404000 1933.190000 -13 527 1 0 1.000000
-0.468695 -2.143470 0 -14.240400 1.005630 182.927000 1933.060000 -13 528 1 0 1.000000
-4.333240 -2.711390 0 -2.278730 14.091500 204.997000 1933.210000 -13 529 1 0 1.000000
-0.966425 -1.894470 0 6.422940 3.075130 196.724000 1933.090000 -13 530 1 0 1.000000
-0.169620 -3.425640 0 20.604900 6.230890 182.699000 1933.190000 -13 531 1 0 1.000000
-1.784410 0.526440 0 10.693900 5.664370 184.228000 1933.160000 -13 532 1 0 1.000000
0.403098 -1.592010 0 -9.784450 -5.669560 197.449000 1933.100000 -13 533 1 0 1.000000
2.062050 0.403617 0 0.190211 -3.470280 196.792000 1933.190000 -13 534 1 0 1.000000
-0.355376 -3.391830 0 4.739230 2.960410 183.088000 1933.190000 -13 535 1 0 1.000000
-2.981580 -1.384720 0 -10.352300 4.208570 192.694000 1933.190000 -13 536 1 0 1.000000
-0.777103 -1.910940 0 -16.389600 15.739300 205.492000 1933.170000 -13 537 1 0 1.000000
-2.698600 -2.448180 0 -17.590200 -2.860720 191.079000 1933.180000 -13 538 1 0 1.000000
-0.258606 -0.172989 0 -26.535200 22.771200 194.648000 1933.130000 -13 539 1 0 1.000000
-2.030890 0.807353 0 4.439940 -30.310600 191.372000 1933.180000 -13 540 1 0 1.000000
-0.280014 -3.888600 0 18.785000 1.508220 182.483000 1933.100000 -13 541 1 0 1.000000
0.086694 1.182510 0 -8.439260 6.782930 199.136000 1933.170000 -13 542 1 0 1.000000
-1.841750 -0.000032 0 2.049820 -1.498010 192.791000 1933.110000 -13 543 1 0 1.000000
1.259140 -0.120346 0 -2.241540 -10.532100 211.988000 1933.160000 -13 544 1 0 1.000000
-1.750420 -0.133075 0 2.026540 16.329000 195.772000 1933.190000 -13 545 1 0 1.000000
-3.858830 -1.854830 0 2.403020 -18.468400 193.333000 1933.230000 -13 546 1 0 1.000000
-3.291870 -0.586766 0 7.051710 -11.710000 192.142000 1933.050000 -13 547 1 0 1.000000
-5.358960 -3.736860 0 -1.994650 9.214720 205.458000 1933.170000 -13 548 1 0 1.000000
-1.190400 1.826720 0 -4.964990 8.989090 199.716000 1933.170000 -13 549 1 0 1.000000
0.580205 -2.132210 0 8.939830 0.319076 193.127000 1933.370000 -13 550 1 0 1.000000
-2.918410 -3.651960 0 -0.742590 5.267720 196.716000 1933.040000 -13 551 1 0 1.000000
-0.751661 -3.278270 0 2.284700 6.343830 191.365000 1933.270000 -13 552 1 0 1.000000
-3.534360 -3.649370 0 9.034380 -22.447100 207.461000 1933.120000 -13 553 1 0 1.000000
1.226540 -0.794709 0 -3.065520 -7.597480 191.199000 1933.230000 -13 554 1 0 1.000000
-1.202370 -0.150394 0 10.022200 -5.251720 190.302000 1933.190000 -13 555 1 0 1.000000
-1.033130 -3.351100 0 11.994800 -5.018860 208.992000 1933.070000 -13 556 1 0 1.000000
-1.102730 -0.788799 0 0.077617 11.045200 181.530000 1933.150000 -13 557 1 0 1.000000
-0.125245 -1.219160 0 6.333520 -2.914560 200.773000 1933.180000 -13 558 1 0 1.000000
0.060188 -3.040190 0 0.661136 17.085800 187.335000 1933.110000 -13 559 1 0 1.000000
0.352962 -2.700590 0 -10.495000 -8.100830 188.336000 1933.300000 -13 560 1 0 1.000000
-2.339430 -1.879630 0 6.335880 -3.215360 191.683000 1933.060000 -13 561 1 0 1.000000
1.063300 -1.783790 0 1.708340 -18.221500 192.354000 1933.120000 -13 562 1 0 1.000000
0.149449 -2.676330 0 -1.144510 3.569990 183.088000 1933.180000 -13 563 1 0 1.000000
-0.707426 -2.257560 0 -4.614700 7.994300 203.016000 1933.300000 -13 564 1 0 1.000000
-1.339460 -1.524170 0 -17.969100 -6.718330 182.114000 1933.110000 -13 565 1 0 1.000000
2.191730 -4.100220 0 -5.268590 -1.384470 191.680000 1933.220000 -13 566 1 0 1.000000
-3.836080 -2.098380 0 9.082420 9.753540 195.461000 1933.200000 -13 567 1 0 1.000000
-0.936848 -1.119920 0 -8.364210 9.925310 194.495000 1933.150000 -13 568 1 0 1.000000
-2.819240 0.443498 0 -10.210600 -18.826300 207.475000 1933.250000 -13 569 1 0 1.000000
-1.341870 -0.958111 0 0.102038 -8.926390 191.634000 1933.100000 -13 570 1 0 1.000000
-0.762049 0.737261 0 -13.809100 1.898060 191.202000 1933.130000 -13 571 1 0 1.000000
-1.726310 -0.331526 0 9.856460 18.564000 212.602000 1933.230000 -13 572 1 0 1.000000
-1.442120 -2.197050 0 13.123100 -8.113540 207.884000 1933.140000 -13 573 1 0 1.000000
0.624506 -2.557730 0 -10.953300 12.400900 186.956000 1933.260000 -13 574 1 0 1.000000
-4.369090 -0.835906 0 1.888770 15.595000 199.213000 1933.350000 -13 575 1 0 1.000000
-1.124950 0.593863 0 -3.386500 -8.025910 188.918000 1933.140000 -13 576 1 0 1.000000
-0.608572 -4.624310 0 4.822550 4.851670 211.087000 1933.110000 -13 577 1 0 1.000000
-2.044970 -1.416880 0 3.477440 7.250820 191.782000 1933.150000 -13 578 1 0 1.000000
-0.396593 -0.703286 0 -9.350150 1.285930 201.038000 1933.350000 -13 579 1 0 1.000000
-1.819760 -1.807720 0 -6.783800 10.606600 198.718000 1933.140000 -13 580 1 0 1.000000
-0.868613 -2.411990 0 -13.123200 -16.506400 192.475000 1933.060000 -13 581 1 0 1.000000
-1.350600 -3.933180 0 -13.376600 1.493150 189.712000 1933.210000 -13 582 1 0 1.000000
0.655008 1.200720 0 -21.942500 1.020540 204.675000 1933.240000 -13 583 1 0 1.000000
-2.488760 -2.193910 0 -8.240470 10.312900 193.508000 1933.140000 -13 584 1 0 1.000000
-1.847970 -0.217732 0 -1.406550 -7.152680 186.247000 1933.180000 -13 585 1 0 1.000000
-0.319972 -2.505220 0 4.685210 6.461970 191.992000 1933.220000 -13 586 1 0 1.000000
0.864746 -0.820930 0 10.003800 5.914240 182.667000 1933.200000 -13 587 1 0 1.000000
-3.179200 1.254180 0 10.517800 -10.101400 197.606000 1933.180000 -13 588 1 0 1.000000
-1.416950 2.165480 0 -9.317100 -9.099620 193.130000 1933.060000 -13 589 1 0 1.000000
-3.517070 0.237285 0 -4.562430 -23.030600 197.912000 1933.160000 -13 590 1 0 1.000000
0.243517 -0.893036 0 -2.837300 6.715050 201.512000 1933.310000 -13 591 1 0 1.000000
0.840450 0.145795 0 -2.468230 5.717360 188.446000 1933.150000 -13 592 1 0 1.000000
-0.261346 -2.740330 0 6.223850 6.156190 193.570000 1933.210000 -13 593 1 0 1.000000
0.302731 -0.862445 0 -25.355900 -3.462460 178.615000 1933.200000 -13 594 1 0 1.000000
-1.545550 -0.297821 0 -16.373200 2.322080 193.432000 1933.030000 -13 595 1 0 1.000000
-1.052210 -2.304410 0 17.297100 -0.976213 186.479000 1933.110000 -13 596 1 0 1.000000
-0.002457 -3.827650 0 16.465700 -2.780240 211.408000 1933.130000 -13 597 1 0 1.000000
1.314120 0.778680 0 -6.651750 7.235930 203.195000 1933.130000 -13 598 1 0 1.000000
-1.383730 -0.832173 0 3.633250 -21.447800 199.870000 1933.150000 -13 599 1 0 1.000000
1.093430 -3.354450 0 -1.417950 3.020460 193.922000 1933.350000 -13 600 1 0 1.000000
-0.904075 -0.653089 0 4.979890 6.287150 197.761000 1933.120000 -13 601 1 0 1.000000
1.585740 -0.919368 0 -8.696020 13.616900 190.573000 1933.220000 -13 602 1 0 1.000000
-1.807280 0.022450 0 -5.667560 -17.244800 197.217000 1933.170000 -13 603 1 0 1.000000
-0.179645 -4.235240 0 12.535100 15.048100 212.690000 1933.180000 -13 604 1 0 1.000000
-0.371042 -2.172450 0 -7.732240 -4.130000 184.429000 1933.080000 -13 605 1 0 1.000000
-0.829346 -3.467190 0 -8.641390 10.228100 200.218000 1933.120000 -13 606 1 0 1.000000
0.484472 -1.544980 0 4.603730 1.686480 192.403000 1933.110000 -13 607 1 0 1.000000
-1.198180 -1.205710 0 2.386330 -13.438900 181.085000 1933.100000 -13 608 1 0 1.000000
0.746950 -3.093010 0 10.258900 -3.863220 188.499000 1933.080000 -13 609 1 0 1.000000
-0.300755 -2.782830 0 6.393700 -3.004580 195.439000 1933.110000 -13 610 1 0 1.000000
-1.183680 -0.705570 0 10.672600 5.686300 185.248000 1933.170000 -13 611 1 0 1.000000
0.169464 -2.566080 0 6.549670 13.214800 199.424000 1933.050000 -13 612 1 0 1.000000
-1.829740 0.222098 0 -7.461430 4.208290 215.013000 1933.190000 -13 613 1 0 1.000000
-2.731070 1.056340 0 1.690270 -4.466730 206.991000 1933.150000 -13 614 1 0 1.000000
-1.424850 -2.506910 0 12.464500 11.407000 188.048000 1933.120000 -13 615 1 0 1.000000
-2.063050 -0.581762 0 18.595600 -1.732370 211.624000 1933.170000 -13 616 1 0 1.000000
0.125051 -0.361567 0 7.929110 3.077380 189.607000 1933.240000 -13 617 1 0 1.000000
0.650415 -1.907100 0 13.622000 -10.151700 195.659000 1933.140000 -13 618 1 0 1.000000
-0.274622 -2.318640 0 13.949400 -5.956310 194.758000 1933.140000 -13 619 1 0 1.000000
-1.364490 -2.307820 0 -12.819100 -3.253850 187.271000 1933.150000 -13 620 1 0 1.000000
-1.952960 -2.543990 0 5.285400 -15.543900 196.019000 1933.050000 -13 621 1 0 1.000000
-0.185956 -1.316680 0 -9.095240 22.442000 198.361000 1933.340000 -13 622 1 0 1.000000
-1.330360 -2.300860 0 -15.623500 1.707840 189.604000 1933.060000 -13 623 1 0 1.000000
-1.556230 -1.562150 0 -11.785400 -4.997380 204.952000 1933.340000 -13 624 1 0 1.000000
0.189603 -4.000200 0 14.618500 -6.138130 184.095000 1933.100000 -13 625 1 0 1.000000
-2.812270 -1.275830 0 11.728200 13.506000 206.624000 1933.370000 -13 626 1 0 1.000000
0.006211 -3.816800 0 -0.860029 19.141000 209.979000 1933.250000 -13 627 1 0 1.000000
-0.425891 -3.118630 0 13.496200 1.999270 198.000000 1933.280000 -13 628 1 0 1.000000
0.620487 -3.515510 0 -0.783483 -4.529990 198.975000 1933.100000 -13 629 1 0 1.000000
-1.408350 0.352737 0 -0.961946 -2.446150 198.384000 1933.110000 -13 630 1 0 1.000000
-1.070440 -3.080860 0 -6.996070 4.126840 208.272000 1933.200000 -13 631 1 0 1.000000
-0.906905 -2.690550 0 3.708250 12.875000 200.403000 1933.320000 -13 632 1 0 1.000000
-3.338220 -1.655300 0 0.226240 -0.856577 196.938000 1933.220000 -13 633 1 0 1.000000
-2.439750 -0.386319 0 1.217350 -8.339200 186.229000 1933.080000 -13 634 1 0 1.000000
1.097740 -0.131199 0 11.822100 4.330760 192.258000 1933.130000 -13 635 1 0 1.000000
-2.344810 -3.647220 0 14.003100 -15.541500 199.142000 1933.110000 -13 636 1 0 1.000000
1.102770 -0.774646 0 1.368920 -11.005500 186.099000 1933.150000 -13 637 1 0 1.000000
-0.942918 -1.128990 0 -1.003310 1.858640 194.118000 1933.150000 -13 638 1 0 1.000000
-1.745750 -2.083850 0 -6.849140 -16.995300 194.272000 1933.170000 -13 639 1 0 1.000000
-1.989050 -0.621618 0 -2.750750 3.531000 194.732000 1933.200000 -13 640 1 0 1.000000
-1.519900 1.422700 0 -15.125200 -3.765860 189.325000 1933.340000 -13 641 1 0 1.000000
-5.191490 -1.446560 0 2.949180 -6.071920 202.150000 1933.130000 -13 642 1 0 1.000000
-1.188160 -2.399090 0 -13.583200 14.228700 196.765000 1933.130000 -13 643 1 0 1.000000
1.346440 -0.802744 0 -8.003990 -3.740180 195.368000 1933.000000 -13 644 1 0 1.000000
-1.755750 -1.012950 0 -0.296479 5.830840 209.950000 1933.230000 -13 645 1 0 1.000000
-2.439070 -2.273560 0 5.985930 7.659200 189.197000 1933.080000 -13 646 1 0 1.000000
-1.505640 -3.550330 0 -5.323070 -23.928900 204.011000 1933.010000 -13 647 1 0 1.000000
-1.094890 -0.634681 0 7.374270 -5.903640 193.646000 1933.160000 -13 648 1 0 1.000000
-0.763302 -3.839540 0 -4.137790 14.352100 211.103000 1933.270000 -13 649 1 0 1.000000
-3.263780 0.740765 0 3.331750 -6.548110 197.644000 1933.300000 -13 650 1 0 1.000000
-2.280530 -1.293170 0 8.877170 -17.411500 202.878000 1933.120000 -13 651 1 0 1.000000
-0.668653 -3.895360 0 -15.112500 -21.085900 195.296000 1933.040000 -13 652 1 0 1.000000
-1.848740 -1.495890 0 -4.315690 7.689690 193.171000 1933.200000 -13 653 1 0 1.000000
-2.478810 -1.660800 0 1.673400 -1.288420 194.816000 1933.190000 -13 654 1 0 1.000000
-2.907490 -1.563590 0 4.431700 -4.902490 189.710000 1933.080000 -13 655 1 0 1.000000
-1.365760 -0.797866 0 -2.917300 5.179420 186.238000 1933.220000 -13 656 1 0 1.000000
-1.195240 -0.248421 0 6.634640 -7.630130 203.635000 1933.170000 -13 657 1 0 1.000000
0.513049 1.494160 0 -2.175860 -12.623900 200.667000 1933.080000 -13 658 1 0 1.000000
-0.096867 -0.757245 0 -2.407440 12.268900 200.636000 1933.120000 -13 659 1 0 1.000000
-3.522830 -2.031570 0 -0.686112 -11.774900 192.271000 1933.150000 -13 660 1 0 1.000000
-1.286800 -2.241920 0 -8.641390 -10.376200 192.590000 1933.170000 -13 661 1 0 1.000000
-1.245560 -3.378220 0 -4.679740 -11.590300 210.653000 1933.240000 -13 662 1 0 1.000000
-1.517690 1.461440 0 18.011300 13.976500 192.056000 1933.110000 -13 663 1 0 1.000000
-2.589250 -1.860560 0 1.367800 -20.851400 202.590000 1933.260000 -13 664 1 0 1.000000
0.346263 -2.158380 0 -0.002191 -2.689450 187.488000 1933.200000 -13 665 1 0 1.000000
-1.224790 -0.882971 0 -1.568840 15.636600 208.278000 1933.090000 -13 666 1 0 1.000000
0.329391 -1.459830 0 -3.723160 -4.709960 200.365000 1933.130000 -13 667 1 0 1.000000
-4.319940 -1.614260 0 0.137958 6.865710 202.113000 1933.280000 -13 668 1 0 1.000000
-1.041190 -1.901990 0 -7.128970 20.236900 206.161000 1933.160000 -13 669 1 0 1.000000
0.493542 -2.389310 0 3.595320 -6.979620 200.793000 1933.200000 -13 670 1 0 1.000000
-0.394221 -1.904420 0 -16.918200 7.851480 205.431000 1933.110000 -13 671 1 0 1.000000
-3.204610 -2.312170 0 5.664540 13.483800 188.684000 1933.190000 -13 672 1 0 1.000000
-2.403990 -0.775934 0 -10.493900 2.368440 198.276000 1933.200000 -13 673 1 0 1.000000
-2.266070 -0.194499 0 -11.644700 5.130050 188.783000 1933.230000 -13 674 1 0 1.000000
-1.425590 -2.481490 0 12.453700 0.695084 192.824000 1933.310000 -13 675 1 0 1.000000
-0.908487 -2.498950 0 26.189100 -7.795560 199.187000 1933.100000 -13 676 1 0 1.000000
1.775260 -2.130720 0 8.026960 10.952500 196.883000 1933.260000 -13 677 1 0 1.000000
-2.323350 -2.557920 0 6.074510 3.431900 191.882000 1933.180000 -13 678 1 0 1.000000
-0.084666 -1.580630 0 -0.785932 9.348610 189.720000 1933.170000 -13 679 1 0 1.000000
-2.173490 0.725920 0 -1.067100 -10.573700 187.505000 1933.220000 -13 680 1 0 1.000000
-0.832707 2.427410 0 3.309330 -2.670420 193.125000 1933.220000 -13 681 1 0 1.000000
-0.597845 0.435574 0 -21.364000 10.404100 196.481000 1933.290000 -13 682 1 0 1.000000
-1.808200 -4.393870 0 9.748740 -14.641500 189.973000 1933.280000 -13 683 1 0 1.000000
-0.733591 -0.811372 0 -0.607447 1.225220 190.926000 1933.170000 -13 684 1 0 1.000000
-2.344210 -2.850540 0 1.459650 13.534600 199.354000 1933.140000 -13 685 1 0 1.000000
0.005068 -2.720850 0 -2.505880 -12.291000 195.327000 1933.170000 -13 686 1 0 1.000000
-4.071660 -0.766487 0 -5.211640 -12.993600 198.094000 1933.070000 -13 687 1 0 1.000000
-2.832800 -3.303840 0 9.480630 5.502160 196.708000 1933.130000 -13 688 1 0 1.000000
-2.552460 -2.151710 0 -6.355070 -1.573350 202.255000 1933.270000 -13 689 1 0 1.000000
-0.442847 -3.815690 0 19.797400 -5.561290 187.298000 1933.160000 -13 690 1 0 1.000000
-1.125510 -3.473140 0 17.023300 -2.286530 188.398000 1933.230000 -13 691 1 0 1.000000
1.281890 0.644811 0 -7.613410 -0.817989 190.033000 1933.280000 -13 692 1 0 1.000000
1.006370 -2.094910 0 -1.637660 -1.624020 192.992000 1933.150000 -13 693 1 0 1.000000
-0.729482 -1.207310 0 -1.768330 27.356300 188.830000 1933.230000 -13 694 1 0 1.000000
-3.512390 -0.902197 0 0.670451 -19.936100 190.501000 1933.200000 -13 695 1 0 1.000000
-0.349084 -2.834070 0 3.472900 13.882600 184.452000 1933.220000 -13 696 1 0 1.000000
0.548287 -2.350400 0 1.539910 -6.866840 190.476000 1933.080000 -13 697 1 0 1.000000
-2.753110 -1.763880 0 -15.980500 7.243480 207.865000 1933.160000 -13 698 1 0 1.000000
-0.553369 -1.573120 0 -1.735850 15.311400 205.061000 1933.240000 -13 699 1 0 1.000000
-1.712270 1.674950 0 -12.493400 -12.288100 191.714000 1933.050000 -13 700 1 0 1.000000
-1.209680 -1.436870 0 3.484780 17.000500 208.081000 1933.270000 -13 701 1 0 1.000000
-3.735000 -2.966780 0 0.106693 15.966900 199.020000 1933.090000 -13 702 1 0 1.000000
-0.756943 -3.526430 0 13.098300 -6.216050 177.976000 1933.120000 -13 703 1 0 1.000000
-1.049100 0.023114 0 -9.526200 7.346840 178.705000 1933.210000 -13 704 1 0 1.000000
-1.799660 -0.412203 0 -13.657700 8.711690 203.670000 1933.150000 -13 705 1 0 1.000000
0.343860 -2.491600 0 3.698710 19.873100 186.936000 1933.220000 -13 706 1 0 1.000000
1.442640 -2.387420 0 -11.553900 3.753130 186.846000 1933.210000 -13 707 1 0 1.000000
-2.755590 -2.148670 0 3.420950 -5.003920 190.737000 1933.130000 -13 708 1 0 1.000000
0.560926 1.285050 0 -12.991300 -3.239090 185.130000 1933.170000 -13 709 1 0 1.000000
-2.194610 -1.102300 0 14.755600 -20.417000 196.566000 1933.170000 -13 710 1 0 1.000000
1.753310 -3.531220 0 13.748200 4.509240 184.828000 1933.210000 -13 711 1 0 1.000000
-1.672850 1.088640 0 -6.666100 -4.459210 188.337000 1933.120000 -13 712 1 0 1.000000
-1.423460 -3.875280 0 10.993800 -5.956740 210.962000 1933.180000 -13 713 1 0 1.000000
1.598710 -2.533150 0 -4.213500 15.572300 188.729000 1933.210000 -13 714 1 0 1.000000
-2.804860 -0.895215 0 3.127600 -16.466000 209.862000 1933.260000 -13 715 1 0 1.000000
-1.509230 0.795963 0 -3.025570 2.705810 198.739000 1933.120000 -13 716 1 0 1.000000
-0.480438 -2.178570 0 7.737940 17.437800 189.617000 1933.060000 -13 717 1 0 1.000000
-3.017790 -2.186100 0 -6.909760 2.872580 189.149000 1933.120000 -13 718 1 0 1.000000
-3.692040 0.137996 0 -4.085790 -11.111900 201.669000 1933.100000 -13 719 1 0 1.000000
-0.988757 -1.924590 0 -2.541420 -5.843340 191.028000 1933.060000 -13 720 1 0 1.000000
-2.633240 -0.166469 0 -9.311400 -19.947400 183.808000 1933.150000 -13 721 1 0 1.000000
-2.108950 -2.037530 0 -10.383600 0.635210 189.642000 1933.170000 -13 722 1 0 1.000000
-0.202995 -0.755453 0 3.596930 -2.869040 200.710000 1933.130000 -13 723 1 0 1.000000
2.223990 -0.776653 0 -6.825390 -24.933900 191.805000 1933.270000 -13 724 1 0 1.000000
0.820488 -4.363980 0 -2.356170 8.255590 185.456000 1933.110000 -13 725 1 0 1.000000
2.771220 -1.908970 0 5.284560 0.942868 196.541000 1933.250000 -13 726 1 0 1.000000
-2.289930 -3.182140 0 11.557000 22.795800 201.555000 1933.290000 -13 727 1 0 1.000000
-2.421440 1.736970 0 9.213180 17.486300 193.106000 1933.250000 -13 728 1 0 1.000000
0.615004 -3.889810 0 3.487200 14.806300 186.334000 1933.190000 -13 729 1 0 1.000000
-1.969570 0.062489 0 -2.775470 4.306740 185.685000 1933.140000 -13 730 1 0 1.000000
-1.846480 -0.158891 0 0.615976 -2.060640 178.228000 1933.200000 -13 731 1 0 1.000000
-4.244970 -1.335270 0 -1.780770 -8.393900 188.992000 1933.130000 -13 732 1 0 1.000000
-2.002890 -0.194045 0 -10.219600 -14.001700 206.707000 1933.120000 -13 733 1 0 1.000000
-1.893700 0.388092 0 -11.193800 10.775000 189.592000 1933.220000 -13 734 1 0 1.000000
-0.065475 -1.565100 0 3.508310 2.586810 183.867000 1933.180000 -13 735 1 0 1.000000
-5.919010 -3.021850 0 1.656390 3.567420 195.734000 1933.180000 -13 736 1 0 1.000000
1.384790 -1.201110 0 -0.056109 -4.459970 195.514000 1933.170000 -13 737 1 0 1.000000
0.156871 0.439709 0 -12.757000 -5.692020 209.676000 1933.230000 -13 738 1 0 1.000000
-1.474010 0.115791 0 2.011570 -20.454500 190.419000 1933.190000 -13 739 1 0 1.000000
-2.041690 -1.020910 0 -9.515950 -29.329000 194.299000 1933.220000 -13 740 1 0 1.000000
-4.368020 -3.488680 0 2.177900 -11.504700 192.943000 1933.130000 -13 741 1 0 1.000000
-0.207479 -3.197070 0 -7.126660 1.547500 193.439000 1933.200000 -13 742 1 0 1.000000
-1.821860 -2.906920 0 1.313770 -11.400600 191.556000 1933.140000 -13 743 1 0 1.000000
-2.750770 -0.312305 0 7.422600 -8.940650 196.078000 1933.200000 -13 744 1 0 1.000000
-2.752580 -1.611040 0 8.609560 9.128520 210.648000 1933.310000 -13 745 1 0 1.000000
-1.738800 -4.210410 0 -3.149540 -2.696130 202.776000 1933.260000 -13 746 1 0 1.000000
-1.300800 -2.266300 0 -6.975820 3.016620 199.763000 1933.200000 -13 747 1 0 1.000000
-0.868997 1.202310 0 -8.058970 6.210360 186.857000 1933.100000 -13 748 1 0 1.000000
0.369545 -2.432430 0 4.057400 -7.517000 183.125000 1933.150000 -13 749 1 0 1.000000
-2.212190 0.215661 0 20.049900 18.336700 207.731000 1933.150000 -13 750 1 0 1.000000
1.641980 -2.830880 0 -5.721040 11.085300 197.539000 1933.210000 -13 751 1 0 1.000000
-2.195600 0.976451 0 2.262780 12.813400 187.178000 1933.120000 -13 752 1 0 1.000000
-1.715890 -1.127350 0 20.960000 3.265880 203.081000 1933.170000 -13 753 1 0 1.000000
-1.108300 0.382009 0 -11.697800 -10.581100 187.469000 1933.160000 -13 754 1 0 1.000000
-1.934420 -1.103830 0 -3.717670 -9.332720 196.142000 1933.130000 -13 755 1 0 1.000000
-1.324150 -1.113510 0 9.740180 -5.229670 199.129000 1933.180000 -13 756 1 0 1.000000
-2.393160 -0.717222 0 4.761520 -2.207330 196.046000 1933.140000 -13 757 1 0 1.000000
0.758167 -2.056010 0 4.394590 18.547900 199.555000 1933.090000 -13 758 1 0 1.000000
-2.277460 -0.950558 0 14.343400 7.384150 183.959000 1933.160000 -13 759 1 0 1.000000
-0.817427 -0.874290 0 9.029650 0.335134 198.725000 1933.030000 -13 760 1 0 1.000000
-0.067325 -2.786690 0 -6.450750 2.994310 199.090000 1932.990000 -13 761 1 0 1.000000
-0.614672 -1.926730 0 -18.283000 7.934600 195.675000 1933.060000 -13 762 1 0 1.000000
-1.527560 0.099477 0 -8.091830 7.974210 205.448000 1933.070000 -13 763 1 0 1.000000
-1.767210 -1.394050 0 -2.747230 2.893100 188.018000 1933.180000 -13 764 1 0 1.000000
-0.378834 -2.531750 0 0.319870 4.419240 193.352000 1933.040000 -13 765 1 0 1.000000
-0.696176 -1.568400 0 1.448880 -9.023920 196.146000 1933.130000 -13 766 1 0 1.000000
-2.456540 -0.119309 0 -16.127900 -3.305340 204.510000 1933.180000 -13 767 1 0 1.000000
-0.104104 0.880940 0 -12.217800 -3.237770 183.114000 1933.340000 -13 768 1 0 1.000000
-4.550320 -0.679376 0 6.052430 -2.582250 202.058000 1933.190000 -13 769 1 0 1.000000
-1.493730 -3.022750 0 -13.817500 0.511860 183.611000 1933.170000 -13 770 1 0 1.000000
-2.733250 -0.393597 0 -1.374300 8.370240 193.187000 1933.170000 -13 771 1 0 1.000000
-1.070080 -2.222850 0 20.595300 18.312000 193.137000 1933.230000 -13 772 1 0 1.000000
-1.983200 -0.176037 0 -4.079990 2.389380 191.068000 1933.220000 -13 773 1 0 1.000000
-2.425830 -0.789437 0 -6.902190 -0.851754 190.289000 1933.070000 -13 774 1 0 1.000000
-1.794840 0.972737 0 -8.352490 1.034730 198.445000 1933.070000 -13 775 1 0 1.000000
0.721352 -0.143190 0 -4.033720 -4.687390 201.473000 1933.070000 -13 776 1 0 1.000000
-1.500070 1.809600 0 -12.404900 -5.162860 192.780000 1933.260000 -13 777 1 0 1.000000
0.342306 -2.404960 0 -6.751670 9.549800 189.832000 1933.160000 -13 778 1 0 1.000000
-1.909500 -4.851950 0 -6.187750 2.760850 191.728000 1933.150000 -13 779 1 0 1.000000
-3.774300 -3.343680 0 4.174210 9.856100 186.639000 1933.110000 -13 780 1 0 1.000000
-0.462302 -3.312420 0 13.779400 7.242540 194.392000 1933.190000 -13 781 1 0 1.000000
0.394163 -1.928530 0 -6.027330 -6.408910 207.202000 1933.240000 -13 782 1 0 1.000000
-1.750970 -1.460590 0 2.123020 -8.465120 201.486000 1933.090000 -13 783 1 0 1.000000
0.521684 -0.551282 0 -11.315400 -16.991100 190.683000 1933.190000 -13 784 1 0 1.000000
-1.862250 2.462200 0 -23.240700 -5.002880 206.331000 1933.220000 -13 785 1 0 1.000000
-0.691501 -2.065470 0 -11.356600 -0.158724 188.224000 1933.170000 -13 786 1 0 1.000000
0.852342 -0.500660 0 -6.349280 19.540900 183.411000 1933.090000 -13 787 1 0 1.000000
-3.497260 -1.054290 0 -1.859280 -4.613760 202.060000 1933.180000 -13 788 1 0 1.000000
-1.917230 1.844940 0 -12.329500 6.294930 203.967000 1933.160000 -13 789 1 0 1.000000
0.986534 0.212311 0 8.773510 -13.313500 192.324000 1933.170000 -13 790 1 0 1.000000
-0.480473 0.608201 0 -7.331190 9.167330 188.462000 1933.210000 -13 791 1 0 1.000000
-1.698070 -0.660341 0 1.208250 1.736460 189.074000 1933.170000 -13 792 1 0 1.000000
-3.593460 -0.778695 0 -7.937350 3.816830 206.323000 1933.130000 -13 793 1 0 1.000000
-1.917650 -0.130043 0 -5.075520 -9.573710 180.751000 1933.170000 -13 794 1 0 1.000000
1.367440 -3.142730 0 2.953210 9.845210 200.070000 1933.140000 -13 795 1 0 1.000000
-1.227700 -2.328850 0 8.464090 -8.592860 191.135000 1933.200000 -13 796 1 0 1.000000
-0.740589 -4.136590 0 -11.543600 0.693555 187.340000 1933.110000 -13 797 1 0 1.000000
-2.468920 -2.142990 0 2.415850 -8.213510 195.950000 1933.180000 -13 798 1 0 1.000000
-0.820681 -4.970010 0 7.998110 -6.690530 201.385000 1933.160000 -13 799 1 0 1.000000
0.030313 -2.680020 0 -6.337500 12.663700 199.962000 1933.410000 -13 800 1 0 1.000000
-2.362000 -0.474183 0 -5.667550 10.531400 198.509000 1933.150000 -13 801 1 0 1.000000
-1.396890 -3.237710 0 1.479890 -8.949150 188.683000 1933.020000 -13 802 1 0 1.000000
-1.829560 -3.207590 0 12.388300 -14.094200 201.828000 1933.170000 -13 803 1 0 1.000000
-0.699270 0.781207 0 -4.516450 12.463000 185.342000 1933.100000 -13 804 1 0 1.000000
-3.069230 -1.572660 0 6.925290 -6.774850 207.777000 1933.130000 -13 805 1 0 1.000000
-1.061340 -2.812200 0 11.613400 19.316400 203.161000 1933.160000 -13 806 1 0 1.000000
-0.558025 -2.355900 0 4.752010 -11.205600 200.277000 1930.270000 -13 807 1 0 1.000000
-0.758790 -4.025450 0 -0.303035 13.840300 200.654000 1930.210000 -13 808 1 0 1.000000
-3.520680 -0.344060 0 -6.668620 2.803880 209.215000 1933.170000 -13 809 1 0 1.000000
2.332600 -1.707830 0 0.903415 14.097800 192.221000 1933.130000 -13 810 1 0 1.000000
0.565703 -3.715820 0 -7.413680 10.568900 184.933000 1933.260000 -13 811 1 0 1.000000
-3.899960 -2.773290 0 -8.900110 -2.525040 205.906000 1933.240000 -13 812 1 0 1.000000
1.382390 1.000160 0 -4.149470 0.011976 189.358000 1933.130000 -13 813 1 0 1.000000
-2.387630 -4.602380 0 4.321080 -5.760310 186.554000 1933.290000 -13 814 1 0 1.000000
-2.685680 -0.115029 0 6.762820 -1.714050 196.858000 1933.230000 -13 815 1 0 1.000000
-0.480052 1.471920 0 -1.662300 11.203300 185.189000 1933.160000 -13 816 1 0 1.000000
-0.469639 -2.166830 0 9.403730 -6.249100 184.654000 1933.220000 -13 817 1 0 1.000000
1.303870 -1.580990 0 -5.517820 -1.807660 193.222000 1933.200000 -13 818 1 0 1.000000
-0.553748 -3.260850 0 13.471500 -12.160000 189.698000 1933.130000 -13 819 1 0 1.000000
-0.910845 -1.860860 0 -3.206680 11.748500 202.548000 1933.090000 -13 820 1 0 1.000000
-0.371577 -2.443680 0 -0.339386 2.461480 188.090000 1933.220000 -13 821 1 0 1.000000
-3.681630 0.387016 0 -4.228560 -11.073500 202.919000 1933.120000 -13 822 1 0 1.000000
-3.016880 -2.601430 0 8.871120 -4.845010 187.158000 1933.140000 -13 823 1 0 1.000000
-2.375100 -1.326120 0 5.654960 -10.516000 184.731000 1933.300000 -13 824 1 0 1.000000
-4.811170 -0.668348 0 -12.743200 2.958090 202.761000 1933.160000 -13 825 1 0 1.000000
1.080590 -2.009210 0 -0.117004 8.331340 188.970000 1933.210000 -13 826 1 0 1.000000
-4.101750 -0.119497 0 -11.104000 -12.060400 186.133000 1933.150000 -13 827 1 0 1.000000
-0.294088 -2.037900 0 13.256400 -1.913210 192.008000 1933.110000 -13 828 1 0 1.000000
1.798820 -1.366900 0 -10.501200 1.304300 200.412000 1933.260000 -13 829 1 0 1.000000
-0.931315 -0.676323 0 13.498100 19.713800 210.341000 1933.070000 -13 830 1 0 1.000000
-0.091848 -0.152705 0 -4.311030 6.037680 188.883000 1933.270000 -13 831 1 0 1.000000
0.340254 -0.839299 0 -1.619170 11.392500 189.550000 1933.030000 -13 832 1 0 1.000000
-1.487080 -2.053980 0 3.973470 12.198900 186.515000 1933.080000 -13 833 1 0 1.000000
-3.415750 -2.639530 0 0.612786 18.801200 191.280000 1933.160000 -13 834 1 0 1.000000
-4.575590 -1.605930 0 -2.371600 -0.968483 201.214000 1933.320000 -13 835 1 0 1.000000
-1.590620 -4.023330 0 8.812630 -11.366400 203.842000 1933.120000 -13 836 1 0 1.000000
-1.260160 2.019080 0 -6.394360 -5.283620 191.255000 1933.170000 -13 837 1 0 1.000000
-2.481010 -0.588220 0 -9.762000 -16.206600 196.857000 1933.260000 -13 838 1 0 1.000000
0.757284 -4.680710 0 11.732700 12.528100 197.491000 1933.210000 -13 839 1 0 1.000000
-1.429460 -3.624450 0 3.075630 10.302200 200.081000 1933.280000 -13 840 1 0 1.000000
-0.873859 -2.082390 0 12.885400 -16.205900 195.106000 1933.270000 -13 841 1 0 1.000000
1.862380 -2.344920 0 9.153650 21.134100 201.831000 1933.200000 -13 842 1 0 1.000000
0.274422 -5.038650 0 11.142900 -7.033050 182.332000 1933.230000 -13 843 1 0 1.000000
-2.066520 -1.646680 0 -8.705800 10.098000 200.538000 1933.240000 -13 844 1 0 1.000000
-1.613680 -2.638430 0 2.858330 -16.432900 202.043000 1933.210000 -13 845 1 0 1.000000
-2.210890 -3.013850 0 2.935070 10.400900 210.300000 1933.150000 -13 846 1 0 1.000000
-0.877207 -1.184550 0 4.144250 -12.665500 190.089000 1933.150000 -13 847 1 0 1.000000
-3.650480 -0.483511 0 4.176800 -12.557200 217.003000 1933.210000 -13 848 1 0 1.000000
1.094650 1.214970 0 -5.095580 -26.372100 185.704000 1933.180000 -13 849 1 0 1.000000
-0.710172 1.305760 0 -22.822400 -1.391920 206.892000 1933.190000 -13 850 1 0 1.000000
-4.026350 2.348140 0 -1.399520 -0.546990 187.718000 1933.130000 -13 851 1 0 1.000000
-3.327320 -1.784870 0 3.300160 12.288900 196.053000 1933.130000 -13 852 1 0 1.000000
0.419247 -1.925310 0 -13.285200 -11.452900 184.733000 1933.220000 -13 853 1 0 1.000000
-1.285690 -0.257050 0 -1.351340 -9.618100 188.028000 1933.140000 -13 854 1 0 1.000000
-2.192390 -4.061240 0 9.702940 -4.201810 212.658000 1933.240000 -13 855 1 0 1.000000
0.023838 -1.456030 0 0.564398 -4.121260 190.903000 1933.250000 -13 856 1 0 1.000000
0.626968 -1.439030 0 -7.143740 8.119480 185.188000 1933.170000 -13 857 1 0 1.000000
-0.078820 -3.573730 0 0.852650 2.325990 188.377000 1933.110000 -13 858 1 0 1.000000
-2.503900 -1.601390 0 15.177700 5.259210 204.878000 1933.230000 -13 859 1 0 1.000000
-0.233102 -0.763841 0 -9.211560 23.821900 194.969000 1933.200000 -13 860 1 0 1.000000
1.277380 -0.459213 0 -7.184280 -9.479980 188.381000 1933.220000 -13 861 1 0 1.000000
-3.120130 -1.318560 0 9.998080 -13.211800 188.041000 1933.260000 -13 862 1 0 1.000000
-1.954260 -1.984790 0 -3.132870 -16.223100 213.827000 1933.120000 -13 863 1 0 1.000000
-0.046458 0.710955 0 -9.418920 8.716450 192.537000 1933.250000 -13 864 1 0 1.000000
-2.754310 0.009480 0 1.102910 -7.242710 204.699000 1933.140000 -13 865 1 0 1.000000
-2.911760 0.732038 0 -4.325960 -15.267100 189.435000 1933.270000 -13 866 1 0 1.000000
-0.423692 -2.230070 0 2.203670 -12.831600 195.414000 1933.160000 -13 867 1 0 1.000000
-0.562064 -3.218210 0 -3.090220 12.069900 214.280000 1933.160000 -13 868 1 0 1.000000
-0.300217 -0.444458 0 4.743330 4.699530 197.546000 1933.160000 -13 869 1 0 1.000000
-0.858292 -1.803880 0 -6.939150 -19.840600 195.030000 1933.160000 -13 870 1 0 1.000000
-3.399150 -4.155590 0 0.200198 -22.342700 187.094000 1933.260000 -13 871 1 0 1.000000
-0.557810 -0.423718 0 10.289700 9.998080 188.464000 1933.070000 -13 872 1 0 1.000000
-1.696800 -2.984740 0 6.682580 -14.470200 197.268000 1933.120000 -13 873 1 0 1.000000
0.808446 -2.311890 0 6.402270 3.896700 184.544000 1933.250000 -13 874 1 0 1.000000
-0.392689 -1.744380 0 -15.311600 8.966250 203.683000 1933.210000 -13 875 1 0 1.000000
-0.426023 -1.164150 0 -5.146910 24.186300 178.174000 1933.180000 -13 876 1 0 1.000000
-3.445000 -2.125820 0 -2.238400 14.558000 202.797000 1933.090000 -13 877 1 0 1.000000
1.501620 0.220547 0 5.955370 -23.427700 183.863000 1933.110000 -13 878 1 0 1.000000
-0.789411 -0.802146 0 -16.008100 1.838910 199.696000 1933.120000 -13 879 1 0 1.000000
-1.383760 -3.704810 0 -4.161480 -5.277460 189.084000 1933.120000 -13 880 1 0 1.000000
-4.914610 -0.986413 0 -10.405900 -13.963500 190.959000 1933.150000 -13 881 1 0 1.000000
-2.304240 -1.433690 0 -9.341790 -5.110310 185.659000 1933.270000 -13 882 1 0 1.000000
-2.274480 -1.569970 0 6.552210 -15.008500 190.722000 1933.110000 -13 883 1 0 1.000000
0.619881 -4.148270 0 8.178880 -3.037000 200.266000 1933.120000 -13 884 1 0 1.000000
0.325418 2.213810 0 10.914700 -8.216510 194.535000 1933.140000 -13 885 1 0 1.000000
2.328520 -2.634230 0 2.299740 10.582700 195.961000 1933.170000 -13 886 1 0 1.000000
-1.387710 -0.401721 0 -15.354700 2.431060 187.543000 1933.090000 -13 887 1 0 1.000000
-1.405410 -1.526970 0 15.428700 9.163540 189.774000 1933.140000 -13 888 1 0 1.000000
-0.920297 -2.028720 0 -14.062700 5.093620 187.721000 1933.180000 -13 889 1 0 1.000000
-2.223390 -3.827100 0 20.037000 1.020910 198.702000 1933.210000 -13 890 1 0 1.000000
-1.123070 -0.013674 0 -20.470000 -9.451550 194.064000 1933.130000 -13 891 1 0 1.000000
-2.539510 -1.723750 0 -21.131900 13.699300 216.310000 1933.150000 -13 892 1 0 1.000000
1.151290 -1.138490 0 6.274370 3.004820 183.882000 1933.150000 -13 893 1 0 1.000000
-0.695445 0.904513 0 3.401040 -10.049800 184.616000 1933.190000 -13 894 1 0 1.000000
-1.985790 -1.625130 0 2.401430 2.668820 181.353000 1933.220000 -13 895 1 0 1.000000
-1.572140 -0.420178 0 -14.844100 5.091880 186.471000 1933.200000 -13 896 1 0 1.000000
0.078573 -2.817080 0 11.849100 1.353840 200.158000 1933.080000 -13 897 1 0 1.000000
-1.394270 -2.156990 0 -7.565550 -4.218180 185.853000 1933.080000 -13 898 1 0 1.000000
-1.767890 -0.676094 0 -7.811280 -12.578400 205.946000 1933.130000 -13 899 1 0 1.000000
-3.929520 -2.098240 0 -10.622200 4.530500 199.762000 1933.010000 -13 900 1 0 1.000000
-1.312460 -4.073420 0 1.172010 6.068850 196.176000 1933.360000 -13 901 1 0 1.000000
-2.930980 0.851681 0 -11.815000 6.301830 192.794000 1933.070000 -13 902 1 0 1.000000
0.383725 2.542670 0 -11.381900 -1.254600 194.850000 1933.120000 -13 903 1 0 1.000000
-0.030405 -2.666470 0 -19.602400 0.813158 197.600000 1933.080000 -13 904 1 0 1.000000
-0.780179 -5.232300 0 -6.623580 0.785864 196.533000 1933.320000 -13 905 1 0 1.000000
-1.924800 -1.477200 0 -2.194900 0.549342 196.215000 1933.410000 -13 906 1 0 1.000000
-4.629570 -0.412565 0 -7.860080 -0.523420 198.600000 1933.080000 -13 907 1 0 1.000000
0.522412 -2.520560 0 -6.670260 4.839940 200.371000 1933.070000 -13 908 1 0 1.000000
2.415970 -0.290570 0 5.212760 17.963400 187.964000 1933.120000 -13 909 1 0 1.000000
0.815726 2.446130 0 -9.596710 11.750000 190.680000 1933.400000 -13 910 1 0 1.000000
-0.152159 -0.294287 0 -9.568930 2.761870 207.894000 1933.210000 -13 911 1 0 1.000000
1.238730 -2.969460 0 7.052610 20.313300 209.385000 1933.100000 -13 912 1 0 1.000000
-3.006040 -2.287860 0 3.258220 -7.416010 208.162000 1933.210000 -13 913 1 0 1.000000
0.916697 -2.934880 0 1.869100 -8.018590 185.407000 1933.170000 -13 914 1 0 1.000000
1.726170 -1.726640 0 -0.577408 14.776900 210.565000 1933.210000 -13 915 1 0 1.000000
-1.015710 -2.165210 0 -6.817530 8.075000 191.245000 1933.080000 -13 916 1 0 1.000000
-1.014320 -0.283364 0 5.078680 -0.149245 185.725000 1933.060000 -13 917 1 0 1.000000
-0.934304 -2.497140 0 -14.098900 4.670400 194.855000 1933.100000 -13 918 1 0 1.000000
-0.332966 -3.660220 0 9.935800 -1.276990 176.160000 1933.180000 -13 919 1 0 1.000000
-2.468670 -2.621100 0 7.706170 -15.684900 186.726000 1933.120000 -13 920 1 0 1.000000
-1.258400 -0.784970 0 -3.974610 13.874100 209.512000 1933.120000 -13 921 1 0 1.000000
-1.371510 -4.499600 0 17.003500 -15.829100 212.169000 1933.170000 -13 922 1 0 1.000000
0.369537 -1.933180 0 -2.654890 22.581600 203.666000 1933.340000 -13 923 1 0 1.000000
0.128020 -4.928510 0 5.165340 3.623070 193.061000 1933.190000 -13 924 1 0 1.000000
-1.378380 -0.689607 0 -12.148900 -16.071100 187.400000 1933.060000 -13 925 1 0 1.000000
-1.302780 -5.269200 0 -12.430600 -16.932100 200.899000 1933.230000 -13 926 1 0 1.000000
-1.735990 -2.086120 0 -17.758600 12.733000 210.527000 1933.250000 -13 927 1 0 1.000000
-1.475460 -2.522890 0 -3.138100 -2.199920 195.659000 1933.240000 -13 928 1 0 1.000000
0.523113 -2.373030 0 -6.445860 -11.994600 191.011000 1933.190000 -13 929 1 0 1.000000
1.452550 -2.953800 0 9.550110 3.498190 192.682000 1933.040000 -13 930 1 0 1.000000
-1.064020 -2.394030 0 -0.926843 15.287400 204.852000 1933.220000 -13 931 1 0 1.000000
-0.991864 1.111500 0 4.406800 -5.881310 207.522000 1933.250000 -13 932 1 0 1.000000
0.163367 -0.616278 0 -14.561400 12.404300 210.472000 1933.190000 -13 933 1 0 1.000000
-2.431180 -2.714210 0 -0.171103 1.923950 208.170000 1933.230000 -13 934 1 0 1.000000
-1.937460 -0.867615 0 1.499600 3.371080 196.918000 1933.160000 -13 935 1 0 1.000000
-0.161678 -1.760310 0 1.638210 -3.291880 202.891000 1933.180000 -13 936 1 0 1.000000
-2.870490 -0.555080 0 2.282800 -8.391920 202.254000 1933.090000 -13 937 1 0 1.000000
-0.370357 -1.300900 0 8.695810 -12.240100 189.297000 1933.210000 -13 938 1 0 1.000000
-0.725288 1.963710 0 -11.141800 4.237150 194.714000 1933.140000 -13 939 1 0 1.000000
-2.219280 -2.283680 0 -0.178709 11.265700 194.840000 1933.400000 -13 940 1 0 1.000000
1.096820 -2.903550 0 16.596200 1.239840 180.727000 1933.170000 -13 941 1 0 1.000000
0.441081 -1.318600 0 -2.891710 18.162500 197.207000 1933.190000 -13 942 1 0 1.000000
0.901986 -0.015662 0 -7.454780 10.446600 209.014000 1933.210000 -13 943 1 0 1.000000
-1.242780 -0.734483 0 -16.159300 5.396050 185.036000 1933.170000 -13 944 1 0 1.000000
-1.127410 -1.991980 0 -1.633760 -4.356920 191.267000 1933.170000 -13 945 1 0 1.000000
-0.811613 -0.917965 0 -6.957020 8.843780 195.160000 1933.090000 -13 946 1 0 1.000000
-0.802472 -3.078760 0 -1.507990 -11.883900 194.000000 1933.140000 -13 947 1 0 1.000000
-2.284400 0.412447 0 -8.458090 -16.927600 193.310000 1933.110000 -13 948 1 0 1.000000
-0.941668 -2.265630 0 9.480160 -17.801400 208.619000 1933.220000 -13 949 1 0 1.000000
-2.538780 -1.391980 0 4.341120 8.138970 209.902000 1933.140000 -13 950 1 0 1.000000
0.316467 -3.359040 0 2.388120 7.110360 190.523000 1933.080000 -13 951 1 0 1.000000
-0.639889 -3.842730 0 1.104640 -2.980270 187.784000 1933.170000 -13 952 1 0 1.000000
-1.864470 1.109290 0 1.127540 18.214900 196.822000 1933.180000 -13 953 1 0 1.000000
-0.662411 -0.945214 0 -2.543870 11.767700 203.754000 1933.190000 -13 954 1 0 1.000000
-1.620720 -1.626570 0 -3.623240 -14.064300 190.196000 1933.220000 -13 955 1 0 1.000000
0.315303 -2.536580 0 3.916650 14.777700 189.372000 1933.190000 -13 956 1 0 1.000000
-0.414979 -2.072200 0 4.014460 -11.949400 180.804000 1933.120000 -13 957 1 0 1.000000
-1.721290 -2.423390 0 6.255130 -14.688500 187.425000 1933.200000 -13 958 1 0 1.000000
-1.622380 0.585711 0 -13.993800 4.067980 182.927000 1933.180000 -13 959 1 0 1.000000
-2.100350 -3.362340 0 11.524400 -8.757080 205.496000 1933.280000 -13 960 1 0 1.000000
-1.103120 0.575366 0 -1.002440 -11.859600 208.976000 1933.310000 -13 961 1 0 1.000000
-0.023161 -1.005450 0 2.760770 -0.632159 201.388000 1933.330000 -13 962 1 0 1.000000
-3.068660 -0.775692 0 -8.335700 -10.075200 199.420000 1933.220000 -13 963 1 0 1.000000
-0.117871 -1.289440 0 -24.520600 8.538750 184.835000 1933.170000 -13 964 1 0 1.000000
-3.711930 -1.673370 0 -1.137150 1.799130 185.748000 1933.150000 -13 965 1 0 1.000000
-1.814580 -0.732454 0 -1.653840 15.699200 204.825000 1933.230000 -13 966 1 0 1.000000
-0.167207 -1.945970 0 -4.186940 10.751800 202.275000 1933.150000 -13 967 1 0 1.000000
-1.665770 -0.784413 0 -6.038990 15.465300 204.930000 1933.240000 -13 968 1 0 1.000000
0.038523 -2.507980 0 -17.620000 7.383400 179.168000 1933.210000 -13 969 1 0 1.000000
2.762890 0.219423 0 -10.008900 15.782300 202.496000 1933.260000 -13 970 1 0 1.000000
-1.055540 -3.153820 0 -1.023690 -0.551487 182.039000 1933.200000 -13 971 1 0 1.000000
0.042862 -1.685740 0 -7.956440 7.202800 188.691000 1933.270000 -13 972 1 0 1.000000
0.997290 -1.455820 0 -3.081020 1.022230 204.009000 1933.140000 -13 973 1 0 1.000000
-3.049510 1.191690 0 -10.157400 1.352430 201.532000 1933.100000 -13 974 1 0 1.000000
-0.692069 -1.693230 0 -4.299580 0.698914 212.040000 1933.170000 -13 975 1 0 1.000000
-0.642795 -2.048350 0 -3.826780 18.262700 181.057000 1933.180000 -13 976 1 0 1.000000
-2.820150 -2.711280 0 -15.049100 -11.217600 189.756000 1933.160000 -13 977 1 0 1.000000
-0.857963 -2.827050 0 1.418940 -16.585400 191.722000 1933.180000 -13 978 1 0 1.000000
0.603121 1.926180 0 4.198080 -3.627570 198.982000 1933.120000 -13 979 1 0 1.000000
-1.385310 -2.942590 0 6.598770 3.284280 189.750000 1933.200000 -13 980 1 0 1.000000
-1.831490 -0.754525 0 0.898748 15.818400 192.431000 1933.110000 -13 981 1 0 1.000000
-1.435040 -1.697390 0 6.585870 22.944500 187.040000 1933.200000 -13 982 1 0 1.000000
-1.234000 -5.153760 0 -16.868000 4.594100 208.259000 1933.110000 -13 983 1 0 1.000000
-0.202581 -1.021030 0 -0.734000 11.853400 184.939000 1933.220000 -13 984 1 0 1.000000
0.280622 -0.375521 0 -18.436500 10.079400 190.655000 1933.090000 -13 985 1 0 1.000000
0.139924 -2.402310 0 9.333760 9.278460 209.882000 1933.190000 -13 986 1 0 1.000000
1.196680 -2.057460 0 -6.162770 14.597600 183.701000 1933.300000 -13 987 1 0 1.000000
-0.675718 -2.611910 0 -21.283500 -7.273050 190.429000 1933.090000 -13 988 1 0 1.000000
-0.501789 -2.784590 0 -11.652200 -3.193190 204.359000 1933.110000 -13 989 1 0 1.000000
-0.976933 0.949397 0 2.596090 -11.653300 190.051000 1933.050000 -13 990 1 0 1.000000
0.212227 -5.605970 0 13.652700 -12.694800 197.878000 1933.090000 -13 991 1 0 1.000000
-1.152070 -2.243550 0 1.070100 -6.512120 185.141000 1933.100000 -13 992 1 0 1.000000
-2.177960 0.647809 0 -11.206400 -15.037700 187.285000 1933.170000 -13 993 1 0 1.000000
-0.010292 0.164681 0 -7.383780 22.790700 195.604000 1933.100000 -13 994 1 0 1.000000
-0.022170 -3.800920 0 -7.788800 3.471080 209.300000 1933.150000 -13 995 1 0 1.000000
-5.198650 -2.360650 0 2.013890 -15.492100 202.278000 1933.270000 -13 996 1 0 1.000000
-0.266257 -5.433070 0 -4.419720 -2.896260 197.566000 1933.270000 -13 997 1 0 1.000000
-0.220906 -2.166450 0 6.853560 3.061770 186.321000 1933.180000 -13 998 1 0 1.000000
-0.449159 -1.489870 0 -14.501300 13.655000 198.986000 1933.180000 -13 999 1 0 1.000000
2.145510 -1.140020 0 -0.640551 -10.205100 184.326000 1933.340000 -13 1000 1 0 1.000000
-1.696110 -1.681320 0 -5.173130 -1.711340 204.255000 1933.270000 -13 1001 1 0 1.000000
-0.984238 -4.058410 0 7.934790 7.609640 197.408000 1933.220000 -13 1002 1 0 1.000000
-0.814417 -0.823024 0 -7.206090 -18.471400 203.310000 1933.240000 -13 1003 1 0 1.000000
-3.854540 0.095174 0 -3.285560 -15.327400 212.126000 1933.250000 -13 1004 1 0 1.000000
-3.574320 -0.503134 0 3.728840 6.459020 204.856000 1933.130000 -13 1005 1 0 1.000000
-1.833800 -1.479410 0 13.091600 -19.396700 195.011000 1933.320000 -13 1006 1 0 1.000000
0.440092 -2.306490 0 -1.498910 0.166506 198.399000 1933.320000 -13 1007 1 0 1.000000
-0.366557 -2.632620 0 -2.058780 1.662780 202.057000 1933.200000 -13 1008 1 0 1.000000
-1.162680 -1.117770 0 11.137700 -2.193670 203.874000 1933.080000 -13 1009 1 0 1.000000
0.589911 -1.718890 0 -0.458835 5.267220 198.538000 1933.080000 -13 1010 1 0 1.000000
0.567611 -2.432230 0 -10.786100 -8.773200 193.675000 1933.220000 -13 1011 1 0 1.000000
-0.072829 0.678853 0 1.279390 -6.346960 190.311000 1933.100000 -13 1012 1 0 1.000000
-1.524390 0.515558 0 0.962200 -5.618010 195.188000 1933.070000 -13 1013 1 0 1.000000
-0.246709 -3.024050 0 -7.486810 -3.690330 193.238000 1933.280000 -13 1014 1 0 1.000000
0.331562 -3.222920 0 3.569770 19.076900 188.535000 1933.190000 -13 1015 1 0 1.000000
-2.248260 -1.768660 0 -3.254350 1.677400 200.350000 1933.310000 -13 1016 1 0 1.000000
-1.138010 0.700255 0 -3.162120 14.139400 200.348000 1933.060000 -13 1017 1 0 1.000000
1.265460 0.873387 0 -10.202800 -4.012840 194.194000 1933.110000 -13 1018 1 0 1.000000
-1.448340 -3.515820 0 -5.635230 10.681700 188.152000 1933.130000 -13 1019 1 0 1.000000
0.082259 -1.569440 0 1.545340 -1.244560 191.674000 1933.190000 -13 1020 1 0 1.000000
-1.604820 0.744771 0 -2.460370 0.281421 200.897000 1933.230000 -13 1021 1 0 1.000000
-3.169000 -2.986990 0 9.744950 -19.648800 212.239000 1933.210000 -13 1022 1 0 1.000000
-1.711850 -2.908880 0 19.164900 -8.330540 195.752000 1933.100000 -13 1023 1 0 1.000000
0.178316 -1.428800 0 -8.411720 -17.812900 194.820000 1933.240000 -13 1024 1 0 1.000000
-1.398220 -0.659040 0 -7.585730 11.236100 193.735000 1933.010000 -13 1025 1 0 1.000000
-1.227530 -2.286450 0 -5.138210 -1.074060 193.216000 1933.080000 -13 1026 1 0 1.000000
-2.591200 1.436410 0 -2.988770 -23.435300 197.738000 1933.040000 -13 1027 1 0 1.000000
1.395520 -3.531950 0 -5.858930 -5.789210 194.339000 1933.140000 -13 1028 1 0 1.000000
-1.853300 0.793194 0 -12.996400 -8.307150 191.502000 1933.090000 -13 1029 1 0 1.000000
-1.576340 -1.534230 0 -14.430100 12.336300 200.033000 1933.150000 -13 1030 1 0 1.000000
-1.344960 -0.656911 0 3.382460 -0.932007 199.810000 1933.110000 -13 1031 1 0 1.000000
-2.121010 -0.035306 0 -10.370000 6.142730 191.182000 1933.210000 -13 1032 1 0 1.000000
-2.574660 -0.135192 0 -2.069960 9.033020 205.766000 1933.130000 -13 1033 1 0 1.000000
1.498290 -3.537330 0 8.448040 6.962490 188.518000 1933.230000 -13 1034 1 0 1.000000
-3.413780 -0.112010 0 0.668647 -19.240900 200.760000 1933.140000 -13 1035 1 0 1.000000
-2.161120 0.687360 0 -8.977220 -10.177400 181.787000 1933.150000 -13 1036 1 0 1.000000
-1.384580 -2.632640 0 12.556000 0.831151 202.189000 1933.340000 -13 1037 1 0 1.000000
-2.364180 -1.549820 0 -10.910700 1.263070 187.234000 1933.040000 -13 1038 1 0 1.000000
-0.572221 -0.087234 0 4.474980 -9.965020 184.356000 1933.150000 -13 1039 1 0 1.000000
-1.235960 -2.792510 0 4.532880 -15.031500 198.465000 1933.110000 -13 1040 1 0 1.000000
-3.043610 -3.773470 0 13.300600 -21.142100 189.624000 1933.140000 -13 1041 1 0 1.000000
-2.314190 -1.222030 0 1.799240 -1.975500 194.602000 1933.030000 -13 1042 1 0 1.000000
-2.160990 -1.279430 0 7.850960 -19.440800 199.397000 1933.280000 -13 1043 1 0 1.000000
1.498450 -0.865424 0 -13.970000 -2.842810 205.651000 1933.250000 -13 1044 1 0 1.000000
0.283812 -3.683310 0 -14.863800 -7.898470 184.068000 1933.170000 -13 1045 1 0 1.000000
-1.192780 -3.257520 0 5.927970 4.045050 209.884000 1933.300000 -13 1046 1 0 1.000000
-0.433774 -1.811130 0 10.204300 -4.905400 204.340000 1933.060000 -13 1047 1 0 1.000000
-0.145679 -0.669918 0 6.307280 -12.753900 208.731000 1933.150000 -13 1048 1 0 1.000000
-0.749912 -2.462220 0 13.396400 1.702470 199.664000 1933.250000 -13 1049 1 0 1.000000
0.019137 -0.796416 0 -0.664863 4.871510 206.440000 1933.150000 -13 1050 1 0 1.000000
-0.667476 -1.843570 0 10.117000 -21.772000 176.503000 1933.210000 -13 1051 1 0 1.000000
-2.172710 -3.042090 0 -0.111866 3.895400 210.409000 1933.170000 -13 1052 1 0 1.000000
-1.694780 -1.595380 0 19.192500 -23.109800 199.914000 1933.110000 -13 1053 1 0 1.000000
-0.811320 -3.524000 0 13.130100 -17.839300 194.924000 1933.180000 -13 1054 1 0 1.000000
0.771260 0.025648 0 -18.422300 31.542300 192.444000 1933.190000 -13 1055 1 0 1.000000
1.755640 -0.119623 0 -5.556610 -9.927620 194.296000 1933.130000 -13 1056 1 0 1.000000
0.094399 -2.247620 0 -7.256830 -0.563487 200.054000 1933.200000 -13 1057 1 0 1.000000
-0.242662 1.385090 0 -7.267780 3.339780 211.325000 1933.190000 -13 1058 1 0 1.000000
-1.322890 -1.847650 0 -0.406901 -4.348700 202.900000 1933.120000 -13 1059 1 0 1.000000
-0.644024 -0.305722 0 -3.454470 14.385400 200.319000 1933.230000 -13 1060 1 0 1.000000
0.424151 0.713751 0 -6.554180 8.979810 181.605000 1933.220000 -13 1061 1 0 1.000000
-1.329800 -1.982170 0 3.589230 3.473940 208.140000 1933.230000 -13 1062 1 0 1.000000
1.157120 -2.880080 0 -8.575920 8.694870 183.570000 1933.220000 -13 1063 1 0 1.000000
1.311140 -0.651287 0 -3.400240 -5.417660 184.431000 1933.180000 -13 1064 1 0 1.000000
-2.695910 -4.681850 0 7.155310 -13.851900 196.969000 1933.170000 -13 1065 1 0 1.000000
-3.889390 -0.676042 0 -9.583700 6.645400 196.604000 1933.100000 -13 1066 1 0 1.000000
0.199539 -2.410740 0 11.883200 10.345000 193.002000 1933.200000 -13 1067 1 0 1.000000
-2.014850 -3.961240 0 -0.410289 -1.847660 197.181000 1933.250000 -13 1068 1 0 1.000000
-3.791930 -2.098440 0 -9.351690 10.626500 212.497000 1933.160000 -13 1069 1 0 1.000000
-1.241380 -5.671440 0 10.396900 9.259820 202.387000 1933.070000 -13 1070 1 0 1.000000
-2.090210 -0.645249 0 5.196400 5.799250 193.045000 1933.180000 -13 1071 1 0 1.000000
-0.832756 -4.593580 0 -9.370610 0.849018 192.371000 1933.110000 -13 1072 1 0 1.000000
-0.769291 -1.537430 0 -2.974710 -1.048910 202.755000 1933.110000 -13 1073 1 0 1.000000
-1.051990 -1.468440 0 -0.386798 -13.854300 203.797000 1933.060000 -13 1074 1 0 1.000000
0.058082 -1.726050 0 -10.871700 11.604500 192.466000 1933.080000 -13 1075 1 0 1.000000
-3.820760 0.521771 0 -14.555300 -2.363360 205.389000 1933.220000 -13 1076 1 0 1.000000
