#BLTrackFile solenoid_cooling_channel
#x y z Px Py Pz t PDGid EvNum TrkId Parent weight
-1.011640 -1.638660 0 0.000000 0.000000 193.000000 1933.190000 -13 1 1 0 1.000000
-1.833510 -2.829750 0 2.389470 -0.382865 196.456000 1933.180000 -13 2 1 0 1.000000
-0.585913 -0.418565 0 -4.363290 11.938200 187.977000 1933.200000 -13 3 1 0 1.000000
-1.935290 -0.927025 0 4.440710 -5.986830 189.132000 1933.100000 -13 4 1 0 1.000000
1.522450 -1.574070 0 -8.332450 14.837000 199.423000 1933.200000 -13 5 1 0 1.000000
-0.238604 0.078685 0 -21.229300 -5.649730 194.352000 1933.160000 -13 6 1 0 1.000000
-0.459286 -3.605060 0 4.554700 2.390940 190.547000 1933.170000 -13 7 1 0 1.000000
-1.889590 -0.412161 0 2.412330 -1.426210 188.820000 1933.120000 -13 8 1 0 1.000000
0.512210 -2.119130 0 -9.997920 -6.979660 200.787000 1933.140000 -13 9 1 0 1.000000
1.247160 -2.709480 0 6.715660 -4.380370 177.129000 1933.100000 -13 10 1 0 1.000000
-1.652160 -1.953480 0 -6.508580 18.907400 198.469000 1933.290000 -13 11 1 0 1.000000
0.583649 -1.874450 0 1.209910 0.388846 184.705000 1933.190000 -13 12 1 0 1.000000
-1.698650 -0.953551 0 -10.072100 -10.588400 204.868000 1933.240000 -13 13 1 0 1.000000
-0.326264 1.205410 0 -13.750800 -12.748700 207.597000 1933.110000 -13 14 1 0 1.000000
1.053410 -0.662478 0 -9.843660 -15.825700 184.477000 1933.270000 -13 15 1 0 1.000000
-1.058900 -3.885430 0 2.432250 3.691620 201.187000 1933.200000 -13 16 1 0 1.000000
-1.782980 -0.519777 0 -4.458970 2.198230 186.074000 1933.240000 -13 17 1 0 1.000000
-2.853940 -2.804840 0 4.380130 4.787250 188.025000 1933.190000 -13 18 1 0 1.000000
-1.576740 -2.958690 0 -11.725800 -2.968750 181.694000 1933.140000 -13 19 1 0 1.000000
-0.036696 0.785611 0 9.369380 -11.610100 184.431000 1933.190000 -13 20 1 0 1.000000
-0.281440 -1.432300 0 -9.257340 -24.940300 189.016000 1933.110000 -13 21 1 0 1.000000
2.414820 -2.169470 0 0.822763 8.415530 200.740000 1933.040000 -13 22 1 0 1.000000
0.377933 -1.194610 0 11.788100 -6.985860 210.808000 1933.180000 -13 23 1 0 1.000000
-2.125440 -0.714054 0 -15.479100 13.761700 186.626000 1933.180000 -13 24 1 0 1.000000
-1.889270 -2.446070 0 -1.419940 -12.984900 202.415000 1933.290000 -13 25 1 0 1.000000
-2.004510 0.100625 0 3.327770 -20.348700 203.123000 1933.200000 -13 26 1 0 1.000000
-2.168630 -3.065820 0 -5.446410 -11.549200 194.816000 1933.180000 -13 27 1 0 1.000000
-1.676220 -1.088920 0 -8.481630 10.439600 196.367000 1933.160000 -13 28 1 0 1.000000
-1.552190 -2.414010 0 -3.944450 7.089920 196.678000 1933.250000 -13 29 1 0 1.000000
-0.839133 0.260761 0 -9.811460 5.161200 191.458000 1933.150000 -13 30 1 0 1.000000
0.339455 -2.158480 0 -8.696240 26.416800 201.028000 1933.140000 -13 31 1 0 1.000000
-0.252561 -0.352048 0 -7.504980 4.925500 193.883000 1933.240000 -13 32 1 0 1.000000
-1.997460 -2.169020 0 -8.395880 1.065710 206.096000 1933.140000 -13 33 1 0 1.000000
-3.583560 -0.686723 0 4.563050 -25.295700 209.544000 1933.160000 -13 34 1 0 1.000000
-0.834060 -0.207033 0 -10.793200 2.706210 187.444000 1933.200000 -13 35 1 0 1.000000
-1.761970 0.690911 0 -7.822550 13.804400 199.900000 1933.310000 -13 36 1 0 1.000000
-1.273870 -2.823810 0 -3.726040 -6.934430 194.379000 1933.150000 -13 37 1 0 1.000000
-2.246170 -0.690967 0 -14.267000 -8.197970 205.862000 1933.180000 -13 38 1 0 1.000000
0.045022 -1.844170 0 -1.948850 7.184630 187.527000 1933.100000 -13 39 1 0 1.000000
-2.506110 -4.945310 0 4.445840 1.240910 194.305000 1933.130000 -13 40 1 0 1.000000
-0.614267 -1.192920 0 -9.110700 8.210380 177.447000 1933.120000 -13 41 1 0 1.000000
-2.141070 -0.529958 0 -9.866970 -5.343520 180.639000 1933.160000 -13 42 1 0 1.000000
-1.138540 -2.367660 0 3.790680 -7.695440 197.082000 1933.250000 -13 43 1 0 1.000000
-0.960465 1.255610 0 -15.855900 -1.578790 195.381000 1932.980000 -13 44 1 0 1.000000
-1.007010 -2.209000 0 -3.095700 -6.303650 203.857000 1933.150000 -13 45 1 0 1.000000
-1.085690 -1.850620 0 -1.635520 -5.918840 185.370000 1933.140000 -13 46 1 0 1.000000
-2.356700 -1.923880 0 -11.891200 5.871150 195.286000 1933.320000 -13 47 1 0 1.000000
1.415880 -1.456830 0 3.651590 16.851600 191.954000 1933.100000 -13 48 1 0 1.000000
-1.604820 -1.040320 0 6.896510 -15.816400 203.633000 1933.130000 -13 49 1 0 1.000000
0.212037 -2.256360 0 8.763640 30.211600 197.348000 1933.260000 -13 50 1 0 1.000000
-3.939300 -1.772850 0 7.293750 14.708600 205.231000 1933.110000 -13 51 1 0 1.000000
-2.401800 -3.148400 0 -5.862750 -20.798300 210.310000 1933.100000 -13 52 1 0 1.000000
-0.733844 -3.584340 0 -0.232493 -9.319610 192.883000 1933.200000 -13 53 1 0 1.000000
-0.437911 -2.184190 0 9.136570 -24.095500 194.989000 1933.110000 -13 54 1 0 1.000000
-3.066580 -2.041320 0 5.051750 -16.052200 204.044000 1933.040000 -13 55 1 0 1.000000
-2.108140 -2.015640 0 3.992640 -4.251060 193.684000 1933.270000 -13 56 1 0 1.000000
-0.866908 -1.393140 0 4.853660 7.351760 201.902000 1933.250000 -13 57 1 0 1.000000
-1.760980 -0.407441 0 -7.420060 -2.635560 189.386000 1933.270000 -13 58 1 0 1.000000
-2.736620 0.007267 0 11.434000 -8.361990 193.884000 1933.130000 -13 59 1 0 1.000000
-0.381413 0.167880 0 -16.405800 2.923150 184.838000 1933.130000 -13 60 1 0 1.000000
-2.788350 -1.998650 0 8.008370 -7.768130 209.031000 1933.300000 -13 61 1 0 1.000000
-0.993237 -2.336750 0 -13.229200 1.555340 196.823000 1933.160000 -13 62 1 0 1.000000
-1.284240 -4.464530 0 6.661420 7.075860 193.077000 1933.160000 -13 63 1 0 1.000000
-3.657750 2.131610 0 15.911800 5.522390 191.931000 1933.060000 -13 64 1 0 1.000000
-2.354150 -3.666090 0 -2.323660 -8.503990 185.519000 1933.040000 -13 65 1 0 1.000000
-2.339540 -2.542380 0 -7.259590 0.666893 191.420000 1933.080000 -13 66 1 0 1.000000
-3.752920 -1.872230 0 -3.692640 3.269720 186.320000 1933.090000 -13 67 1 0 1.000000
-1.522580 -2.829790 0 11.770100 -17.572100 202.338000 1933.170000 -13 68 1 0 1.000000
-1.634920 -1.284360 0 3.215920 -20.004600 191.508000 1933.160000 -13 69 1 0 1.000000
-1.158520 0.083779 0 6.998600 -3.144280 200.556000 1933.110000 -13 70 1 0 1.000000
-0.359832 -3.328080 0 -9.456220 -7.229180 193.117000 1933.140000 -13 71 1 0 1.000000
-1.889220 -1.317640 0 -4.844430 1.601720 187.566000 1933.090000 -13 72 1 0 1.000000
-1.750530 -1.544780 0 -4.800100 -4.873110 192.389000 1933.120000 -13 73 1 0 1.000000
0.173328 -1.912520 0 -1.864070 -10.313900 196.795000 1933.270000 -13 74 1 0 1.000000
-1.697670 -2.681670 0 10.612900 -0.774253 203.397000 1933.150000 -13 75 1 0 1.000000
-1.283530 -0.474493 0 -0.063938 5.095210 201.259000 1933.110000 -13 76 1 0 1.000000
-1.548280 -2.115000 0 -5.732540 -23.781300 190.472000 1933.120000 -13 77 1 0 1.000000
0.127200 1.217160 0 7.215210 1.109970 203.737000 1933.160000 -13 78 1 0 1.000000
0.373052 0.521011 0 -24.723700 -0.009356 200.012000 1933.240000 -13 79 1 0 1.000000
-1.473040 -1.307100 0 -8.887240 -4.446580 202.978000 1933.210000 -13 80 1 0 1.000000
-2.213860 -1.139560 0 5.855390 -4.841730 185.997000 1933.080000 -13 81 1 0 1.000000
-0.871295 -1.770770 0 2.713440 9.780170 191.986000 1933.080000 -13 82 1 0 1.000000
-0.200447 -1.398190 0 8.330890 15.126200 189.243000 1933.180000 -13 83 1 0 1.000000
-1.612510 -0.844915 0 -3.683110 -26.058900 196.299000 1933.160000 -13 84 1 0 1.000000
-2.962110 -2.770800 0 8.713150 9.751010 199.747000 1933.140000 -13 85 1 0 1.000000
0.053388 2.112970 0 0.759160 1.833130 202.436000 1933.120000 -13 86 1 0 1.000000
1.392090 -0.431191 0 9.557700 10.404700 190.409000 1933.280000 -13 87 1 0 1.000000
0.674076 -1.690030 0 -0.196479 -9.028410 182.736000 1933.120000 -13 88 1 0 1.000000
-2.654000 -0.390128 0 0.409134 -6.794330 189.239000 1933.110000 -13 89 1 0 1.000000
-1.663390 -0.425392 0 0.469479 1.101770 189.351000 1933.250000 -13 90 1 0 1.000000
-1.923550 -0.822499 0 3.107840 -0.720675 178.437000 1933.300000 -13 91 1 0 1.000000
-3.636080 0.101586 0 -2.461450 0.369163 199.247000 1933.210000 -13 92 1 0 1.000000
0.526996 -3.507130 0 1.259220 -1.293520 191.555000 1933.290000 -13 93 1 0 1.000000
-2.605630 -0.007394 0 8.687470 23.548900 193.891000 1933.040000 -13 94 1 0 1.000000
-0.551611 -1.751050 0 -6.273210 10.680300 186.550000 1933.060000 -13 95 1 0 1.000000
-1.077600 -3.809680 0 -10.595500 -13.682200 197.939000 1933.110000 -13 96 1 0 1.000000
-2.321200 0.721162 0 -12.802600 -4.274440 205.834000 1933.050000 -13 97 1 0 1.000000
-1.868850 -3.285820 0 0.767138 -15.464500 207.637000 1933.180000 -13 98 1 0 1.000000
-1.427860 -1.217840 0 10.858400 -5.393420 199.899000 1933.180000 -13 99 1 0 1.000000
-2.073480 -2.134180 0 -4.504920 3.519420 188.791000 1933.140000 -13 100 1 0 1.000000
-3.020880 -2.445120 0 2.503020 -5.449360 195.784000 1933.210000 -13 101 1 0 1.000000
-1.012410 -2.443010 0 2.283910 -5.162790 186.654000 1933.270000 -13 102 1 0 1.000000
-2.045230 -1.338380 0 5.128990 -10.505700 204.200000 1933.290000 -13 103 1 0 1.000000
0.465354 -3.547980 0 -0.637534 -5.446890 184.878000 1933.240000 -13 104 1 0 1.000000
-2.517470 -1.213610 0 12.007700 -15.673100 207.262000 1933.160000 -13 105 1 0 1.000000
-0.373377 0.846750 0 2.767760 -10.367700 195.729000 1933.030000 -13 106 1 0 1.000000
-2.839710 2.062070 0 -12.979100 -11.758200 189.065000 1933.120000 -13 107 1 0 1.000000
-1.315970 -0.883154 0 4.003760 -5.108340 193.813000 1933.360000 -13 108 1 0 1.000000
0.664915 -2.913790 0 2.783670 6.590220 195.862000 1933.180000 -13 109 1 0 1.000000
-1.542330 -2.627410 0 -1.994050 -6.559870 195.858000 1933.270000 -13 110 1 0 1.000000
-1.534350 -4.557980 0 18.925700 0.463414 202.827000 1933.210000 -13 111 1 0 1.000000
-0.554252 -2.285220 0 -12.399400 12.101000 190.878000 1933.110000 -13 112 1 0 1.000000
-2.168270 -1.272520 0 14.561700 24.778900 196.452000 1933.250000 -13 113 1 0 1.000000
-1.482470 -0.714787 0 -17.439700 11.228800 189.704000 1933.300000 -13 114 1 0 1.000000
-0.231749 -2.646020 0 -10.434300 8.916390 197.580000 1933.280000 -13 115 1 0 1.000000
-1.123490 -2.764300 0 9.521660 -3.845750 191.534000 1933.160000 -13 116 1 0 1.000000
1.846550 -0.332750 0 3.102240 -7.267930 202.124000 1933.340000 -13 117 1 0 1.000000
-1.147880 0.487796 0 -14.122300 15.527800 190.589000 1933.250000 -13 118 1 0 1.000000
-4.036730 0.560897 0 1.223760 2.611470 191.388000 1933.180000 -13 119 1 0 1.000000
-3.312300 0.999761 0 -18.579500 9.504600 202.047000 1933.190000 -13 120 1 0 1.000000
-3.038820 0.273191 0 5.837080 -17.968400 189.976000 1933.080000 -13 121 1 0 1.000000
1.181210 2.031550 0 -13.172700 9.033160 188.226000 1933.120000 -13 122 1 0 1.000000
-2.531980 -0.809321 0 -16.697700 7.977590 192.811000 1933.040000 -13 123 1 0 1.000000
-0.930442 -1.903960 0 -1.203370 6.699130 205.204000 1933.160000 -13 124 1 0 1.000000
0.601211 0.595514 0 -8.940710 21.574000 188.604000 1933.140000 -13 125 1 0 1.000000
0.537906 -3.147840 0 -1.611400 -8.468750 192.118000 1933.210000 -13 126 1 0 1.000000
-3.565950 -0.931370 0 5.501280 1.178180 194.648000 1933.310000 -13 127 1 0 1.000000
-0.624895 -4.518270 0 12.403000 11.660900 197.939000 1933.240000 -13 128 1 0 1.000000
1.069670 1.414870 0 5.171260 -6.403850 205.437000 1933.190000 -13 129 1 0 1.000000
-3.103840 -2.936580 0 -1.088740 0.893683 196.244000 1933.270000 -13 130 1 0 1.000000
-0.230188 -3.217080 0 14.133800 -10.313600 204.404000 1933.370000 -13 131 1 0 1.000000
-1.545880 -1.321050 0 -11.535800 1.485110 199.248000 1933.150000 -13 132 1 0 1.000000
-2.653660 -0.443856 0 -0.794490 -7.055350 209.027000 1933.180000 -13 133 1 0 1.000000
-2.600680 1.029470 0 -15.906000 -10.962800 190.731000 1933.230000 -13 134 1 0 1.000000
0.434072 0.799091 0 6.862700 -4.154500 206.642000 1933.210000 -13 135 1 0 1.000000
-0.494728 -0.736126 0 -8.434570 3.386910 195.519000 1933.240000 -13 136 1 0 1.000000
0.150095 0.312732 0 9.393860 8.198330 212.369000 1933.230000 -13 137 1 0 1.000000
-0.194918 -3.062380 0 -4.006920 11.168200 210.961000 1933.140000 -13 138 1 0 1.000000
0.496513 0.136473 0 0.411652 -5.195590 185.598000 1933.280000 -13 139 1 0 1.000000
-0.657966 -3.541090 0 5.291460 -6.517530 186.096000 1933.210000 -13 140 1 0 1.000000
-1.848410 -3.774210 0 -15.137600 13.131000 181.092000 1933.170000 -13 141 1 0 1.000000
-1.814170 -0.533659 0 -18.048300 6.452590 185.546000 1933.110000 -13 142 1 0 1.000000
-0.035967 -3.210210 0 -3.771730 10.647900 196.916000 1933.260000 -13 143 1 0 1.000000
-2.558750 -1.619800 0 0.828586 5.096320 204.416000 1933.240000 -13 144 1 0 1.000000
0.106515 -1.655030 0 5.505560 -6.351960 185.695000 1933.150000 -13 145 1 0 1.000000
-2.081160 0.644042 0 -4.800820 -19.527500 184.264000 1933.160000 -13 146 1 0 1.000000
-0.864912 1.212040 0 -1.503970 -5.031240 201.040000 1933.150000 -13 147 1 0 1.000000
-3.225070 -3.333080 0 4.387850 -22.498400 203.043000 1933.230000 -13 148 1 0 1.000000
-0.022997 -0.556213 0 1.660880 7.830200 184.042000 1933.140000 -13 149 1 0 1.000000
-1.415240 -0.607571 0 -2.094520 5.646520 192.217000 1933.120000 -13 150 1 0 1.000000
-2.330240 -1.739010 0 16.904700 -10.385000 203.517000 1933.290000 -13 151 1 0 1.000000
-0.823905 1.661000 0 3.303030 4.731870 194.135000 1933.180000 -13 152 1 0 1.000000
-1.927400 -1.628890 0 9.975670 -15.298600 203.618000 1933.140000 -13 153 1 0 1.000000
0.926355 -1.124630 0 -7.907760 0.702561 196.565000 1933.240000 -13 154 1 0 1.000000
-1.308830 -2.324750 0 2.662760 0.162097 186.821000 1933.050000 -13 155 1 0 1.000000
-1.421310 -2.374770 0 14.262500 -3.457100 183.659000 1933.230000 -13 156 1 0 1.000000
1.175080 -3.131660 0 -13.687300 4.845680 182.128000 1933.120000 -13 157 1 0 1.000000
1.586880 -1.214660 0 -1.479350 -9.982440 197.280000 1933.210000 -13 158 1 0 1.000000
1.707590 -3.510270 0 20.839300 13.798500 198.427000 1933.240000 -13 159 1 0 1.000000
0.152750 -0.351048 0 -2.324170 -14.459400 201.475000 1933.090000 -13 160 1 0 1.000000
-0.198438 -3.866920 0 1.232630 -12.734300 183.333000 1933.260000 -13 161 1 0 1.000000
-3.861750 -2.644260 0 7.831410 -27.018000 183.761000 1933.180000 -13 162 1 0 1.000000
-1.899090 -0.941880 0 -5.931810 -7.229360 204.556000 1933.220000 -13 163 1 0 1.000000
-4.171150 -0.418956 0 -9.064880 -3.508980 200.981000 1933.040000 -13 164 1 0 1.000000
-0.336549 -0.335463 0 -10.499200 20.438600 188.814000 1933.060000 -13 165 1 0 1.000000
-3.463940 -0.556864 0 -8.962630 -10.991700 188.934000 1933.330000 -13 166 1 0 1.000000
-0.715642 -1.339460 0 7.229730 -12.673200 178.627000 1933.110000 -13 167 1 0 1.000000
0.971713 -0.609452 0 3.121360 12.947900 188.979000 1933.220000 -13 168 1 0 1.000000
0.447282 -1.990110 0 -0.315371 24.607800 187.749000 1933.170000 -13 169 1 0 1.000000
2.328900 -2.325800 0 15.236000 7.955670 186.472000 1933.120000 -13 170 1 0 1.000000
1.106580 -1.985960 0 4.815610 0.204045 179.623000 1933.340000 -13 171 1 0 1.000000
-2.748200 0.735243 0 -0.503823 -15.469300 195.303000 1933.270000 -13 172 1 0 1.000000
-0.181340 -3.812500 0 14.627600 -2.881740 195.400000 1933.120000 -13 173 1 0 1.000000
-2.606940 -1.358470 0 9.432000 2.449920 194.911000 1933.170000 -13 174 1 0 1.000000
-0.981259 -0.004150 0 -17.230000 -1.242060 191.098000 1933.290000 -13 175 1 0 1.000000
-0.277121 -1.455730 0 -5.222170 -8.864670 184.159000 1933.230000 -13 176 1 0 1.000000
0.366656 -2.581500 0 -9.715440 29.324600 192.579000 1933.150000 -13 177 1 0 1.000000
-0.004594 -1.451470 0 -15.631100 -2.177280 200.351000 1933.150000 -13 178 1 0 1.000000
-1.546480 -2.684050 0 -14.315200 6.001330 200.616000 1933.260000 -13 179 1 0 1.000000
-1.908550 -2.070820 0 -9.407960 21.364300 186.420000 1933.070000 -13 180 1 0 1.000000
-3.055510 -3.841960 0 -1.606500 17.922000 186.959000 1933.090000 -13 181 1 0 1.000000
-0.524141 -0.357848 0 -3.007970 13.839400 202.413000 1933.070000 -13 182 1 0 1.000000
0.154033 0.685276 0 -13.263900 13.188900 196.844000 1933.130000 -13 183 1 0 1.000000
-0.582788 -1.917240 0 -5.838290 -11.566600 188.016000 1933.160000 -13 184 1 0 1.000000
0.574532 -3.818830 0 7.571290 0.428668 183.137000 1933.210000 -13 185 1 0 1.000000
1.359180 -1.418670 0 -0.132450 -2.650100 208.029000 1933.140000 -13 186 1 0 1.000000
-2.139350 -3.490190 0 10.095000 -14.305600 195.430000 1933.170000 -13 187 1 0 1.000000
-0.917850 -4.130050 0 7.722140 22.423700 205.896000 1933.210000 -13 188 1 0 1.000000
-3.159780 -1.705610 0 0.534896 -20.734700 200.441000 1933.290000 -13 189 1 0 1.000000
-1.490000 -3.324080 0 -7.844790 12.231200 195.595000 1933.380000 -13 190 1 0 1.000000
-2.005020 -0.830948 0 5.803170 -16.744500 201.604000 1933.110000 -13 191 1 0 1.000000
0.900883 1.897200 0 -14.807500 -6.793190 186.683000 1933.240000 -13 192 1 0 1.000000
0.207893 -2.958890 0 -14.502400 -15.467400 192.280000 1933.040000 -13 193 1 0 1.000000
0.170951 -4.371220 0 -0.751253 -0.119346 202.430000 1933.090000 -13 194 1 0 1.000000
-4.073830 -3.462700 0 -4.718380 2.047010 188.587000 1933.260000 -13 195 1 0 1.000000
0.226690 -1.564310 0 -10.524900 8.284560 175.633000 1933.220000 -13 196 1 0 1.000000
-2.596010 -0.802020 0 0.159509 -20.472600 190.717000 1933.200000 -13 197 1 0 1.000000
-0.006898 -3.213130 0 -14.304800 -1.942760 208.741000 1933.180000 -13 198 1 0 1.000000
-2.755070 0.729686 0 3.486310 -2.497130 195.618000 1933.020000 -13 199 1 0 1.000000
-1.683940 0.514592 0 7.540480 -4.781200 187.018000 1933.210000 -13 200 1 0 1.000000
0.719581 -1.289060 0 -17.667600 -16.899200 188.898000 1933.090000 -13 201 1 0 1.000000
-0.827360 -0.209080 0 -8.597800 10.669900 194.167000 1933.080000 -13 202 1 0 1.000000
1.302210 -3.023010 0 6.186590 17.594300 201.258000 1933.050000 -13 203 1 0 1.000000
-2.444640 1.318840 0 -0.030694 -8.088250 185.786000 1933.240000 -13 204 1 0 1.000000
-0.943588 -3.184270 0 -3.323470 -13.448500 185.138000 1933.110000 -13 205 1 0 1.000000
-2.108120 -2.710430 0 10.336600 -6.961330 197.176000 1933.230000 -13 206 1 0 1.000000
-1.657180 0.123724 0 23.862000 5.678120 203.792000 1933.160000 -13 207 1 0 1.000000
-3.226690 -0.503881 0 -1.950130 15.081500 186.758000 1933.120000 -13 208 1 0 1.000000
-2.727950 -0.084886 0 5.416150 -15.783600 191.362000 1933.130000 -13 209 1 0 1.000000
-0.407899 -2.797510 0 3.592710 -13.629300 202.087000 1933.310000 -13 210 1 0 1.000000
-0.503997 -4.176560 0 -10.827800 2.470010 188.451000 1933.170000 -13 211 1 0 1.000000
-2.335440 -2.697510 0 -5.050010 -18.216800 181.054000 1933.270000 -13 212 1 0 1.000000
-0.441114 -1.901160 0 -10.759100 4.571270 190.989000 1933.170000 -13 213 1 0 1.000000
-0.973506 0.354159 0 -7.244170 -12.292600 203.754000 1933.270000 -13 214 1 0 1.000000
-0.850016 -1.280890 0 -9.166060 -21.832800 201.592000 1933.160000 -13 215 1 0 1.000000
-3.508630 0.473079 0 -9.277510 -20.770800 190.187000 1933.190000 -13 216 1 0 1.000000
-1.650190 -0.551625 0 7.302480 8.119310 192.115000 1933.190000 -13 217 1 0 1.000000
-0.852052 -0.076038 0 7.677610 4.113980 192.787000 1933.100000 -13 218 1 0 1.000000
-1.791050 -4.254200 0 2.950060 0.510381 194.327000 1933.370000 -13 219 1 0 1.000000
0.119511 0.450721 0 14.586000 -3.434950 184.521000 1933.150000 -13 220 1 0 1.000000
-2.321110 -1.615540 0 -9.050410 -24.440000 197.133000 1933.180000 -13 221 1 0 1.000000
-0.424624 -1.541650 0 16.652100 -1.024130 195.459000 1933.010000 -13 222 1 0 1.000000
-0.725692 -0.489913 0 7.309690 10.162000 189.600000 1933.090000 -13 223 1 0 1.000000
-0.067169 -2.268630 0 -13.987600 -17.567300 190.962000 1933.270000 -13 224 1 0 1.000000
-0.148722 -2.949180 0 3.527370 8.026340 186.817000 1933.020000 -13 225 1 0 1.000000
-1.868670 -3.351890 0 18.055000 -5.754290 200.364000 1933.160000 -13 226 1 0 1.000000
-1.097400 0.522255 0 -1.165900 -7.871650 201.071000 1933.230000 -13 227 1 0 1.000000
-0.498273 -3.243830 0 5.232220 -0.108184 197.168000 1933.150000 -13 228 1 0 1.000000
-1.616330 -0.813923 0 -8.678090 12.643900 186.355000 1933.160000 -13 229 1 0 1.000000
-1.075840 -4.203930 0 -0.615740 10.069200 185.442000 1933.240000 -13 230 1 0 1.000000
-1.226820 -1.814220 0 16.965900 -10.738100 200.361000 1933.160000 -13 231 1 0 1.000000
-2.206880 1.107210 0 -15.815000 -5.465810 199.347000 1933.170000 -13 232 1 0 1.000000
0.707327 0.607227 0 6.436050 -2.246960 197.389000 1933.120000 -13 233 1 0 1.000000
-1.957260 -3.430940 0 6.624520 0.772399 207.150000 1933.200000 -13 234 1 0 1.000000
1.492760 -0.048219 0 5.385390 -11.291200 198.948000 1933.120000 -13 235 1 0 1.000000
-3.354570 -1.362950 0 13.211400 -16.427600 189.897000 1933.180000 -13 236 1 0 1.000000
-0.228420 -0.143714 0 6.355100 -1.171200 194.440000 1933.040000 -13 237 1 0 1.000000
-1.149970 1.731990 0 -13.767700 -8.199180 186.768000 1933.200000 -13 238 1 0 1.000000
-2.609870 -1.631950 0 11.743200 16.310500 197.274000 1933.100000 -13 239 1 0 1.000000
-0.463273 -2.941460 0 0.938887 8.523690 197.149000 1933.180000 -13 240 1 0 1.000000
-0.036435 -1.768800 0 -11.980400 -5.488880 206.810000 1933.250000 -13 241 1 0 1.000000
0.407126 -1.453880 0 -2.496420 -14.469100 184.441000 1933.220000 -13 242 1 0 1.000000
0.171976 -0.028793 0 -5.413880 9.222440 200.395000 1933.190000 -13 243 1 0 1.000000
-0.580765 -4.130470 0 1.000300 8.320430 207.888000 1933.180000 -13 244 1 0 1.000000
1.283730 -1.496730 0 -9.782340 8.830480 200.387000 1933.110000 -13 245 1 0 1.000000
-3.579090 -2.165990 0 2.036710 1.457980 203.951000 1933.210000 -13 246 1 0 1.000000
-1.747670 -0.016466 0 2.602460 12.012500 188.751000 1933.070000 -13 247 1 0 1.000000
-2.562390 -0.476163 0 -0.751656 -3.341470 198.477000 1933.140000 -13 248 1 0 1.000000
0.143799 1.430300 0 -14.045900 -9.117520 190.345000 1933.060000 -13 249 1 0 1.000000
-3.715630 -1.811710 0 14.345900 21.390900 206.449000 1933.180000 -13 250 1 0 1.000000
-1.164840 -2.721750 0 0.917202 16.265600 201.719000 1933.280000 -13 251 1 0 1.000000
-0.142266 -1.721650 0 4.941960 14.569600 186.047000 1933.110000 -13 252 1 0 1.000000
-1.232690 -1.086630 0 6.258790 0.135862 195.726000 1933.130000 -13 253 1 0 1.000000
1.766790 -4.732250 0 16.010900 16.008100 199.046000 1933.290000 -13 254 1 0 1.000000
-3.527480 -0.020473 0 3.920610 1.080250 184.520000 1933.190000 -13 255 1 0 1.000000
-2.553040 -3.201360 0 5.687740 -15.172600 197.456000 1933.330000 -13 256 1 0 1.000000
-1.736490 -2.169500 0 -12.495200 -4.726970 190.961000 1933.040000 -13 257 1 0 1.000000
-0.006744 -4.975240 0 10.402800 3.635810 195.135000 1933.100000 -13 258 1 0 1.000000
1.696540 -4.456380 0 -2.553590 -10.127400 194.505000 1933.170000 -13 259 1 0 1.000000
-1.426820 -0.585618 0 5.046180 12.482900 193.985000 1933.080000 -13 260 1 0 1.000000
-0.146712 -2.538550 0 4.996400 0.238137 194.878000 1933.190000 -13 261 1 0 1.000000
0.118763 -3.589030 0 10.761600 15.883700 181.566000 1933.190000 -13 262 1 0 1.000000
-1.928000 -1.805950 0 4.744410 2.289090 192.925000 1933.120000 -13 263 1 0 1.000000
-0.539076 -1.852390 0 2.159920 13.326100 205.111000 1933.240000 -13 264 1 0 1.000000
-1.359830 -1.805240 0 5.264420 -6.279250 195.246000 1933.090000 -13 265 1 0 1.000000
-0.756305 -3.792160 0 -8.257280 -7.561710 192.129000 1933.070000 -13 266 1 0 1.000000
-3.262980 -3.961320 0 1.596270 10.435700 185.420000 1933.090000 -13 267 1 0 1.000000
0.819863 -1.763780 0 -12.323900 15.443700 191.163000 1933.270000 -13 268 1 0 1.000000
-2.339590 -2.248220 0 2.598940 -17.851300 197.030000 1933.240000 -13 269 1 0 1.000000
-1.347550 -1.688490 0 -4.330090 -2.808210 196.156000 1933.200000 -13 270 1 0 1.000000
-2.388150 1.564960 0 -4.480050 11.433900 196.330000 1933.250000 -13 271 1 0 1.000000
-0.804279 -2.631500 0 -19.717200 -1.592430 201.190000 1933.320000 -13 272 1 0 1.000000
-3.126510 -1.253650 0 -8.461870 12.989600 187.609000 1933.100000 -13 273 1 0 1.000000
-2.706790 -3.193190 0 4.545870 1.022590 191.524000 1933.030000 -13 274 1 0 1.000000
-2.395090 -1.581660 0 -19.754300 3.487840 188.958000 1933.190000 -13 275 1 0 1.000000
-0.903907 -3.532650 0 -4.042460 0.203390 185.501000 1933.210000 -13 276 1 0 1.000000
-3.173750 -1.253560 0 -0.635403 7.326570 199.314000 1933.320000 -13 277 1 0 1.000000
-1.086850 0.726284 0 1.895700 -7.703680 205.944000 1933.130000 -13 278 1 0 1.000000
-0.868792 -3.629420 0 12.950900 -5.599320 198.753000 1933.180000 -13 279 1 0 1.000000
-1.779730 -0.537515 0 3.971140 0.890653 195.456000 1933.260000 -13 280 1 0 1.000000
-3.171650 -3.076360 0 -11.012700 -9.831170 193.399000 1933.280000 -13 281 1 0 1.000000
-2.382990 -3.463510 0 -1.660490 -10.215200 207.108000 1933.140000 -13 282 1 0 1.000000
-0.713326 -4.737670 0 -2.013680 -2.206220 197.005000 1933.200000 -13 283 1 0 1.000000
0.218312 -2.852830 0 -14.873700 -10.443500 199.206000 1933.140000 -13 284 1 0 1.000000
-2.196050 0.528634 0 1.094430 -9.301330 200.752000 1933.210000 -13 285 1 0 1.000000
-0.186206 -2.716350 0 8.502470 -7.861490 198.046000 1933.090000 -13 286 1 0 1.000000
-2.021950 0.100445 0 -15.438600 -5.710910 193.527000 1933.030000 -13 287 1 0 1.000000
0.247721 -5.280800 0 9.721000 -2.953550 192.032000 1933.290000 -13 288 1 0 1.000000
-2.364450 -3.452370 0 6.781140 -18.653400 196.478000 1933.190000 -13 289 1 0 1.000000
-1.773830 -3.634730 0 -21.601300 1.523610 191.581000 1933.170000 -13 290 1 0 1.000000
-1.596370 -2.301610 0 -7.770300 5.280030 195.232000 1933.110000 -13 291 1 0 1.000000
-0.488082 -1.646380 0 8.521240 7.750390 194.390000 1933.030000 -13 292 1 0 1.000000
-1.380230 -3.177890 0 5.269160 -8.409980 198.558000 1933.150000 -13 293 1 0 1.000000
-1.422080 -2.132740 0 -5.558700 7.723500 196.215000 1933.200000 -13 294 1 0 1.000000
-1.485790 -1.860200 0 -15.514000 -5.768120 181.179000 1933.260000 -13 295 1 0 1.000000
-3.145990 0.156629 0 0.485279 -15.948000 204.523000 1933.180000 -13 296 1 0 1.000000
-2.025470 -1.881220 0 6.452250 -8.289740 202.436000 1933.190000 -13 297 1 0 1.000000
-0.809775 1.834780 0 -11.444300 2.551110 194.994000 1933.140000 -13 298 1 0 1.000000
1.249740 -3.127430 0 13.895500 6.500120 199.212000 1933.190000 -13 299 1 0 1.000000
0.771498 -1.994610 0 7.192420 -1.658390 192.799000 1933.080000 -13 300 1 0 1.000000
-1.556070 0.076003 0 -16.095900 6.393330 184.138000 1933.300000 -13 301 1 0 1.000000
-0.625623 -2.028900 0 15.280500 -8.434970 188.335000 1933.100000 -13 302 1 0 1.000000
-0.798438 -0.828029 0 0.621219 19.435300 184.571000 1933.250000 -13 303 1 0 1.000000
-0.299967 -1.623920 0 -0.490902 9.784160 198.098000 1933.070000 -13 304 1 0 1.000000
2.096210 0.823896 0 -2.520640 -16.298000 200.230000 1933.200000 -13 305 1 0 1.000000
0.655135 -3.687370 0 5.850660 11.366100 205.670000 1933.230000 -13 306 1 0 1.000000
-1.790420 -3.416000 0 -3.452970 13.490000 200.860000 1933.200000 -13 307 1 0 1.000000
-1.189830 -0.621504 0 -14.771900 -14.675500 205.395000 1933.100000 -13 308 1 0 1.000000
0.538790 -1.169540 0 -0.130854 1.993550 204.353000 1933.090000 -13 309 1 0 1.000000
0.462580 -1.391460 0 -2.003170 23.384700 197.927000 1933.230000 -13 310 1 0 1.000000
0.311072 -2.022090 0 7.648370 10.054100 212.856000 1933.250000 -13 311 1 0 1.000000
-2.224990 -3.288800 0 -8.927240 0.728241 193.144000 1933.150000 -13 312 1 0 1.000000
1.583900 -2.931530 0 -10.617000 1.311920 191.629000 1933.160000 -13 313 1 0 1.000000
0.472548 -1.615770 0 -7.546890 20.072600 194.641000 1933.280000 -13 314 1 0 1.000000
-0.706656 -2.992650 0 -4.966300 -17.905800 203.231000 1933.190000 -13 315 1 0 1.000000
-1.020050 -2.339300 0 -1.206280 -3.954760 186.579000 1933.200000 -13 316 1 0 1.000000
-0.127015 -4.195100 0 6.192040 14.717100 184.074000 1933.230000 -13 317 1 0 1.000000
-0.508649 -0.554877 0 1.568320 -16.317600 199.878000 1933.150000 -13 318 1 0 1.000000
-2.924250 -4.085700 0 -7.075820 6.267390 203.306000 1933.210000 -13 319 1 0 1.000000
-3.240200 -1.892730 0 -6.542630 -8.007350 189.242000 1933.200000 -13 320 1 0 1.000000
1.048540 -1.606480 0 7.618690 -14.884200 195.662000 1933.160000 -13 321 1 0 1.000000
0.176711 -3.501460 0 7.974830 -6.363300 192.633000 1933.080000 -13 322 1 0 1.000000
-0.530577 -1.842440 0 -4.380650 1.138010 187.731000 1933.250000 -13 323 1 0 1.000000
0.411158 -3.936100 0 -3.272240 -8.055950 197.821000 1933.200000 -13 324 1 0 1.000000
-3.338350 -0.830506 0 -0.717340 -3.988180 200.385000 1933.320000 -13 325 1 0 1.000000
-1.931000 -1.422790 0 9.926430 -15.338500 191.998000 1933.380000 -13 326 1 0 1.000000
-0.599208 0.480849 0 -8.134860 3.274380 186.842000 1933.200000 -13 327 1 0 1.000000
-1.431870 -0.685118 0 12.323900 -10.857000 186.295000 1933.240000 -13 328 1 0 1.000000
-0.378288 0.177931 0 -7.517780 5.711670 190.851000 1933.260000 -13 329 1 0 1.000000
-1.558100 -1.183540 0 2.549510 -18.996300 184.411000 1933.150000 -13 330 1 0 1.000000
-1.414150 -1.976520 0 6.474480 -9.498470 204.689000 1933.240000 -13 331 1 0 1.000000
-1.570970 -0.207648 0 7.944040 -7.088850 190.697000 1933.130000 -13 332 1 0 1.000000
1.397890 -2.368400 0 -21.719100 4.197660 179.687000 1933.430000 -13 333 1 0 1.000000
1.251550 -1.761730 0 -10.395100 3.271520 196.148000 1933.200000 -13 334 1 0 1.000000
-2.098390 -1.777500 0 12.690700 -13.067200 206.920000 1933.200000 -13 335 1 0 1.000000
-2.844440 -3.019000 0 13.587000 4.660380 208.149000 1933.130000 -13 336 1 0 1.000000
-1.169400 -2.831350 0 9.929230 -15.513500 187.911000 1933.040000 -13 337 1 0 1.000000
-1.719880 0.271363 0 0.821753 11.805500 194.549000 1932.970000 -13 338 1 0 1.000000
-0.574436 -0.477336 0 5.861350 11.918400 197.753000 1933.080000 -13 339 1 0 1.000000
-0.332593 -0.974958 0 -0.583664 14.254600 202.804000 1933.170000 -13 340 1 0 1.000000
-1.608500 -2.791660 0 17.407300 21.567100 192.333000 1933.290000 -13 341 1 0 1.000000
-0.855148 0.233220 0 -5.415910 -7.892120 192.128000 1933.210000 -13 342 1 0 1.000000
-4.346500 -2.311500 0 -2.757310 7.110330 196.639000 1933.200000 -13 343 1 0 1.000000
-1.127690 -0.435700 0 -7.841060 8.445810 211.582000 1933.130000 -13 344 1 0 1.000000
-1.530520 -0.585833 0 -6.292170 6.045410 190.907000 1933.220000 -13 345 1 0 1.000000
0.719058 -0.620672 0 7.401260 13.058900 195.711000 1933.110000 -13 346 1 0 1.000000
-3.312770 -1.432000 0 -1.718480 6.963620 193.540000 1933.080000 -13 347 1 0 1.000000
-0.034796 -3.452910 0 0.922420 -3.181160 196.655000 1933.320000 -13 348 1 0 1.000000
-3.887310 -4.165200 0 16.599700 -4.531740 212.005000 1933.140000 -13 349 1 0 1.000000
1.824860 -3.001120 0 17.763500 21.983500 187.834000 1933.170000 -13 350 1 0 1.000000
-1.940490 0.163827 0 3.665080 3.026800 196.590000 1933.220000 -13 351 1 0 1.000000
-1.595740 -0.475618 0 12.427700 10.808100 202.177000 1933.170000 -13 352 1 0 1.000000
-1.443120 1.584280 0 -1.471420 5.034050 196.378000 1933.100000 -13 353 1 0 1.000000
0.663380 -3.548130 0 18.411600 4.798440 200.049000 1933.190000 -13 354 1 0 1.000000
-2.906480 -6.212230 0 5.826880 -10.592000 194.318000 1933.130000 -13 355 1 0 1.000000
1.620500 -1.127310 0 -11.949800 -16.784400 205.135000 1933.180000 -13 356 1 0 1.000000
-1.079730 -1.591050 0 -2.724950 -6.346110 188.658000 1933.110000 -13 357 1 0 1.000000
-1.469980 -2.343150 0 -16.251500 1.053130 198.992000 1932.990000 -13 358 1 0 1.000000
-3.362860 -0.561713 0 -5.154230 -5.746040 193.900000 1933.160000 -13 359 1 0 1.000000
0.413083 -3.373970 0 3.890020 -0.804836 190.076000 1933.250000 -13 360 1 0 1.000000
-0.653631 -1.970330 0 -3.467370 -2.976220 199.930000 1933.080000 -13 361 1 0 1.000000
0.347366 -2.365230 0 7.641050 -3.225550 199.954000 1933.110000 -13 362 1 0 1.000000
0.375477 -3.377790 0 -5.717270 -5.020800 194.589000 1932.930000 -13 363 1 0 1.000000
-1.862230 0.852457 0 3.192150 -3.373500 196.942000 1933.260000 -13 364 1 0 1.000000
-0.041811 -1.317310 0 6.764750 -8.059260 198.586000 1933.140000 -13 365 1 0 1.000000
-1.890080 -2.877580 0 -11.973900 13.284000 189.410000 1933.100000 -13 366 1 0 1.000000
-0.167878 -0.524190 0 -11.812300 16.391200 188.087000 1933.080000 -13 367 1 0 1.000000
0.925753 -2.972080 0 -5.401850 -2.678250 190.042000 1933.370000 -13 368 1 0 1.000000
-0.178577 -2.220490 0 -7.388480 -5.366920 198.792000 1933.170000 -13 369 1 0 1.000000
-0.161072 -3.246220 0 13.671400 4.231480 187.045000 1933.200000 -13 370 1 0 1.000000
-0.629332 -0.420991 0 1.369310 4.357670 191.863000 1933.230000 -13 371 1 0 1.000000
-0.407819 -1.114450 0 -10.517600 0.876363 181.983000 1933.230000 -13 372 1 0 1.000000
-2.520200 -3.285620 0 -5.057840 -6.243660 208.930000 1933.160000 -13 373 1 0 1.000000
0.884096 -2.327490 0 -12.057600 -23.381300 199.515000 1933.040000 -13 374 1 0 1.000000
-1.715120 -1.276270 0 -13.741600 7.615380 196.805000 1933.290000 -13 375 1 0 1.000000
-0.292153 -3.230690 0 8.070930 3.514800 188.191000 1933.230000 -13 376 1 0 1.000000
-2.285210 0.471455 0 -21.971800 -2.103840 189.536000 1933.230000 -13 377 1 0 1.000000
0.010669 -1.626800 0 -5.175910 18.067800 204.995000 1933.290000 -13 378 1 0 1.000000
0.870462 0.052700 0 4.996820 -8.297780 193.343000 1933.210000 -13 379 1 0 1.000000
-0.885794 1.667640 0 -12.610500 8.569250 198.067000 1933.130000 -13 380 1 0 1.000000
-0.024247 -5.879960 0 15.290500 6.419800 205.588000 1933.250000 -13 381 1 0 1.000000
-0.786438 -1.473490 0 -11.476600 3.314290 189.422000 1933.090000 -13 382 1 0 1.000000
0.229494 -2.565380 0 -21.042700 13.180900 204.043000 1933.250000 -13 383 1 0 1.000000
-0.732894 -5.825960 0 10.863900 8.856410 200.668000 1933.020000 -13 384 1 0 1.000000
-0.552375 -1.275930 0 -4.912360 0.488138 197.095000 1933.250000 -13 385 1 0 1.000000
-1.201210 -1.639000 0 5.556300 -5.392080 185.132000 1933.280000 -13 386 1 0 1.000000
-3.100860 -0.079584 0 1.203040 -14.618000 197.034000 1933.300000 -13 387 1 0 1.000000
-3.089320 -0.422571 0 1.054720 10.834400 197.359000 1933.350000 -13 388 1 0 1.000000
-0.543421 -1.173320 0 5.730670 14.114400 204.677000 1933.300000 -13 389 1 0 1.000000
-1.122310 -0.460409 0 -15.142000 -2.354580 185.561000 1933.210000 -13 390 1 0 1.000000
-2.542620 -1.939080 0 5.369120 -16.606400 191.831000 1933.240000 -13 391 1 0 1.000000
-2.135790 -0.393142 0 -22.734500 -5.723890 189.048000 1933.290000 -13 392 1 0 1.000000
-3.714590 -2.017900 0 1.346970 -7.721480 204.482000 1933.170000 -13 393 1 0 1.000000
-1.792270 -4.839640 0 -1.970300 17.283500 195.791000 1933.300000 -13 394 1 0 1.000000
-1.236670 -1.282520 0 -1.777880 -3.495060 198.909000 1933.350000 -13 395 1 0 1.000000
0.075597 -3.586340 0 3.213320 3.921560 203.038000 1933.170000 -13 396 1 0 1.000000
0.494112 0.697962 0 14.247200 -13.760900 189.677000 1933.060000 -13 397 1 0 1.000000
-0.508468 -2.349760 0 -12.328200 -12.077900 187.578000 1933.020000 -13 398 1 0 1.000000
-3.212670 -4.023990 0 -9.070190 6.066900 210.397000 1933.290000 -13 399 1 0 1.000000
-0.500769 -3.218930 0 -19.894000 -1.130550 191.892000 1933.100000 -13 400 1 0 1.000000
-0.556142 -0.065814 0 -0.585161 0.623125 197.871000 1933.320000 -13 401 1 0 1.000000
-1.194590 0.044995 0 3.304850 -6.548770 188.088000 1933.180000 -13 402 1 0 1.000000
0.745906 -1.857090 0 2.711670 -1.343100 194.975000 1933.230000 -13 403 1 0 1.000000
-1.603090 -1.508390 0 9.863530 -11.703300 189.000000 1933.180000 -13 404 1 0 1.000000
0.990692 -3.428000 0 4.355950 0.134327 191.304000 1933.200000 -13 405 1 0 1.000000
-1.016410 0.796245 0 -15.813800 19.353700 199.540000 1933.050000 -13 406 1 0 1.000000
-2.286680 -1.141270 0 -6.253660 -0.296367 183.568000 1933.170000 -13 407 1 0 1.000000
-0.480229 -0.829703 0 5.284220 -1.556440 196.731000 1933.090000 -13 408 1 0 1.000000
-0.189778 -3.981630 0 14.557800 -6.968870 205.677000 1933.120000 -13 409 1 0 1.000000
-0.812672 -1.248050 0 -13.799200 -15.092900 201.215000 1933.110000 -13 410 1 0 1.000000
-3.535290 -2.524610 0 -3.419500 -15.522500 208.523000 1933.130000 -13 411 1 0 1.000000
-0.083495 -6.854570 0 -9.981970 2.457160 198.218000 1933.170000 -13 412 1 0 1.000000
-0.819780 1.711350 0 0.310415 -4.500590 194.994000 1933.100000 -13 413 1 0 1.000000
-2.077780 -0.222661 0 8.041800 -13.864300 203.514000 1933.070000 -13 414 1 0 1.000000
-1.734610 -3.207880 0 8.825200 4.008030 191.703000 1933.330000 -13 415 1 0 1.000000
-3.467150 -1.392310 0 4.169570 1.768530 197.637000 1933.270000 -13 416 1 0 1.000000
-1.564260 -4.241640 0 4.334830 7.936440 186.395000 1933.150000 -13 417 1 0 1.000000
1.542530 -0.763557 0 -4.805600 16.583300 197.501000 1933.180000 -13 418 1 0 1.000000
-0.586464 -3.521400 0 -1.007150 -2.964340 187.627000 1933.060000 -13 419 1 0 1.000000
-1.088920 -2.385940 0 9.771420 9.285230 193.350000 1933.240000 -13 420 1 0 1.000000
-1.239600 -3.554670 0 3.038440 -0.035688 196.567000 1933.350000 -13 421 1 0 1.000000
-1.370920 0.145757 0 -5.629460 -15.821900 200.452000 1933.330000 -13 422 1 0 1.000000
-2.171260 -1.118560 0 -9.522060 2.674340 193.770000 1933.070000 -13 423 1 0 1.000000
0.067445 -0.550925 0 -7.325640 24.627000 202.060000 1933.190000 -13 424 1 0 1.000000
-1.325800 -2.106930 0 -8.594890 6.989450 178.077000 1933.150000 -13 425 1 0 1.000000
-2.502130 -0.994655 0 -1.983580 -2.053760 195.377000 1933.350000 -13 426 1 0 1.000000
-3.027970 -0.711123 0 8.675240 9.203940 187.912000 1933.300000 -13 427 1 0 1.000000
0.047641 -1.575500 0 3.972100 2.387820 201.468000 1933.200000 -13 428 1 0 1.000000
-1.003710 -1.969390 0 -1.783500 4.578580 191.598000 1933.210000 -13 429 1 0 1.000000
-3.881230 -3.342340 0 0.179976 -11.090600 198.347000 1933.240000 -13 430 1 0 1.000000
-2.571080 -0.283440 0 -2.201680 13.486600 196.549000 1933.270000 -13 431 1 0 1.000000
-1.195270 -1.934310 0 4.789970 20.427500 210.196000 1933.150000 -13 432 1 0 1.000000
1.116610 1.058510 0 -10.966500 1.303590 194.579000 1933.200000 -13 433 1 0 1.000000
1.011790 -0.597655 0 -9.957310 9.130830 201.388000 1933.120000 -13 434 1 0 1.000000
-2.064070 -1.923840 0 0.681594 -15.630900 199.852000 1933.200000 -13 435 1 0 1.000000
-1.342230 -0.672721 0 -24.163700 14.592000 205.086000 1933.240000 -13 436 1 0 1.000000
-1.848530 -0.369754 0 -2.204420 -2.169810 193.241000 1933.200000 -13 437 1 0 1.000000
-2.318600 1.203020 0 -6.863920 2.407360 203.840000 1933.310000 -13 438 1 0 1.000000
-0.905166 2.922530 0 -5.518720 9.872440 202.596000 1933.090000 -13 439 1 0 1.000000
-2.092430 -1.411760 0 6.072970 16.687400 181.184000 1933.180000 -13 440 1 0 1.000000
-2.005170 1.331460 0 -0.504950 1.566140 196.116000 1933.170000 -13 441 1 0 1.000000
-0.511289 -2.334870 0 5.802460 -7.322240 199.607000 1933.130000 -13 442 1 0 1.000000
-0.802980 -1.951010 0 5.979700 -10.068000 201.134000 1933.260000 -13 443 1 0 1.000000
1.615990 -2.783550 0 -7.490010 5.527530 180.951000 1933.140000 -13 444 1 0 1.000000
-1.344800 -0.382346 0 -10.675700 7.900980 195.361000 1933.070000 -13 445 1 0 1.000000
-0.436673 -1.072930 0 -11.183600 1.448470 188.397000 1933.050000 -13 446 1 0 1.000000
1.226520 -0.765771 0 9.108680 -1.818100 190.386000 1933.140000 -13 447 1 0 1.000000
-1.472940 -1.973280 0 -1.259100 0.115487 189.131000 1933.120000 -13 448 1 0 1.000000
-1.047690 2.004800 0 14.804000 -2.521680 199.877000 1933.200000 -13 449 1 0 1.000000
-1.879350 -3.480950 0 -0.558893 5.288490 205.219000 1933.140000 -13 450 1 0 1.000000
-0.997553 -2.175520 0 -2.746350 -2.823580 208.496000 1933.150000 -13 451 1 0 1.000000
-0.204949 -0.397601 0 5.771710 2.550430 201.734000 1933.290000 -13 452 1 0 1.000000
-1.086950 0.083020 0 8.709660 -11.520600 188.762000 1933.130000 -13 453 1 0 1.000000
-0.032841 -3.882200 0 9.017520 -0.909190 196.537000 1933.290000 -13 454 1 0 1.000000
-1.198560 1.603170 0 -20.273300 -2.050900 200.843000 1933.150000 -13 455 1 0 1.000000
1.403820 -1.699170 0 -0.877387 0.003568 208.158000 1933.180000 -13 456 1 0 1.000000
-2.698470 -1.193430 0 -5.872840 11.145700 193.211000 1933.120000 -13 457 1 0 1.000000
-0.656017 0.615099 0 -13.206000 14.330000 186.412000 1933.190000 -13 458 1 0 1.000000
0.827126 -2.506600 0 3.327430 1.286010 190.647000 1933.270000 -13 459 1 0 1.000000
-2.034570 0.909592 0 -17.012900 -10.978800 190.501000 1933.180000 -13 460 1 0 1.000000
1.486190 -1.821130 0 -6.493780 19.895100 192.322000 1933.110000 -13 461 1 0 1.000000
-1.411560 -3.120560 0 3.218640 17.529700 184.766000 1933.250000 -13 462 1 0 1.000000
-0.236048 -0.165655 0 4.520830 10.084000 186.895000 1933.200000 -13 463 1 0 1.000000
-0.978616 -4.742040 0 -1.382060 -5.474870 191.612000 1933.160000 -13 464 1 0 1.000000
-2.454040 -2.207320 0 13.485500 7.192380 204.628000 1933.150000 -13 465 1 0 1.000000
-3.819930 -2.508340 0 5.316410 -7.667980 190.052000 1933.090000 -13 466 1 0 1.000000
-1.228540 -4.183990 0 15.733800 0.154329 200.388000 1933.300000 -13 467 1 0 1.000000
-3.475820 -1.899390 0 -2.247640 -19.387500 205.623000 1933.150000 -13 468 1 0 1.000000
-3.774170 -1.144390 0 4.534310 -14.264600 202.926000 1933.200000 -13 469 1 0 1.000000
-0.566735 -4.363610 0 12.751300 -3.763690 202.176000 1933.140000 -13 470 1 0 1.000000
-2.298530 -0.777457 0 1.074690 3.463500 198.118000 1932.970000 -13 471 1 0 1.000000
-0.862956 1.665200 0 -16.180100 -5.966950 202.467000 1933.170000 -13 472 1 0 1.000000
0.895868 -3.357050 0 9.048000 22.000000 196.358000 1933.030000 -13 473 1 0 1.000000
-1.479520 -1.279920 0 2.909060 10.403300 183.435000 1933.110000 -13 474 1 0 1.000000
-0.826518 -4.060360 0 10.558000 -5.628720 206.336000 1933.150000 -13 475 1 0 1.000000
-2.692940 -1.083740 0 -2.737620 2.484780 196.518000 1933.140000 -13 476 1 0 1.000000
-1.596960 -1.229140 0 -6.157930 -11.841900 204.775000 1933.310000 -13 477 1 0 1.000000
-0.269344 -2.766830 0 3.096480 -2.087380 203.472000 1933.230000 -13 478 1 0 1.000000
-2.380150 -0.631131 0 15.072400 -6.641930 194.764000 1933.320000 -13 479 1 0 1.000000
-0.839936 -1.095040 0 -20.004900 9.249230 179.005000 1933.170000 -13 480 1 0 1.000000
-2.290000 1.315420 0 -3.313630 5.826670 189.141000 1933.130000 -13 481 1 0 1.000000
-1.367610 -5.514770 0 -5.701640 -11.040900 206.108000 1933.120000 -13 482 1 0 1.000000
-3.019910 -3.243260 0 1.487810 15.577600 184.547000 1933.020000 -13 483 1 0 1.000000
-1.688500 -3.862710 0 3.897300 -11.869000 186.090000 1933.140000 -13 484 1 0 1.000000
-2.193570 -1.838270 0 -8.266380 -3.505390 202.921000 1933.300000 -13 485 1 0 1.000000
-0.085397 -0.710650 0 -0.703027 -13.847900 193.360000 1933.290000 -13 486 1 0 1.000000
-1.097380 -4.087680 0 17.794300 11.171400 189.622000 1933.070000 -13 487 1 0 1.000000
-0.433299 -3.064170 0 2.231760 2.517370 197.380000 1933.220000 -13 488 1 0 1.000000
-0.143026 -2.032320 0 3.872180 12.088900 201.011000 1933.150000 -13 489 1 0 1.000000
-0.213554 -1.273960 0 5.080190 -6.687710 191.016000 1933.330000 -13 490 1 0 1.000000
-2.398190 -0.570173 0 2.079280 -18.092400 194.808000 1933.130000 -13 491 1 0 1.000000
-1.643000 -4.482850 0 9.900600 -8.464870 187.913000 1933.180000 -13 492 1 0 1.000000
-0.073026 -1.334110 0 -11.311700 7.518610 196.555000 1933.030000 -13 493 1 0 1.000000
-1.813330 -2.596540 0 4.587430 -12.231900 205.663000 1933.230000 -13 494 1 0 1.000000
-1.811380 0.321477 0 -19.207600 -3.121310 196.117000 1933.040000 -13 495 1 0 1.000000
-1.028930 -3.073270 0 2.316250 -0.037674 199.073000 1933.200000 -13 496 1 0 1.000000
0.639108 -2.709450 0 -7.745020 10.252800 187.431000 1933.190000 -13 497 1 0 1.000000
-2.629600 -0.473151 0 -4.042180 9.084080 195.148000 1933.320000 -13 498 1 0 1.000000
-1.031200 -3.879490 0 9.942740 24.905800 201.752000 1933.260000 -13 499 1 0 1.000000
-0.503400 -0.439229 0 18.424000 8.885810 191.333000 1933.240000 -13 500 1 0 1.000000
-0.325216 0.127347 0 -10.435900 -7.867030 207.469000 1933.220000 -13 501 1 0 1.000000
0.786177 -1.092490 0 1.760520 14.573400 187.663000 1933.090000 -13 502 1 0 1.000000
-2.373540 -3.522890 0 -1.505680 -0.264200 190.496000 1933.100000 -13 503 1 0 1.000000
-1.135630 -2.035220 0 -0.973928 10.010500 189.355000 1933.140000 -13 504 1 0 1.000000
0.840469 1.031550 0 13.526400 -6.224010 194.575000 1933.070000 -13 505 1 0 1.000000
2.196930 -1.204970 0 -16.803100 1.739830 207.851000 1933.280000 -13 506 1 0 1.000000
0.051089 0.480028 0 -1.427490 -7.989150 194.895000 1933.210000 -13 507 1 0 1.000000
-4.125260 -2.325830 0 -1.875670 -1.165830 196.109000 1933.170000 -13 508 1 0 1.000000
-1.151600 -2.170080 0 -8.788030 5.649890 202.663000 1933.250000 -13 509 1 0 1.000000
-2.680590 -0.120717 0 -4.541070 -2.249590 194.284000 1933.260000 -13 510 1 0 1.000000
-1.295190 -0.438654 0 14.694800 16.303300 194.870000 1933.110000 -13 511 1 0 1.000000
-3.309610 -0.667550 0 -11.812200 8.478800 200.298000 1933.240000 -13 512 1 0 1.000000
-1.610590 -3.434390 0 10.098900 -14.697400 183.596000 1933.160000 -13 513 1 0 1.000000
-1.432060 0.186404 0 2.689900 0.983106 187.831000 1933.210000 -13 514 1 0 1.000000
2.058570 -1.769080 0 6.047700 9.775660 193.930000 1933.200000 -13 515 1 0 1.000000
-5.596770 -0.838726 0 1.977950 -8.028220 196.896000 1933.200000 -13 516 1 0 1.000000
-0.154021 -3.795450 0 6.484070 -0.952271 207.514000 1933.130000 -13 517 1 0 1.000000
-3.349350 -0.953308 0 -17.697700 1.559210 208.911000 1933.200000 -13 518 1 0 1.000000
-2.645840 1.359600 0 -11.642800 13.353800 195.594000 1933.090000 -13 519 1 0 1.000000
-1.642850 0.405917 0 0.293739 8.263340 194.823000 1933.070000 -13 520 1 0 1.000000
0.611278 -1.118510 0 -7.442270 18.558000 199.494000 1933.140000 -13 521 1 0 1.000000
-2.136600 -2.500080 0 -10.746600 8.611850 191.148000 1933.130000 -13 522 1 0 1.000000
-1.329270 -1.898470 0 1.191390 -12.649100 206.991000 1933.250000 -13 523 1 0 1.000000
-1.744280 -4.403890 0 15.367100 -9.087990 211.444000 1933.180000 -13 524 1 0 1.000000
-0.022424 -1.409770 0 9.840430 7.738480 197.168000 1933.160000 -13 525 1 0 1.000000
-0.113983 -2.236130 0 1.981490 -6.850650 191.110000 1933.170000 -13 526 1 0 1.000000
-0.080718 -0.188434 0 -4.320430 15.405800 188.710000 1933.190000 -13 527 1 0 1.000000
0.869783 -3.384840 0 18.379900 6.303440 183.109000 1933.160000 -13 528 1 0 1.000000
-0.744668 -1.572110 0 3.839580 -1.039180 183.937000 1933.190000 -13 529 1 0 1.000000
-2.630430 -1.641420 0 -10.736300 -19.665300 198.062000 1933.170000 -13 530 1 0 1.000000
-0.409085 -2.996740 0 6.113420 25.399100 198.200000 1933.080000 -13 531 1 0 1.000000
-1.290770 -2.023730 0 -4.245600 -5.061840 193.000000 1933.070000 -13 532 1 0 1.000000
-0.605751 -3.823340 0 3.663350 4.503870 191.159000 1933.180000 -13 533 1 0 1.000000
-1.122010 -1.902300 0 -3.218100 1.934170 196.740000 1933.060000 -13 534 1 0 1.000000
0.771276 0.273232 0 -8.197680 3.350950 193.712000 1933.170000 -13 535 1 0 1.000000
-0.211538 -0.083649 0 -11.833300 -3.307070 205.857000 1933.160000 -13 536 1 0 1.000000
-1.416640 -4.089880 0 9.494220 0.396358 201.974000 1933.160000 -13 537 1 0 1.000000
-2.015460 -0.129838 0 -7.305070 11.817500 193.396000 1933.170000 -13 538 1 0 1.000000
-2.502790 -3.520700 0 17.951600 -13.153100 187.383000 1933.260000 -13 539 1 0 1.000000
-3.204180 -0.448231 0 -13.982000 -9.919970 188.695000 1933.070000 -13 540 1 0 1.000000
-1.549250 -1.030480 0 -8.960640 -5.968660 189.178000 1933.120000 -13 541 1 0 1.000000
-0.735262 -0.985757 0 -8.425670 4.593790 199.670000 1933.170000 -13 542 1 0 1.000000
-1.277620 -0.243825 0 7.428920 -16.827800 192.866000 1933.040000 -13 543 1 0 1.000000
0.061064 -2.502360 0 3.935800 -9.246770 187.880000 1933.200000 -13 544 1 0 1.000000
-1.763060 -0.752124 0 -10.156400 3.881780 195.069000 1933.290000 -13 545 1 0 1.000000
-2.257210 -1.026810 0 3.853770 -15.272000 185.880000 1933.190000 -13 546 1 0 1.000000
-3.222980 -1.784140 0 -17.082900 1.323740 184.882000 1933.130000 -13 547 1 0 1.000000
-1.825910 -3.238590 0 -4.674770 16.338600 195.604000 1933.320000 -13 548 1 0 1.000000
1.808750 -0.688043 0 -9.050550 -0.811360 182.326000 1933.190000 -13 549 1 0 1.000000
-3.658690 -0.619839 0 8.983610 14.350900 190.594000 1933.150000 -13 550 1 0 1.000000
1.888730 -2.307900 0 3.422570 -1.130790 190.056000 1933.160000 -13 551 1 0 1.000000
-2.906870 -3.119930 0 10.000000 -3.078360 203.311000 1933.240000 -13 552 1 0 1.000000
-2.243440 -2.783190 0 15.395200 -0.218736 192.674000 1933.030000 -13 553 1 0 1.000000
-1.220670 -0.381506 0 -11.140000 8.883250 181.385000 1933.130000 -13 554 1 0 1.000000
-1.546380 -6.032000 0 11.904600 -11.466300 194.087000 1933.050000 -13 555 1 0 1.000000
-1.500750 -3.161360 0 -0.284494 -19.754400 196.663000 1933.160000 -13 556 1 0 1.000000
2.079440 -1.475020 0 4.600190 11.515700 199.184000 1933.110000 -13 557 1 0 1.000000
-0.230015 -2.822700 0 -4.028920 10.464800 185.096000 1933.200000 -13 558 1 0 1.000000
-1.279410 -2.357100 0 -4.324260 10.374600 196.376000 1933.160000 -13 559 1 0 1.000000
-2.549340 -2.136700 0 1.074170 -22.748200 200.572000 1933.190000 -13 560 1 0 1.000000
1.327510 -4.295170 0 2.293740 1.251750 199.899000 1933.330000 -13 561 1 0 1.000000
-0.196928 -4.117710 0 -11.030200 -5.318990 182.256000 1933.250000 -13 562 1 0 1.000000
-1.546420 -0.580038 0 7.901760 -0.790435 196.070000 1933.090000 -13 563 1 0 1.000000
-2.480500 -0.714129 0 9.239450 -19.655700 190.313000 1933.140000 -13 564 1 0 1.000000
0.309020 -2.603770 0 4.726980 -2.656950 182.534000 1933.180000 -13 565 1 0 1.000000
-1.550140 -1.963260 0 -6.298870 4.809380 195.595000 1933.260000 -13 566 1 0 1.000000
-2.095480 -0.667387 0 -13.453300 5.342600 195.592000 1933.050000 -13 567 1 0 1.000000
-2.861840 -1.407830 0 8.205230 -1.856450 204.672000 1933.120000 -13 568 1 0 1.000000
-0.215455 -3.776110 0 12.828200 -3.164210 203.013000 1933.240000 -13 569 1 0 1.000000
-1.249480 -2.224020 0 -0.041748 16.400500 199.291000 1933.140000 -13 570 1 0 1.000000
-4.325800 -0.915778 0 -10.782400 -15.797400 196.916000 1933.260000 -13 571 1 0 1.000000
0.516672 -2.405700 0 -4.807030 11.532700 183.724000 1933.170000 -13 572 1 0 1.000000
-2.503940 -3.115500 0 -7.675930 11.721000 194.676000 1933.070000 -13 573 1 0 1.000000
-2.602560 -0.461583 0 -12.757600 0.725194 209.626000 1933.040000 -13 574 1 0 1.000000
0.634686 -1.034030 0 -1.632360 2.853920 200.552000 1933.220000 -13 575 1 0 1.000000
-1.353150 -2.140090 0 -7.003650 5.230330 195.024000 1933.250000 -13 576 1 0 1.000000
1.030200 -0.122394 0 -10.542600 20.635800 190.764000 1933.100000 -13 577 1 0 1.000000
-0.629691 -0.462731 0 13.784600 16.080300 183.752000 1933.110000 -13 578 1 0 1.000000
1.681780 -2.363930 0 -3.513180 0.081411 197.839000 1933.100000 -13 579 1 0 1.000000
-1.400310 -1.027650 0 -4.183320 7.292910 184.861000 1933.140000 -13 580 1 0 1.000000
-0.586232 0.354059 0 3.455040 10.498400 184.733000 1933.090000 -13 581 1 0 1.000000
-0.568821 -3.370170 0 -1.546850 7.373530 192.618000 1933.320000 -13 582 1 0 1.000000
-1.046260 0.450912 0 -10.547700 4.436300 200.121000 1933.120000 -13 583 1 0 1.000000
-0.325954 -0.534471 0 -7.922640 15.178000 211.765000 1933.180000 -13 584 1 0 1.000000
-2.756210 0.183532 0 -5.546830 -16.629900 193.696000 1933.170000 -13 585 1 0 1.000000
-1.965910 -2.039940 0 3.019930 -11.556700 176.108000 1933.150000 -13 586 1 0 1.000000
0.060578 -0.635609 0 1.683430 7.504230 183.624000 1933.310000 -13 587 1 0 1.000000
-3.568220 -1.866900 0 -2.087880 5.591270 198.001000 1933.120000 -13 588 1 0 1.000000
-3.225030 1.112000 0 18.156500 -2.879870 207.012000 1933.170000 -13 589 1 0 1.000000
-2.804360 -3.701060 0 -16.804000 0.471807 190.688000 1933.110000 -13 590 1 0 1.000000
-2.986160 0.036097 0 4.538760 1.308290 207.770000 1933.220000 -13 591 1 0 1.000000
-2.824870 -3.195430 0 6.248930 18.381300 186.608000 1933.230000 -13 592 1 0 1.000000
-2.543670 -1.076150 0 -6.588790 -14.732800 185.151000 1933.020000 -13 593 1 0 1.000000
-2.123560 -1.900050 0 -5.724060 6.754040 194.291000 1933.310000 -13 594 1 0 1.000000
-2.163890 -2.230300 0 -8.802630 10.061200 194.009000 1933.190000 -13 595 1 0 1.000000
-3.616530 -0.418724 0 6.943520 -6.766290 195.643000 1933.120000 -13 596 1 0 1.000000
-1.782860 -2.923470 0 5.585620 -4.691290 201.064000 1933.100000 -13 597 1 0 1.000000
-1.421830 -2.573330 0 1.038830 5.272740 207.608000 1933.090000 -13 598 1 0 1.000000
-0.835771 -3.061240 0 -2.779480 -8.146000 190.757000 1933.140000 -13 599 1 0 1.000000
-1.780280 1.053430 0 -9.409860 -17.888700 186.257000 1933.270000 -13 600 1 0 1.000000
-2.008080 -0.843066 0 2.105510 -8.717200 205.505000 1933.090000 -13 601 1 0 1.000000
-0.482843 0.221497 0 3.253280 1.728830 196.418000 1933.160000 -13 602 1 0 1.000000
-2.886850 -0.251510 0 2.168560 -17.659100 185.922000 1933.230000 -13 603 1 0 1.000000
-1.346050 -4.086690 0 10.756700 -15.521600 199.381000 1933.060000 -13 604 1 0 1.000000
-0.906015 -1.000280 0 -4.874740 14.143300 193.660000 1933.270000 -13 605 1 0 1.000000
-3.334470 -0.512247 0 -3.484510 -3.993350 171.110000 1933.190000 -13 606 1 0 1.000000
1.006040 -2.526670 0 -10.890200 -2.318720 183.610000 1933.230000 -13 607 1 0 1.000000
-1.381330 -2.468230 0 5.518610 -4.992090 197.540000 1933.120000 -13 608 1 0 1.000000
-0.626267 -2.464640 0 -3.580890 14.952600 187.674000 1933.050000 -13 609 1 0 1.000000
-0.423403 -2.903530 0 4.480290 10.285500 196.036000 1933.240000 -13 610 1 0 1.000000
-3.351140 0.778121 0 -10.417400 -6.218530 191.856000 1933.130000 -13 611 1 0 1.000000
-3.505880 -1.175510 0 -0.984928 -13.983100 194.255000 1933.180000 -13 612 1 0 1.000000
1.689850 -0.504272 0 -11.821400 7.768020 200.166000 1933.070000 -13 613 1 0 1.000000
0.401761 -2.012570 0 -6.601340 0.226736 185.014000 1933.170000 -13 614 1 0 1.000000
-0.142411 -0.575038 0 5.441510 4.805880 199.413000 1933.100000 -13 615 1 0 1.000000
-2.150180 -0.868833 0 -12.307400 -1.721600 179.806000 1933.130000 -13 616 1 0 1.000000
-1.542130 -0.066726 0 7.626300 7.195950 194.863000 1933.090000 -13 617 1 0 1.000000
1.531840 -4.697500 0 13.875500 17.217200 196.707000 1933.060000 -13 618 1 0 1.000000
1.577910 0.650353 0 -13.864600 -12.203300 194.180000 1933.240000 -13 619 1 0 1.000000
-0.939391 -0.085383 0 0.131171 -7.540890 195.156000 1933.240000 -13 620 1 0 1.000000
-1.613410 0.430410 0 -9.744350 -4.876540 182.434000 1933.180000 -13 621 1 0 1.000000
-0.515233 -2.291620 0 -5.054330 12.577600 188.293000 1933.160000 -13 622 1 0 1.000000
0.205962 -2.764560 0 -13.271800 0.198186 200.425000 1933.130000 -13 623 1 0 1.000000
-2.737220 -1.056230 0 -9.543310 -9.937160 187.030000 1933.110000 -13 624 1 0 1.000000
-1.284360 -1.915080 0 -9.885550 -15.141100 170.434000 1933.160000 -13 625 1 0 1.000000
-1.487970 -3.728020 0 -7.841440 -3.663520 200.283000 1933.090000 -13 626 1 0 1.000000
-1.514010 0.821866 0 -7.281770 -1.677410 202.453000 1933.120000 -13 627 1 0 1.000000
0.007429 0.250325 0 6.984570 -4.449850 186.687000 1933.190000 -13 628 1 0 1.000000
-1.612000 -2.995290 0 -12.497700 5.447000 199.442000 1933.320000 -13 629 1 0 1.000000
-5.493530 -1.972710 0 -3.735810 -2.191830 200.302000 1933.340000 -13 630 1 0 1.000000
0.298044 -3.195130 0 -22.403200 14.019100 194.743000 1933.090000 -13 631 1 0 1.000000
-2.583360 -0.104558 0 7.595100 14.731600 202.006000 1933.090000 -13 632 1 0 1.000000
-0.546839 -3.415960 0 13.261600 2.949530 194.198000 1933.060000 -13 633 1 0 1.000000
0.778652 -1.169420 0 3.146460 -7.240500 199.982000 1933.250000 -13 634 1 0 1.000000
0.643568 -1.904600 0 2.542340 -5.766330 193.619000 1933.230000 -13 635 1 0 1.000000
-0.783081 -0.477252 0 5.135370 10.912100 207.509000 1933.250000 -13 636 1 0 1.000000
-1.595350 -0.284959 0 3.441710 -4.517830 207.812000 1933.180000 -13 637 1 0 1.000000
-2.598900 -1.413600 0 16.050700 -21.498900 196.688000 1933.240000 -13 638 1 0 1.000000
-1.330550 -1.486640 0 8.172090 -19.558100 178.833000 1933.250000 -13 639 1 0 1.000000
-2.139310 0.967121 0 -7.436830 -5.897570 186.094000 1933.120000 -13 640 1 0 1.000000
-1.962760 -0.439145 0 -4.014460 10.422000 207.703000 1933.170000 -13 641 1 0 1.000000
-0.338058 -2.129150 0 9.221590 -4.621720 178.910000 1933.090000 -13 642 1 0 1.000000
-2.575880 -4.095310 0 16.944900 -7.355170 193.121000 1933.220000 -13 643 1 0 1.000000
-1.733920 -3.217580 0 13.432400 -12.802000 203.225000 1933.110000 -13 644 1 0 1.000000
-2.244280 0.424681 0 -2.808440 10.512400 193.392000 1933.040000 -13 645 1 0 1.000000
-1.240540 -2.879970 0 -17.709800 1.722790 195.943000 1933.260000 -13 646 1 0 1.000000
-1.616200 -1.804270 0 4.972040 5.675360 204.046000 1933.090000 -13 647 1 0 1.000000
-2.919030 0.423114 0 -14.025800 -4.890330 193.319000 1933.190000 -13 648 1 0 1.000000
-0.474650 -2.892890 0 14.215000 -4.695160 179.842000 1933.110000 -13 649 1 0 1.000000
0.095758 0.064691 0 11.756900 19.219400 205.468000 1933.340000 -13 650 1 0 1.000000
-0.497380 2.231900 0 -22.648700 18.071000 191.182000 1933.170000 -13 651 1 0 1.000000
-0.613914 2.151790 0 -16.841300 11.342100 211.371000 1933.160000 -13 652 1 0 1.000000
-2.734440 -1.811720 0 -10.196600 13.982800 190.507000 1933.210000 -13 653 1 0 1.000000
-2.705610 -4.363270 0 17.194800 -14.215000 190.367000 1933.200000 -13 654 1 0 1.000000
-1.577060 -0.733471 0 -6.285730 -4.266060 200.187000 1933.260000 -13 655 1 0 1.000000
1.067070 -1.447800 0 -3.044230 17.099000 200.159000 1933.170000 -13 656 1 0 1.000000
-2.147420 -1.167840 0 8.146900 12.672700 193.533000 1933.310000 -13 657 1 0 1.000000
-1.546390 -2.881220 0 11.489000 -9.375710 185.617000 1933.170000 -13 658 1 0 1.000000
-0.292714 -2.761200 0 5.338830 -1.749680 185.867000 1933.220000 -13 659 1 0 1.000000
-2.123970 1.175000 0 10.353600 -2.536970 196.957000 1933.120000 -13 660 1 0 1.000000
0.508942 -2.391340 0 1.116900 21.889800 197.987000 1933.310000 -13 661 1 0 1.000000
-0.450581 -1.694430 0 19.583700 0.422037 207.406000 1933.210000 -13 662 1 0 1.000000
0.884238 -1.736780 0 24.121700 -6.651560 204.195000 1933.090000 -13 663 1 0 1.000000
-0.675265 -0.260958 0 -2.162980 7.409610 202.858000 1933.250000 -13 664 1 0 1.000000
0.782019 -0.890180 0 -3.708190 -5.525040 198.685000 1933.190000 -13 665 1 0 1.000000
-1.790490 1.847920 0 -11.245700 7.121600 204.050000 1933.080000 -13 666 1 0 1.000000
-0.557005 -3.481090 0 13.580600 -0.870972 187.577000 1933.240000 -13 667 1 0 1.000000
-0.358064 -3.004950 0 1.027240 -4.162960 185.811000 1933.180000 -13 668 1 0 1.000000
-0.872237 0.446803 0 16.103700 2.108650 189.855000 1933.210000 -13 669 1 0 1.000000
-0.310921 0.965401 0 1.350100 14.465200 208.726000 1933.310000 -13 670 1 0 1.000000
-0.570661 1.242660 0 -0.370848 3.293160 196.256000 1933.060000 -13 671 1 0 1.000000
-0.791780 -0.485659 0 -13.625500 12.843800 193.468000 1933.170000 -13 672 1 0 1.000000
1.175510 -0.449656 0 -0.941365 0.802487 189.987000 1933.120000 -13 673 1 0 1.000000
-1.540740 -4.449670 0 15.073900 -11.979800 202.159000 1933.020000 -13 674 1 0 1.000000
-0.934081 -0.609827 0 10.974200 1.515290 195.483000 1933.130000 -13 675 1 0 1.000000
-2.421290 -1.668430 0 -3.805550 -18.430800 203.340000 1933.280000 -13 676 1 0 1.000000
-3.629230 -4.373460 0 6.538840 -13.932500 196.592000 1933.070000 -13 677 1 0 1.000000
-1.897910 1.909990 0 -14.825700 -2.233720 202.212000 1933.200000 -13 678 1 0 1.000000
-3.574020 -5.454190 0 -1.007780 8.305040 195.058000 1933.100000 -13 679 1 0 1.000000
-0.483644 0.964254 0 6.573350 -1.768780 186.706000 1933.110000 -13 680 1 0 1.000000
-1.629950 -3.189690 0 12.992000 -8.116300 199.656000 1933.140000 -13 681 1 0 1.000000
-2.914840 -5.571830 0 14.285300 -6.308740 188.492000 1933.330000 -13 682 1 0 1.000000
-1.618760 -3.119280 0 2.327170 6.784860 203.595000 1933.180000 -13 683 1 0 1.000000
0.444099 -1.077120 0 0.200737 -0.359258 190.370000 1933.140000 -13 684 1 0 1.000000
-2.020070 -3.063910 0 -13.829600 -13.887300 199.570000 1933.230000 -13 685 1 0 1.000000
-0.874628 -3.303750 0 -0.402737 1.282280 192.515000 1933.310000 -13 686 1 0 1.000000
-2.039580 -5.255310 0 -21.636500 6.077880 193.094000 1933.180000 -13 687 1 0 1.000000
-0.612731 -1.200450 0 16.278900 9.236840 194.927000 1933.140000 -13 688 1 0 1.000000
-2.092320 1.898640 0 -5.147420 0.405630 193.562000 1933.110000 -13 689 1 0 1.000000
-0.845016 -2.164710 0 10.637800 -8.744970 182.458000 1933.190000 -13 690 1 0 1.000000
-1.012600 -2.440860 0 -4.617180 8.808460 205.876000 1933.300000 -13 691 1 0 1.000000
-0.543089 -1.235780 0 3.590040 -7.809190 200.166000 1933.330000 -13 692 1 0 1.000000
-2.237120 -1.351380 0 4.723010 7.480980 197.832000 1933.220000 -13 693 1 0 1.000000
-2.258040 0.185880 0 7.917180 -7.207370 199.125000 1933.190000 -13 694 1 0 1.000000
-1.389400 -2.186940 0 -2.317400 -5.121290 201.400000 1933.060000 -13 695 1 0 1.000000
-0.530066 0.345256 0 -12.000700 -4.228420 196.615000 1933.140000 -13 696 1 0 1.000000
0.085143 -4.832510 0 8.285250 -11.617000 189.303000 1933.270000 -13 697 1 0 1.000000
-1.568970 -0.633266 0 11.227500 1.225280 204.161000 1933.210000 -13 698 1 0 1.000000
-1.023650 -2.431680 0 -1.005220 1.424200 188.930000 1933.150000 -13 699 1 0 1.000000
-1.506550 -2.134020 0 -7.651000 -0.933894 191.059000 1933.200000 -13 700 1 0 1.000000
-2.846150 1.147690 0 0.951862 3.713590 186.599000 1933.110000 -13 701 1 0 1.000000
-0.344561 2.532960 0 -7.612570 -5.855850 195.604000 1933.130000 -13 702 1 0 1.000000
-1.490680 -1.690430 0 22.039900 -7.500620 204.717000 1933.140000 -13 703 1 0 1.000000
-0.542697 -1.412910 0 -6.321670 13.220300 201.556000 1933.400000 -13 704 1 0 1.000000
0.459294 -2.450560 0 0.441920 -3.208390 186.030000 1933.200000 -13 705 1 0 1.000000
-0.625211 0.186899 0 -16.827600 -1.785440 204.399000 1933.230000 -13 706 1 0 1.000000
1.220830 0.545815 0 -5.329120 6.177820 204.527000 1933.060000 -13 707 1 0 1.000000
-0.939311 -2.657230 0 0.743931 13.606500 196.158000 1933.160000 -13 708 1 0 1.000000
-1.302070 -0.086109 0 6.511990 -2.024600 199.883000 1933.170000 -13 709 1 0 1.000000
0.626873 -0.855732 0 -0.934501 6.277500 195.326000 1933.150000 -13 710 1 0 1.000000
-0.095460 -3.374350 0 22.729100 -13.662300 192.576000 1932.990000 -13 711 1 0 1.000000
-2.531210 -2.936110 0 4.716450 24.178900 189.901000 1933.140000 -13 712 1 0 1.000000
-2.554300 -0.592640 0 -1.713890 1.595070 188.124000 1933.010000 -13 713 1 0 1.000000
-1.627050 0.022459 0 2.409910 -7.705360 194.409000 1933.130000 -13 714 1 0 1.000000
-0.979377 -1.156450 0 9.590390 -4.171020 197.498000 1933.250000 -13 715 1 0 1.000000
-2.588140 -4.880760 0 9.393670 -18.241900 206.612000 1933.260000 -13 716 1 0 1.000000
-2.662350 -0.324143 0 5.302690 -14.472200 200.171000 1933.100000 -13 717 1 0 1.000000
-1.365970 -0.657835 0 -10.806200 -3.314800 202.367000 1933.020000 -13 718 1 0 1.000000
0.751330 -1.458850 0 -3.468750 -4.620270 197.688000 1933.130000 -13 719 1 0 1.000000
-0.216405 -1.361990 0 -14.023400 5.209240 176.348000 1933.230000 -13 720 1 0 1.000000
-3.989520 -1.237650 0 11.129500 -11.550200 191.084000 1933.090000 -13 721 1 0 1.000000
0.393173 -0.273150 0 -1.964890 8.644630 193.201000 1933.340000 -13 722 1 0 1.000000
-2.211830 -1.560350 0 9.569330 -8.400770 188.157000 1933.140000 -13 723 1 0 1.000000
-0.186781 -2.446270 0 -8.522260 -5.634810 199.306000 1933.110000 -13 724 1 0 1.000000
-1.981890 -1.135810 0 -8.809070 -7.728960 178.353000 1933.240000 -13 725 1 0 1.000000
-0.560629 -0.273814 0 -21.758200 12.259100 204.877000 1933.280000 -13 726 1 0 1.000000
-2.835710 0.388880 0 0.902783 -8.547900 189.187000 1933.010000 -13 727 1 0 1.000000
1.259790 -2.567890 0 2.713610 7.744650 189.815000 1933.230000 -13 728 1 0 1.000000
0.017882 -1.848360 0 6.075310 10.054600 195.818000 1933.140000 -13 729 1 0 1.000000
1.130920 -2.887290 0 -10.828900 0.453921 200.908000 1933.180000 -13 730 1 0 1.000000
-1.160760 -1.614000 0 12.798700 -5.561570 186.629000 1933.170000 -13 731 1 0 1.000000
-1.131280 0.878620 0 -5.984620 21.560400 198.367000 1933.150000 -13 732 1 0 1.000000
-2.725230 -2.893210 0 -6.211830 -6.864450 198.494000 1933.160000 -13 733 1 0 1.000000
-0.382674 -2.637350 0 6.223910 -3.121160 191.318000 1933.280000 -13 734 1 0 1.000000
-2.948430 -4.002600 0 6.052820 -9.580210 191.312000 1933.100000 -13 735 1 0 1.000000
-3.621730 -2.788150 0 -1.952540 -4.919030 205.063000 1933.190000 -13 736 1 0 1.000000
-1.727300 0.576231 0 7.701580 -0.490996 197.425000 1933.220000 -13 737 1 0 1.000000
-2.671710 -0.472962 0 7.223450 3.770940 193.246000 1933.130000 -13 738 1 0 1.000000
-0.189222 -2.830640 0 15.332800 6.020530 210.222000 1933.090000 -13 739 1 0 1.000000
-1.169820 -3.717490 0 13.885100 2.723930 192.520000 1933.280000 -13 740 1 0 1.000000
-0.278782 -5.181070 0 3.588970 1.896560 193.836000 1933.380000 -13 741 1 0 1.000000
0.307551 1.530750 0 -8.428640 -8.809750 190.850000 1933.300000 -13 742 1 0 1.000000
-3.102200 -0.204282 0 17.075700 14.270500 184.672000 1933.270000 -13 743 1 0 1.000000
1.664080 -1.582280 0 16.307000 15.085700 198.238000 1933.270000 -13 744 1 0 1.000000
-0.619227 -3.466390 0 17.017900 1.325280 203.262000 1933.220000 -13 745 1 0 1.000000
-1.128560 -3.455790 0 -3.025440 5.643990 187.953000 1933.130000 -13 746 1 0 1.000000
-2.688590 2.140850 0 -15.493800 -9.102890 197.314000 1933.190000 -13 747 1 0 1.000000
-2.029070 -0.768271 0 -3.951650 0.965590 183.722000 1933.170000 -13 748 1 0 1.000000
-3.631320 -2.146280 0 0.305442 8.598920 190.123000 1933.260000 -13 749 1 0 1.000000
-0.890285 -0.674132 0 1.805370 -5.013300 187.481000 1933.080000 -13 750 1 0 1.000000
-4.170750 -1.347870 0 -2.154240 -5.819110 206.644000 1933.270000 -13 751 1 0 1.000000
-1.585500 -1.209880 0 -6.497370 2.670460 205.928000 1933.210000 -13 752 1 0 1.000000
-1.669170 -4.500340 0 5.103190 -1.810560 210.482000 1933.120000 -13 753 1 0 1.000000
-0.481756 -2.342310 0 8.509720 8.416590 199.324000 1933.140000 -13 754 1 0 1.000000
-0.330602 0.225363 0 -5.147490 6.930720 191.779000 1933.310000 -13 755 1 0 1.000000
-1.943530 -1.040350 0 -16.444000 5.918430 187.682000 1933.170000 -13 756 1 0 1.000000
-0.325565 -2.990050 0 3.025660 7.005110 181.074000 1933.250000 -13 757 1 0 1.000000
-1.120770 -3.692000 0 -5.449210 6.915030 196.692000 1933.370000 -13 758 1 0 1.000000
-2.295990 -0.731098 0 -5.766150 -5.252970 195.323000 1933.180000 -13 759 1 0 1.000000
-2.305940 -2.472080 0 8.855330 -13.861100 196.993000 1933.060000 -13 760 1 0 1.000000
-3.723380 -3.914440 0 2.546380 21.560200 204.914000 1933.210000 -13 761 1 0 1.000000
-1.297870 -1.298520 0 12.734500 3.063800 190.716000 1933.150000 -13 762 1 0 1.000000
-3.142310 -1.627530 0 -19.765600 1.134540 199.405000 1933.220000 -13 763 1 0 1.000000
-1.354310 -4.799580 0 -5.338150 -17.062800 194.586000 1933.140000 -13 764 1 0 1.000000
-3.029990 -4.088960 0 3.200040 -10.078700 186.573000 1933.200000 -13 765 1 0 1.000000
1.845770 -1.088790 0 -1.085600 -7.849790 202.424000 1933.250000 -13 766 1 0 1.000000
-1.656890 -2.587850 0 -1.192290 9.790440 181.625000 1933.120000 -13 767 1 0 1.000000
-2.162560 -2.147850 0 -20.376700 -10.480600 185.044000 1933.090000 -13 768 1 0 1.000000
-0.053479 -2.410220 0 -4.810470 -8.615680 209.367000 1933.100000 -13 769 1 0 1.000000
0.503126 0.164368 0 -10.710800 7.047970 197.108000 1933.250000 -13 770 1 0 1.000000
0.736137 -1.030010 0 17.179800 -0.781316 183.734000 1933.290000 -13 771 1 0 1.000000
-1.661290 2.032030 0 7.266250 -17.394900 187.908000 1933.190000 -13 772 1 0 1.000000
2.292420 -1.693780 0 7.364790 -11.546000 199.441000 1933.090000 -13 773 1 0 1.000000
-0.286024 -5.163930 0 -10.736600 -1.377970 193.052000 1933.300000 -13 774 1 0 1.000000
-2.736580 -5.202660 0 -9.588090 9.389760 206.559000 1930.410000 -13 775 1 0 1.000000
-1.791820 -2.969910 0 1.835440 3.286030 204.087000 1933.030000 -13 776 1 0 1.000000
-2.171990 -2.153020 0 -13.455500 4.785850 197.662000 1933.160000 -13 777 1 0 1.000000
-0.989493 -1.414990 0 -6.584890 26.753600 182.586000 1933.140000 -13 778 1 0 1.000000
-2.775140 0.005525 0 5.460400 11.113200 200.822000 1933.310000 -13 779 1 0 1.000000
0.074826 -0.186064 0 -9.848620 26.058000 196.169000 1933.160000 -13 780 1 0 1.000000
-0.173291 -0.753598 0 14.682500 -2.868640 186.758000 1933.040000 -13 781 1 0 1.000000
-0.753496 -3.033420 0 8.692860 -2.743920 197.665000 1933.160000 -13 782 1 0 1.000000
0.216136 -1.534200 0 -6.450290 -12.279800 194.094000 1933.170000 -13 783 1 0 1.000000
-2.949170 -3.228140 0 -6.512270 1.963400 195.080000 1933.120000 -13 784 1 0 1.000000
-0.576523 -2.039810 0 21.630400 4.892320 198.346000 1933.260000 -13 785 1 0 1.000000
-1.628340 -2.433200 0 6.189490 -8.541260 192.927000 1933.100000 -13 786 1 0 1.000000
2.443490 -3.733180 0 -11.775800 -9.870660 183.401000 1933.140000 -13 787 1 0 1.000000
-0.373914 -1.058500 0 -5.263030 0.436464 198.233000 1933.040000 -13 788 1 0 1.000000
0.338513 -0.554822 0 -14.725500 0.463385 198.006000 1933.100000 -13 789 1 0 1.000000
-3.246460 -2.071220 0 -1.810690 -6.809170 190.336000 1933.310000 -13 790 1 0 1.000000
-1.260710 -0.991954 0 -13.421800 -1.010680 206.580000 1933.190000 -13 791 1 0 1.000000
-1.314470 -1.677860 0 -8.793630 5.342510 204.393000 1933.090000 -13 792 1 0 1.000000
-3.714900 -2.956020 0 -5.264950 3.447610 182.683000 1933.330000 -13 793 1 0 1.000000
-2.420440 -2.163100 0 -18.369000 5.741570 190.606000 1933.180000 -13 794 1 0 1.000000
-1.120760 -1.390300 0 -11.095400 5.656870 196.658000 1933.220000 -13 795 1 0 1.000000
-1.139210 1.118130 0 -24.484600 -0.464155 205.833000 1933.340000 -13 796 1 0 1.000000
-0.955989 -0.553302 0 9.289340 -5.127240 204.648000 1933.190000 -13 797 1 0 1.000000
-1.887710 -2.491040 0 1.620790 -4.357350 186.357000 1933.180000 -13 798 1 0 1.000000
-3.790250 -2.488260 0 -1.375870 -9.495420 213.076000 1933.240000 -13 799 1 0 1.000000
-0.650696 -3.220800 0 -4.693790 4.078560 197.166000 1933.370000 -13 800 1 0 1.000000
-0.271669 -2.070180 0 -3.681100 0.638678 185.678000 1933.120000 -13 801 1 0 1.000000
1.028990 -1.669580 0 -11.897400 -6.964420 200.176000 1933.260000 -13 802 1 0 1.000000
-2.183010 -0.810465 0 -8.900970 0.666529 187.131000 1933.140000 -13 803 1 0 1.000000
-1.312710 -2.394600 0 -2.954500 -0.751181 190.290000 1933.200000 -13 804 1 0 1.000000
-1.113340 -0.721775 0 -2.757100 11.159800 192.683000 1933.280000 -13 805 1 0 1.000000
-0.192786 -4.509720 0 14.900700 -7.096010 190.984000 1933.030000 -13 806 1 0 1.000000
-1.886400 0.243997 0 11.381100 27.658400 189.991000 1933.080000 -13 807 1 0 1.000000
-0.935002 0.263339 0 -9.412380 3.331230 198.302000 1933.220000 -13 808 1 0 1.000000
-2.143990 0.485505 0 4.867680 4.203260 183.916000 1933.220000 -13 809 1 0 1.000000
-0.109910 -1.299410 0 6.404890 -4.843910 185.773000 1933.080000 -13 810 1 0 1.000000
-1.745290 -0.456607 0 -2.937560 -1.677860 198.732000 1933.130000 -13 811 1 0 1.000000
-2.602690 -0.465821 0 -5.011190 3.900740 204.968000 1933.120000 -13 812 1 0 1.000000
-2.077770 -1.364940 0 -7.584950 12.200200 186.372000 1933.060000 -13 813 1 0 1.000000
-2.449980 -3.041660 0 8.341160 -3.117160 200.302000 1933.110000 -13 814 1 0 1.000000
-0.076613 -3.764520 0 -5.412060 -10.291700 193.011000 1933.270000 -13 815 1 0 1.000000
-1.356830 -2.665520 0 12.202800 -1.122960 188.463000 1933.190000 -13 816 1 0 1.000000
-1.597680 -1.769710 0 -6.389730 8.830110 195.634000 1933.150000 -13 817 1 0 1.000000
-0.378689 -0.852313 0 -0.305791 11.876400 187.288000 1933.180000 -13 818 1 0 1.000000
-3.567780 -1.364230 0 -3.911550 -14.459400 201.467000 1933.070000 -13 819 1 0 1.000000
-0.913895 -3.942380 0 -1.588860 -8.676170 196.459000 1933.360000 -13 820 1 0 1.000000
-0.130752 -4.298150 0 1.248470 2.497520 205.247000 1932.970000 -13 821 1 0 1.000000
-4.529140 -0.625119 0 -0.103936 -27.665100 216.994000 1933.190000 -13 822 1 0 1.000000
-0.883070 -1.793320 0 5.878280 10.434600 199.138000 1933.170000 -13 823 1 0 1.000000
-0.619064 -3.651630 0 7.764010 -4.056960 189.954000 1933.270000 -13 824 1 0 1.000000
-2.254900 -2.804620 0 -4.193540 8.533420 208.953000 1933.130000 -13 825 1 0 1.000000
-1.425810 -1.622100 0 -3.950930 21.956800 195.212000 1933.070000 -13 826 1 0 1.000000
-0.821897 -0.584282 0 -9.213950 -19.169000 193.926000 1933.070000 -13 827 1 0 1.000000
0.931345 -1.094780 0 -0.672457 13.599300 178.158000 1933.270000 -13 828 1 0 1.000000
-1.581980 3.138820 0 -16.969800 -7.960610 190.276000 1933.170000 -13 829 1 0 1.000000
-2.687550 -0.151469 0 1.002250 2.480390 208.435000 1933.190000 -13 830 1 0 1.000000
-0.185872 -0.738487 0 -30.837500 -3.940470 194.145000 1933.300000 -13 831 1 0 1.000000
-0.081415 0.104122 0 -14.101600 5.996060 197.200000 1933.100000 -13 832 1 0 1.000000
-1.641010 -1.061060 0 -1.457840 -23.454200 188.965000 1933.210000 -13 833 1 0 1.000000
-2.739660 -2.215490 0 -8.680340 2.985780 196.523000 1933.150000 -13 834 1 0 1.000000
-2.830200 -2.735010 0 3.409130 -7.189580 188.786000 1933.250000 -13 835 1 0 1.000000
-2.090170 -2.431160 0 3.090350 0.159120 189.311000 1933.100000 -13 836 1 0 1.000000
-0.718630 -5.327470 0 -21.955800 -12.775400 197.376000 1933.020000 -13 837 1 0 1.000000
-2.294610 -1.631630 0 -11.045500 20.127300 191.642000 1933.150000 -13 838 1 0 1.000000
-2.868890 -1.044430 0 6.735870 19.913200 201.507000 1933.080000 -13 839 1 0 1.000000
-0.317336 1.143350 0 -15.661300 -4.229720 212.905000 1933.180000 -13 840 1 0 1.000000
-2.545650 -0.530795 0 3.935020 -6.451020 186.310000 1933.140000 -13 841 1 0 1.000000
-3.441970 -1.529610 0 0.213543 9.495340 202.370000 1933.270000 -13 842 1 0 1.000000
0.510607 -1.779930 0 -3.297840 -7.995980 188.146000 1933.090000 -13 843 1 0 1.000000
-0.211415 -0.610520 0 3.345110 -2.166920 200.493000 1933.190000 -13 844 1 0 1.000000
0.193832 -0.371276 0 -4.040860 6.079780 195.461000 1933.160000 -13 845 1 0 1.000000
0.033853 -3.286780 0 7.706180 14.414600 201.992000 1933.160000 -13 846 1 0 1.000000
2.114830 -2.031890 0 10.460400 12.917900 191.264000 1933.310000 -13 847 1 0 1.000000
2.178190 -4.476490 0 -0.658304 5.365300 191.202000 1933.130000 -13 848 1 0 1.000000
-3.941050 -1.654430 0 2.282170 5.860700 204.861000 1933.070000 -13 849 1 0 1.000000
-2.301960 -1.948800 0 -15.532200 8.805980 195.239000 1933.170000 -13 850 1 0 1.000000
0.463721 1.019440 0 -9.430650 -9.259630 209.128000 1933.200000 -13 851 1 0 1.000000
0.005507 -3.142340 0 6.107350 19.089000 200.949000 1933.190000 -13 852 1 0 1.000000
0.153985 0.740678 0 12.199800 -11.057700 192.696000 1933.230000 -13 853 1 0 1.000000
-1.713080 -0.499755 0 -12.543900 2.578970 205.466000 1933.160000 -13 854 1 0 1.000000
-0.626192 -1.119930 0 -1.443300 -8.033570 195.294000 1933.300000 -13 855 1 0 1.000000
-1.288330 -2.624350 0 -2.695120 14.267900 200.759000 1933.110000 -13 856 1 0 1.000000
-0.560565 0.002603 0 -6.575140 6.468490 198.742000 1933.110000 -13 857 1 0 1.000000
-1.862980 1.155640 0 -11.200600 -5.135100 187.907000 1933.140000 -13 858 1 0 1.000000
-1.668210 -0.195941 0 -7.658480 25.210900 206.582000 1933.210000 -13 859 1 0 1.000000
-0.673692 -6.331870 0 -5.296320 0.033817 201.708000 1933.080000 -13 860 1 0 1.000000
-1.600360 -1.596520 0 -24.690300 -1.415520 196.982000 1933.240000 -13 861 1 0 1.000000
-2.613390 -2.754590 0 12.192100 -20.858700 201.066000 1933.180000 -13 862 1 0 1.000000
1.225400 -0.934864 0 -11.775800 17.085200 184.868000 1933.210000 -13 863 1 0 1.000000
1.760590 -2.422780 0 -12.046900 -1.278240 187.208000 1933.260000 -13 864 1 0 1.000000
1.593660 0.267170 0 -9.117190 -8.412200 201.419000 1933.130000 -13 865 1 0 1.000000
-1.443050 2.115240 0 -9.810320 -10.937600 208.099000 1933.320000 -13 866 1 0 1.000000
-1.494690 0.993866 0 -6.704930 -1.123920 191.926000 1933.220000 -13 867 1 0 1.000000
-1.318270 -2.313590 0 -8.839290 -1.584440 196.644000 1933.270000 -13 868 1 0 1.000000
0.461093 -2.409380 0 -3.789270 16.464800 189.423000 1933.080000 -13 869 1 0 1.000000
-0.996265 -1.951110 0 6.347350 -7.400580 206.710000 1933.230000 -13 870 1 0 1.000000
1.391960 -1.436830 0 -1.885990 20.735900 189.507000 1933.170000 -13 871 1 0 1.000000
0.053901 1.593730 0 14.059100 -1.069330 187.729000 1933.290000 -13 872 1 0 1.000000
-2.633730 0.840705 0 -8.146690 10.305300 189.101000 1933.040000 -13 873 1 0 1.000000
-4.326830 -0.865069 0 5.214700 12.461300 193.207000 1933.060000 -13 874 1 0 1.000000
-2.297990 -1.358350 0 1.565110 -19.350300 205.265000 1933.150000 -13 875 1 0 1.000000
-3.740810 0.300632 0 3.568780 6.442670 208.820000 1933.180000 -13 876 1 0 1.000000
-0.568442 -1.774760 0 -4.540930 4.698120 210.472000 1933.250000 -13 877 1 0 1.000000
0.095720 0.478034 0 -5.938820 12.431600 207.796000 1933.120000 -13 878 1 0 1.000000
-0.507035 -3.166160 0 -7.815990 6.449100 191.867000 1933.130000 -13 879 1 0 1.000000
-1.295080 -1.358740 0 1.813870 -17.339000 186.246000 1933.280000 -13 880 1 0 1.000000
-1.919450 -1.316370 0 0.072199 -1.988860 205.665000 1933.210000 -13 881 1 0 1.000000
2.343740 -0.305683 0 -8.505250 -9.410480 196.417000 1933.140000 -13 882 1 0 1.000000
-2.138960 -3.126610 0 14.316400 -16.035500 191.411000 1933.100000 -13 883 1 0 1.000000
-0.663251 0.545209 0 -10.028200 -9.835000 202.810000 1933.320000 -13 884 1 0 1.000000
-2.285350 -3.009160 0 7.855640 0.540824 187.337000 1933.280000 -13 885 1 0 1.000000
-1.779650 -1.241770 0 1.380440 -14.171900 192.559000 1933.180000 -13 886 1 0 1.000000
-1.568170 -1.036550 0 -11.030700 9.550040 205.680000 1933.050000 -13 887 1 0 1.000000
-2.411980 0.304413 0 8.753900 -5.085880 187.972000 1933.310000 -13 888 1 0 1.000000
0.574840 -1.657160 0 -9.041070 9.292070 181.765000 1933.160000 -13 889 1 0 1.000000
0.069070 -2.819050 0 8.994420 21.128100 202.440000 1933.270000 -13 890 1 0 1.000000
-0.098409 -3.509960 0 -4.134150 16.335900 182.439000 1933.310000 -13 891 1 0 1.000000
-4.107750 -1.113560 0 8.395500 -1.071640 207.833000 1933.320000 -13 892 1 0 1.000000
-0.790170 1.106500 0 -7.154040 0.475397 198.287000 1933.200000 -13 893 1 0 1.000000
-1.716600 -2.984860 0 0.679480 -9.931630 198.510000 1933.120000 -13 894 1 0 1.000000
-1.506380 -1.691340 0 -3.474570 18.116200 190.216000 1933.050000 -13 895 1 0 1.000000
-0.251283 -0.277824 0 -11.510200 15.984900 180.153000 1933.130000 -13 896 1 0 1.000000
-3.093680 0.216698 0 -3.474490 -10.244500 199.063000 1933.090000 -13 897 1 0 1.000000
-0.968153 -1.557170 0 2.863360 16.898700 202.106000 1933.190000 -13 898 1 0 1.000000
-0.092044 -2.335540 0 -9.222650 15.489300 181.989000 1933.300000 -13 899 1 0 1.000000
-1.026040 0.755670 0 0.565968 -11.356800 188.720000 1933.150000 -13 900 1 0 1.000000
1.003810 -3.600850 0 3.585900 -2.531110 192.468000 1933.160000 -13 901 1 0 1.000000
-1.770200 -1.261050 0 17.056800 -5.941860 177.868000 1933.190000 -13 902 1 0 1.000000
-2.927710 -1.313930 0 -16.854100 1.280430 180.198000 1933.090000 -13 903 1 0 1.000000
-2.126860 -0.918631 0 -1.552110 -13.843400 197.001000 1933.190000 -13 904 1 0 1.000000
0.197619 -1.380470 0 3.453050 -5.011370 184.376000 1933.110000 -13 905 1 0 1.000000
0.951100 -0.612289 0 -4.601270 -16.016500 193.358000 1933.160000 -13 906 1 0 1.000000
2.151570 -1.138780 0 -2.603960 16.707700 200.735000 1932.990000 -13 907 1 0 1.000000
-0.718646 -0.706443 0 -17.692800 -11.256900 180.988000 1933.290000 -13 908 1 0 1.000000
-0.074833 -1.325610 0 -9.957040 5.316280 199.101000 1933.300000 -13 909 1 0 1.000000
0.676980 -0.418202 0 -14.276300 18.517500 192.786000 1933.000000 -13 910 1 0 1.000000
0.109614 -2.237230 0 2.934740 -6.860000 196.288000 1933.180000 -13 911 1 0 1.000000
-2.183590 -2.762990 0 0.958797 17.521300 208.767000 1933.240000 -13 912 1 0 1.000000
-1.915180 -1.998290 0 15.108400 16.608900 211.172000 1933.130000 -13 913 1 0 1.000000
1.066140 -1.197700 0 -9.039600 -13.163100 188.288000 1933.150000 -13 914 1 0 1.000000
-2.593420 -2.130850 0 -19.762900 1.511260 193.979000 1933.160000 -13 915 1 0 1.000000
-1.686630 -0.414647 0 7.690180 3.225990 193.854000 1933.070000 -13 916 1 0 1.000000
-1.960260 -3.885270 0 16.257000 0.339347 194.831000 1933.150000 -13 917 1 0 1.000000
-1.360610 -0.039596 0 -3.733750 3.387290 190.251000 1933.190000 -13 918 1 0 1.000000
-2.300180 0.663050 0 -13.890300 -3.836350 209.866000 1933.150000 -13 919 1 0 1.000000
-2.195190 -1.413540 0 12.373100 -14.540700 198.642000 1933.170000 -13 920 1 0 1.000000
0.447428 -4.231950 0 1.041050 3.372410 189.653000 1933.040000 -13 921 1 0 1.000000
-0.122733 -0.183858 0 -21.365500 -12.861100 200.837000 1933.330000 -13 922 1 0 1.000000
-1.841410 -0.793640 0 -5.822780 3.924240 192.385000 1933.240000 -13 923 1 0 1.000000
-1.282500 -3.159790 0 10.784900 8.308450 196.606000 1932.990000 -13 924 1 0 1.000000
-1.479750 -3.032280 0 10.132400 -12.132400 188.423000 1933.130000 -13 925 1 0 1.000000
1.238850 -3.464680 0 24.608800 -2.495540 190.944000 1933.290000 -13 926 1 0 1.000000
-0.139607 -2.415990 0 -9.653550 9.966600 204.945000 1933.250000 -13 927 1 0 1.000000
-1.947430 -1.939500 0 1.705950 -28.983500 201.183000 1933.200000 -13 928 1 0 1.000000
-1.801190 -2.380050 0 10.640100 -22.472700 205.700000 1933.180000 -13 929 1 0 1.000000
-3.219080 -2.238300 0 12.627600 -21.770700 206.979000 1933.130000 -13 930 1 0 1.000000
-0.444978 -2.158630 0 -21.632000 6.979840 192.474000 1933.230000 -13 931 1 0 1.000000
-3.617710 -1.751890 0 -2.297260 -7.622260 187.317000 1933.150000 -13 932 1 0 1.000000
0.627058 -2.552910 0 4.977870 0.278250 192.181000 1933.070000 -13 933 1 0 1.000000
-0.415034 0.099119 0 -4.013160 15.352500 204.570000 1933.300000 -13 934 1 0 1.000000
0.005453 -1.425310 0 -10.995800 0.742718 193.192000 1933.180000 -13 935 1 0 1.000000
-2.158040 -1.094670 0 12.010000 -13.579300 192.615000 1933.230000 -13 936 1 0 1.000000
-0.036273 -3.540800 0 6.640900 -18.255900 193.221000 1933.310000 -13 937 1 0 1.000000
0.908161 -2.839070 0 -3.096530 6.146700 196.990000 1933.290000 -13 938 1 0 1.000000
-0.708518 1.084280 0 -19.188000 4.754180 198.543000 1933.200000 -13 939 1 0 1.000000
-0.844067 -0.647934 0 -7.393620 8.190830 191.641000 1933.220000 -13 940 1 0 1.000000
-2.293860 -0.312104 0 -8.154250 -2.234250 194.960000 1933.330000 -13 941 1 0 1.000000
-1.026100 -2.583990 0 11.856200 -5.087790 192.005000 1933.170000 -13 942 1 0 1.000000
-2.396000 -3.039180 0 -4.654750 5.494200 193.377000 1933.360000 -13 943 1 0 1.000000
-0.277552 -1.239760 0 -4.087550 2.651310 191.447000 1933.100000 -13 944 1 0 1.000000
-2.214700 -3.080000 0 11.167400 -9.731090 194.545000 1933.010000 -13 945 1 0 1.000000
-0.247274 -3.752290 0 3.345810 -5.011390 202.604000 1933.160000 -13 946 1 0 1.000000
0.577588 1.311470 0 -2.744540 -10.978200 190.092000 1933.200000 -13 947 1 0 1.000000
-1.628970 -3.671910 0 -6.234530 2.778880 194.232000 1933.150000 -13 948 1 0 1.000000
-1.121150 -1.998330 0 -13.418400 3.607450 190.064000 1933.330000 -13 949 1 0 1.000000
-0.672349 -1.610960 0 9.399050 13.109600 189.645000 1933.180000 -13 950 1 0 1.000000
-3.521570 -2.298720 0 -4.072860 11.083200 202.561000 1933.090000 -13 951 1 0 1.000000
-0.526677 -2.940010 0 -10.892700 12.814700 183.250000 1933.220000 -13 952 1 0 1.000000
-0.545897 -3.160320 0 -2.157560 -10.508100 214.172000 1933.200000 -13 953 1 0 1.000000
-1.358100 -3.852490 0 11.823500 -3.731110 190.211000 1933.280000 -13 954 1 0 1.000000
-3.062860 0.691224 0 2.653750 -8.689910 199.102000 1933.190000 -13 955 1 0 1.000000
-0.495537 -1.164530 0 3.347420 16.810600 185.791000 1933.100000 -13 956 1 0 1.000000
-1.303560 0.161514 0 -7.256930 14.812700 192.010000 1933.290000 -13 957 1 0 1.000000
-3.028410 -0.972580 0 -0.088874 -1.232820 188.641000 1933.240000 -13 958 1 0 1.000000
-2.576130 -3.215180 0 -7.004630 -3.330240 192.842000 1933.070000 -13 959 1 0 1.000000
0.531095 0.872682 0 12.788800 -2.346690 210.127000 1933.210000 -13 960 1 0 1.000000
0.251601 -1.280710 0 -1.995790 19.740400 195.443000 1933.180000 -13 961 1 0 1.000000
-3.260150 -0.496322 0 3.581540 -19.726900 188.033000 1933.180000 -13 962 1 0 1.000000
-0.360860 -1.610230 0 10.173100 -4.368360 184.947000 1933.250000 -13 963 1 0 1.000000
-2.505060 -1.281260 0 -26.025500 -4.646190 193.598000 1933.130000 -13 964 1 0 1.000000
-1.343230 -0.985355 0 -18.126500 -3.885410 199.671000 1933.340000 -13 965 1 0 1.000000
0.016364 -2.457980 0 0.815371 5.774720 200.062000 1933.050000 -13 966 1 0 1.000000
-2.563460 -0.145791 0 11.808800 -20.961300 203.527000 1933.160000 -13 967 1 0 1.000000
1.380210 -0.804745 0 0.016669 18.639900 194.953000 1933.250000 -13 968 1 0 1.000000
-0.181311 -3.969210 0 26.190000 12.570400 201.888000 1933.290000 -13 969 1 0 1.000000
-1.276310 -5.284420 0 14.756900 -8.672400 188.346000 1933.310000 -13 970 1 0 1.000000
-0.961288 -1.701570 0 -15.563900 8.777060 189.976000 1933.060000 -13 971 1 0 1.000000
-3.986610 -0.493785 0 -2.918310 -3.124780 198.337000 1933.310000 -13 972 1 0 1.000000
-2.800430 -2.260050 0 3.863080 -19.702600 200.379000 1933.220000 -13 973 1 0 1.000000
-2.085710 -1.277050 0 0.245602 -1.720450 183.590000 1933.130000 -13 974 1 0 1.000000
-3.242320 0.278477 0 -4.150110 -10.097000 201.735000 1933.360000 -13 975 1 0 1.000000
-0.896774 -1.996340 0 -11.823900 15.262000 203.609000 1933.310000 -13 976 1 0 1.000000
-0.200365 0.687289 0 -5.336630 -5.364540 193.845000 1933.230000 -13 977 1 0 1.000000
-1.338010 0.007532 0 2.754490 -0.331746 184.919000 1933.170000 -13 978 1 0 1.000000
1.104230 -2.081240 0 -0.531980 13.215800 191.747000 1933.210000 -13 979 1 0 1.000000
0.517510 -0.301907 0 8.345560 8.056420 201.699000 1932.950000 -13 980 1 0 1.000000
-0.850406 0.190413 0 -1.718650 4.183390 192.775000 1933.220000 -13 981 1 0 1.000000
-1.583770 -2.682290 0 4.451800 -23.581500 187.599000 1933.280000 -13 982 1 0 1.000000
-0.910702 -1.240910 0 -5.456180 20.870700 198.056000 1933.050000 -13 983 1 0 1.000000
-2.631270 -1.359740 0 11.415500 15.154800 190.116000 1933.360000 -13 984 1 0 1.000000
0.462580 -3.401400 0 -0.446665 -13.752500 197.152000 1933.160000 -13 985 1 0 1.000000
-2.769720 -0.075745 0 -1.804060 1.718050 215.272000 1933.150000 -13 986 1 0 1.000000
-3.006290 -0.355513 0 -5.304530 1.408420 194.123000 1933.210000 -13 987 1 0 1.000000
-2.835950 -2.763520 0 -7.840540 3.765630 204.390000 1933.130000 -13 988 1 0 1.000000
-4.547130 0.632632 0 -1.789390 -3.497340 211.513000 1933.180000 -13 989 1 0 1.000000
-0.731111 -0.171296 0 -0.489714 9.884410 196.757000 1933.350000 -13 990 1 0 1.000000
-2.683190 -1.017600 0 2.375500 -5.836930 201.843000 1933.140000 -13 991 1 0 1.000000
1.131740 -2.591630 0 0.907883 10.686900 191.408000 1933.170000 -13 992 1 0 1.000000
-1.130090 -3.364300 0 12.845800 -14.870500 191.506000 1933.230000 -13 993 1 0 1.000000
-1.686440 -1.061400 0 9.500880 7.086160 196.593000 1933.250000 -13 994 1 0 1.000000
-0.697164 -1.894720 0 9.270180 -19.555800 199.759000 1933.210000 -13 995 1 0 1.000000
-3.258860 -0.585482 0 20.767000 -1.391880 201.705000 1933.220000 -13 996 1 0 1.000000
-2.059350 -0.656542 0 -1.105560 -7.704720 207.085000 1933.160000 -13 997 1 0 1.000000
-0.592190 0.058697 0 -5.256750 4.760660 180.161000 1933.180000 -13 998 1 0 1.000000
-1.271200 0.493744 0 -2.920330 25.358000 211.591000 1933.120000 -13 999 1 0 1.000000
-1.624770 -1.343530 0 5.298470 -12.482000 189.987000 1933.370000 -13 1000 1 0 1.000000
-1.315580 -1.185880 0 6.939040 -18.769400 201.743000 1933.060000 -13 1001 1 0 1.000000
0.464630 -1.002680 0 -11.105200 -5.369140 182.756000 1933.200000 -13 1002 1 0 1.000000
-0.020092 -1.517920 0 -10.134100 -0.279738 182.978000 1933.280000 -13 1003 1 0 1.000000
-0.981003 -2.183400 0 17.775800 -16.817300 198.182000 1933.330000 -13 1004 1 0 1.000000
-0.470137 -3.450710 0 0.392011 -12.076000 195.446000 1933.060000 -13 1005 1 0 1.000000
0.065096 -0.009049 0 2.240580 -11.907400 206.906000 1933.160000 -13 1006 1 0 1.000000
-0.687393 -1.303300 0 6.303490 -0.360060 198.728000 1933.110000 -13 1007 1 0 1.000000
-1.676430 0.346830 0 -11.605700 -5.730720 188.243000 1933.160000 -13 1008 1 0 1.000000
-0.268666 0.270918 0 -9.362510 -2.412000 184.998000 1933.150000 -13 1009 1 0 1.000000
-3.334640 -0.485121 0 -12.993400 -3.708800 193.602000 1933.170000 -13 1010 1 0 1.000000
0.306373 -2.556980 0 8.480390 -10.294100 202.304000 1933.140000 -13 1011 1 0 1.000000
-1.690380 -2.471420 0 -0.628326 -18.315500 191.874000 1933.090000 -13 1012 1 0 1.000000
-0.822744 0.137846 0 -13.881400 8.935740 190.810000 1933.160000 -13 1013 1 0 1.000000
-1.690780 -1.770470 0 -10.161000 -3.657740 194.108000 1933.310000 -13 1014 1 0 1.000000
-0.776030 -1.878210 0 9.703880 -12.468100 179.867000 1933.180000 -13 1015 1 0 1.000000
-0.148508 -0.597397 0 6.015840 -5.615910 196.668000 1933.070000 -13 1016 1 0 1.000000
-0.028667 -3.239630 0 10.440000 -3.047200 201.986000 1933.180000 -13 1017 1 0 1.000000
-1.922180 -2.402780 0 -4.356620 -15.649000 198.825000 1933.180000 -13 1018 1 0 1.000000
-0.781549 2.254380 0 -7.141750 5.158870 196.884000 1933.160000 -13 1019 1 0 1.000000
-1.002720 -3.126830 0 3.925240 7.002310 192.900000 1933.260000 -13 1020 1 0 1.000000
-1.009970 -1.470580 0 3.492680 -26.925100 193.101000 1933.030000 -13 1021 1 0 1.000000
-0.800617 -0.303057 0 6.217140 -8.384740 178.791000 1933.160000 -13 1022 1 0 1.000000
-0.707601 -1.925720 0 -3.152290 4.406660 185.433000 1933.280000 -13 1023 1 0 1.000000
-2.917880 -3.608900 0 11.806100 -15.859800 189.731000 1933.140000 -13 1024 1 0 1.000000
0.508362 -2.837950 0 7.030110 9.817070 200.876000 1933.250000 -13 1025 1 0 1.000000
-2.079570 -0.776429 0 -8.030400 13.939500 195.612000 1933.280000 -13 1026 1 0 1.000000
-2.342750 -1.590680 0 -3.072960 -0.556164 199.644000 1933.070000 -13 1027 1 0 1.000000
-2.743160 -1.323800 0 13.164700 -7.707710 197.571000 1933.270000 -13 1028 1 0 1.000000
-0.779732 1.762960 0 -15.461500 -3.263590 186.626000 1933.310000 -13 1029 1 0 1.000000
-0.799446 -2.402340 0 -6.764680 4.184610 194.606000 1933.270000 -13 1030 1 0 1.000000
-1.039080 -0.405691 0 0.986289 -7.979170 201.729000 1933.150000 -13 1031 1 0 1.000000
-0.100833 -2.264250 0 13.007600 0.918853 204.336000 1933.280000 -13 1032 1 0 1.000000
0.853931 -1.406300 0 -2.643140 -3.280990 196.979000 1933.300000 -13 1033 1 0 1.000000
-0.836435 -1.950330 0 5.468760 4.064320 196.938000 1933.140000 -13 1034 1 0 1.000000
-2.188520 -2.101400 0 -9.881470 -12.637400 193.179000 1933.170000 -13 1035 1 0 1.000000
-2.737850 -1.323910 0 -14.417400 13.403700 199.803000 1933.200000 -13 1036 1 0 1.000000
-1.087090 -0.861190 0 18.542700 -0.617233 190.110000 1933.080000 -13 1037 1 0 1.000000
0.726493 -2.981230 0 7.180690 -7.116810 182.686000 1933.180000 -13 1038 1 0 1.000000
0.164010 -6.051030 0 11.540700 13.310300 192.851000 1933.160000 -13 1039 1 0 1.000000
-2.137440 1.052100 0 17.909000 6.744200 198.464000 1933.270000 -13 1040 1 0 1.000000
-1.539620 -1.341140 0 1.536310 -13.404500 188.128000 1933.160000 -13 1041 1 0 1.000000
-2.786490 -0.743332 0 10.104200 -9.312240 180.502000 1933.220000 -13 1042 1 0 1.000000
-0.051385 -0.339795 0 1.733640 9.511150 199.252000 1933.330000 -13 1043 1 0 1.000000
-0.021785 -3.918900 0 4.254630 2.049320 183.030000 1933.260000 -13 1044 1 0 1.000000
-2.614680 -0.655262 0 -2.555230 11.336700 209.719000 1933.160000 -13 1045 1 0 1.000000
