#BLTrackFile solenoid_cooling_channel
#x y z Px Py Pz t PDGid EvNum TrkId Parent weight
-1.011640 -1.638660 0 0.000000 0.000000 193.000000 1933.190000 -13 1 1 0 1.000000
-1.386170 -2.858650 0 -1.810510 6.418880 192.645000 1933.200000 -13 2 1 0 1.000000
-2.224640 -0.902875 0 -0.225954 -5.473010 185.756000 1933.160000 -13 3 1 0 1.000000
-0.864845 -1.345170 0 6.859070 -2.714810 186.805000 1933.150000 -13 4 1 0 1.000000
-2.296050 -0.801970 0 10.936900 -7.674500 196.853000 1933.120000 -13 5 1 0 1.000000
1.225130 -1.299990 0 3.130420 23.909300 187.497000 1933.070000 -13 6 1 0 1.000000
-0.543751 -3.552920 0 -16.772600 9.333640 197.342000 1933.070000 -13 7 1 0 1.000000
-1.676370 -2.597880 0 7.986560 -14.557400 187.965000 1933.090000 -13 8 1 0 1.000000
-2.577010 0.866561 0 -3.474190 2.763890 198.784000 1933.120000 -13 9 1 0 1.000000
-2.956240 -1.446990 0 7.429950 -6.514350 183.488000 1933.150000 -13 10 1 0 1.000000
-2.073840 -2.799200 0 -17.231300 3.826770 202.961000 1933.170000 -13 11 1 0 1.000000
-1.704240 -4.575880 0 3.305080 -1.356720 199.381000 1933.350000 -13 12 1 0 1.000000
-2.614140 -2.507620 0 -0.396001 4.205140 190.823000 1933.050000 -13 13 1 0 1.000000
-1.723290 -1.882220 0 3.286320 -3.429410 194.910000 1933.230000 -13 14 1 0 1.000000
-2.668830 -2.782200 0 12.133100 -9.965670 210.515000 1933.120000 -13 15 1 0 1.000000
-1.765450 -0.431137 0 5.953230 -21.099700 186.647000 1933.080000 -13 16 1 0 1.000000
-5.207820 -3.004720 0 2.566250 -8.163050 193.372000 1933.080000 -13 17 1 0 1.000000
1.128750 -1.819050 0 3.661760 -5.956070 197.600000 1933.120000 -13 18 1 0 1.000000
2.121510 -1.423550 0 19.480900 2.831240 194.830000 1933.100000 -13 19 1 0 1.000000
-0.857219 -2.879230 0 1.855460 -2.917450 200.160000 1933.120000 -13 20 1 0 1.000000
-1.329140 -1.686320 0 10.858900 -15.900900 183.393000 1933.170000 -13 21 1 0 1.000000
0.169402 -0.718838 0 -15.797400 -1.171010 209.539000 1933.230000 -13 22 1 0 1.000000
-3.034320 -3.030220 0 4.420740 -15.421600 206.209000 1933.130000 -13 23 1 0 1.000000
-1.877200 1.825930 0 -6.478500 2.068920 193.112000 1933.080000 -13 24 1 0 1.000000
-2.319360 -0.892229 0 4.541470 -7.834340 201.634000 1933.100000 -13 25 1 0 1.000000
-2.238090 -2.138710 0 -3.711500 -8.275800 190.251000 1933.080000 -13 26 1 0 1.000000
0.098814 -0.636842 0 3.258960 2.799330 195.002000 1933.090000 -13 27 1 0 1.000000
-1.888620 -2.544440 0 5.261880 -25.861200 175.728000 1933.210000 -13 28 1 0 1.000000
-1.522740 -4.946310 0 8.914050 -1.139860 196.565000 1933.270000 -13 29 1 0 1.000000
-0.849590 -1.289410 0 3.473860 -11.635100 185.850000 1933.140000 -13 30 1 0 1.000000
-1.755640 -2.345800 0 0.741613 8.933590 198.227000 1933.400000 -13 31 1 0 1.000000
0.668981 -3.353130 0 1.247880 19.525000 193.531000 1933.140000 -13 32 1 0 1.000000
-1.302230 -3.532650 0 -0.417659 2.761300 197.541000 1933.120000 -13 33 1 0 1.000000
-3.625220 -3.058800 0 -13.261400 5.168370 190.245000 1933.020000 -13 34 1 0 1.000000
-2.359250 0.910913 0 11.214100 11.495200 200.295000 1933.340000 -13 35 1 0 1.000000
-0.372579 -1.487480 0 -7.166820 8.123010 208.517000 1933.240000 -13 36 1 0 1.000000
-1.217240 -0.828553 0 -9.053940 14.011100 182.627000 1933.240000 -13 37 1 0 1.000000
-3.796730 -1.935650 0 8.705100 24.791800 197.869000 1933.090000 -13 38 1 0 1.000000
0.466796 -3.398230 0 5.857670 9.020580 197.092000 1933.130000 -13 39 1 0 1.000000
-2.499430 -0.496134 0 -4.788860 -10.763700 207.161000 1933.160000 -13 40 1 0 1.000000
-1.110090 -3.252320 0 -2.311740 -17.163100 206.774000 1933.140000 -13 41 1 0 1.000000
1.239190 -2.231320 0 2.336820 -0.018831 188.037000 1933.040000 -13 42 1 0 1.000000
-0.224355 -0.180940 0 1.954280 13.538700 186.768000 1933.150000 -13 43 1 0 1.000000
-1.216840 -1.453950 0 -4.301690 -12.930500 185.810000 1933.120000 -13 44 1 0 1.000000
-0.980084 -0.696266 0 -3.236820 -13.768100 198.610000 1933.040000 -13 45 1 0 1.000000
0.868891 -1.401730 0 -7.624500 -22.227600 183.442000 1933.210000 -13 46 1 0 1.000000
-0.646641 -2.729450 0 13.138900 -18.990200 190.214000 1933.180000 -13 47 1 0 1.000000
-1.179690 -4.421260 0 8.450740 -5.202440 204.187000 1933.160000 -13 48 1 0 1.000000
-1.715100 -0.173168 0 -14.223800 -10.963700 199.477000 1933.050000 -13 49 1 0 1.000000
-2.616500 -5.474780 0 11.216900 10.051000 189.542000 1933.210000 -13 50 1 0 1.000000
-0.633932 -3.568560 0 10.276000 3.235480 187.027000 1933.120000 -13 51 1 0 1.000000
0.726910 -1.970840 0 0.593769 20.381900 199.406000 1933.100000 -13 52 1 0 1.000000
-2.295120 -1.403700 0 7.957360 -8.543440 193.647000 1933.100000 -13 53 1 0 1.000000
-3.574290 -1.792310 0 -3.391930 -20.789400 185.730000 1933.090000 -13 54 1 0 1.000000
-3.346790 -1.494800 0 15.997000 13.601400 207.403000 1933.200000 -13 55 1 0 1.000000
1.200210 -6.704030 0 -1.245180 6.537420 198.471000 1933.140000 -13 56 1 0 1.000000
-2.321000 2.226610 0 -7.715680 -0.097868 192.606000 1933.380000 -13 57 1 0 1.000000
-2.080690 -2.451460 0 -15.096800 2.114890 199.538000 1933.100000 -13 58 1 0 1.000000
-1.756750 -4.386280 0 0.996397 3.603360 194.170000 1933.120000 -13 59 1 0 1.000000
0.633327 -1.072810 0 17.862800 6.703160 180.978000 1933.170000 -13 60 1 0 1.000000
-0.822192 -1.482590 0 -14.522500 1.705200 185.501000 1933.100000 -13 61 1 0 1.000000
0.972155 -2.406220 0 -2.284200 -18.835100 193.066000 1933.270000 -13 62 1 0 1.000000
-2.961160 -1.737220 0 1.694450 -5.876720 189.418000 1933.270000 -13 63 1 0 1.000000
-0.418530 -3.069900 0 8.079180 -7.667920 200.173000 1933.140000 -13 64 1 0 1.000000
-2.640460 -0.372258 0 -1.940670 -10.649400 196.373000 1933.080000 -13 65 1 0 1.000000
-1.508250 0.720987 0 -16.401500 -11.131400 191.392000 1933.160000 -13 66 1 0 1.000000
-0.002607 -1.922410 0 0.001730 4.160560 190.833000 1933.140000 -13 67 1 0 1.000000
-1.045170 -2.421450 0 1.060550 -9.340590 193.409000 1932.990000 -13 68 1 0 1.000000
-1.127310 1.483540 0 -3.495730 14.694400 204.328000 1933.330000 -13 69 1 0 1.000000
-0.101141 -1.284840 0 -5.804140 23.266000 209.678000 1933.160000 -13 70 1 0 1.000000
-2.550100 -2.227860 0 -5.821980 6.794830 202.505000 1933.100000 -13 71 1 0 1.000000
0.120515 -0.766176 0 10.010500 -4.576810 180.595000 1933.200000 -13 72 1 0 1.000000
-4.099600 1.096190 0 -14.912400 -1.722440 193.361000 1933.110000 -13 73 1 0 1.000000
-1.585620 -1.925040 0 19.711400 4.522500 198.922000 1933.180000 -13 74 1 0 1.000000
0.505935 -1.379180 0 -8.715570 15.800100 186.510000 1933.350000 -13 75 1 0 1.000000
-1.482030 -0.466346 0 -1.109580 12.593600 194.231000 1933.080000 -13 76 1 0 1.000000
-1.236670 1.226700 0 -21.556300 -2.933380 193.107000 1933.170000 -13 77 1 0 1.000000
-2.788560 -0.609253 0 11.534300 -3.032750 201.875000 1933.130000 -13 78 1 0 1.000000
-0.367786 -0.686093 0 -9.674340 -18.893700 188.266000 1933.130000 -13 79 1 0 1.000000
-3.586600 0.008987 0 -5.529360 -9.904090 191.673000 1933.120000 -13 80 1 0 1.000000
-0.599334 0.543103 0 6.282770 6.811770 183.120000 1933.240000 -13 81 1 0 1.000000
1.016920 -1.996700 0 1.016520 -4.614090 201.270000 1933.300000 -13 82 1 0 1.000000
1.086870 -3.306310 0 0.122559 4.183980 185.145000 1933.150000 -13 83 1 0 1.000000
-1.087640 -2.978460 0 -16.854200 3.636750 201.283000 1933.090000 -13 84 1 0 1.000000
-3.321060 -2.075350 0 8.789240 -11.034500 212.891000 1933.240000 -13 85 1 0 1.000000
-2.033480 0.440811 0 -10.009700 7.293070 192.550000 1933.370000 -13 86 1 0 1.000000
-1.587960 0.076046 0 -9.460260 -4.376230 192.381000 1933.170000 -13 87 1 0 1.000000
-1.356230 -2.169940 0 -0.975557 0.007625 192.939000 1933.190000 -13 88 1 0 1.000000
-2.590350 -2.159000 0 4.191290 -17.612100 192.842000 1933.320000 -13 89 1 0 1.000000
-2.413170 -0.309107 0 -5.392070 -5.920310 194.759000 1933.320000 -13 90 1 0 1.000000
-1.219420 -3.734840 0 -5.601950 18.105000 201.870000 1933.180000 -13 91 1 0 1.000000
-1.514990 -0.327511 0 -12.037200 -4.265890 197.508000 1933.110000 -13 92 1 0 1.000000
-1.692060 -0.632861 0 -15.969700 6.440980 185.508000 1933.160000 -13 93 1 0 1.000000
-2.842300 -0.732064 0 -4.102630 -4.439420 181.691000 1933.160000 -13 94 1 0 1.000000
-0.811924 0.223616 0 -12.982500 19.027800 197.525000 1933.180000 -13 95 1 0 1.000000
-4.956280 -3.690670 0 -4.276650 -2.398180 203.850000 1933.100000 -13 96 1 0 1.000000
-0.406003 -2.693390 0 -9.753040 17.918700 194.679000 1933.310000 -13 97 1 0 1.000000
-1.377890 -3.477840 0 -0.828866 4.976500 185.334000 1933.050000 -13 98 1 0 1.000000
-2.145140 1.680030 0 -13.261100 9.432470 196.141000 1933.220000 -13 99 1 0 1.000000
-2.037480 0.426295 0 -8.959720 -0.298081 211.928000 1933.110000 -13 100 1 0 1.000000
-0.477512 -3.440420 0 0.948958 18.839600 189.046000 1933.160000 -13 101 1 0 1.000000
-1.766210 -0.673400 0 -9.845080 -19.734700 190.072000 1933.210000 -13 102 1 0 1.000000
-1.255850 -3.028560 0 3.999700 10.980500 188.884000 1933.300000 -13 103 1 0 1.000000
-1.919510 -0.923502 0 -2.246480 2.658150 194.766000 1933.150000 -13 104 1 0 1.000000
2.068410 -0.719009 0 -0.302911 13.905700 183.556000 1933.350000 -13 105 1 0 1.000000
-2.055350 1.069460 0 -5.198410 3.994670 193.201000 1933.190000 -13 106 1 0 1.000000
-1.183060 -2.166150 0 -2.834070 11.060900 198.135000 1933.240000 -13 107 1 0 1.000000
-1.007620 -0.573059 0 3.815880 -9.013700 211.989000 1933.260000 -13 108 1 0 1.000000
-0.736046 -1.769690 0 -0.559942 -10.918700 193.239000 1933.110000 -13 109 1 0 1.000000
0.042598 0.546232 0 0.511894 11.385800 199.051000 1933.080000 -13 110 1 0 1.000000
1.007310 -2.004070 0 8.643770 13.472500 204.717000 1933.310000 -13 111 1 0 1.000000
-2.735830 0.111858 0 -11.264400 -0.951438 192.821000 1933.300000 -13 112 1 0 1.000000
-0.468224 0.042323 0 0.015068 4.761150 188.831000 1933.200000 -13 113 1 0 1.000000
-0.119555 -0.636848 0 1.742600 -8.428410 199.616000 1933.280000 -13 114 1 0 1.000000
2.160640 -2.689240 0 11.646900 2.184600 203.630000 1933.160000 -13 115 1 0 1.000000
-3.017410 -2.271070 0 -8.344380 -19.812200 188.172000 1933.220000 -13 116 1 0 1.000000
-2.596160 -0.389804 0 -3.064250 2.560210 177.751000 1933.200000 -13 117 1 0 1.000000
0.472881 1.419770 0 -14.904700 4.227470 207.809000 1933.200000 -13 118 1 0 1.000000
-0.349877 -3.873770 0 -9.462450 -0.141866 201.742000 1933.090000 -13 119 1 0 1.000000
1.000800 -1.840410 0 -2.284070 -1.986030 186.461000 1933.140000 -13 120 1 0 1.000000
-1.204660 0.575100 0 -2.321810 5.574630 186.470000 1933.210000 -13 121 1 0 1.000000
-2.243860 -3.421100 0 16.149700 -18.640500 198.576000 1933.090000 -13 122 1 0 1.000000
-1.050050 -1.788990 0 3.336680 -18.990400 193.312000 1933.170000 -13 123 1 0 1.000000
-0.582808 -3.908480 0 10.931000 -5.835700 188.797000 1933.110000 -13 124 1 0 1.000000
-1.610560 -0.700437 0 -3.861690 -8.814670 191.773000 1933.180000 -13 125 1 0 1.000000
-1.435710 -1.735200 0 -3.818820 9.983810 187.885000 1933.060000 -13 126 1 0 1.000000
-2.346030 -1.172600 0 3.545470 22.198100 187.214000 1933.070000 -13 127 1 0 1.000000
-2.317920 -3.677010 0 -23.715900 -9.746430 203.579000 1933.190000 -13 128 1 0 1.000000
-2.207680 -1.578860 0 11.506700 -1.315140 196.895000 1933.080000 -13 129 1 0 1.000000
0.766992 -2.229420 0 5.492940 23.505100 186.122000 1933.180000 -13 130 1 0 1.000000
-1.168650 0.886075 0 6.773410 -12.981300 197.026000 1933.270000 -13 131 1 0 1.000000
-1.490260 -0.982714 0 -5.916880 5.898970 203.604000 1933.130000 -13 132 1 0 1.000000
-1.102160 -1.879270 0 2.236420 -2.697650 182.151000 1933.250000 -13 133 1 0 1.000000
-4.520520 -2.403220 0 12.518500 1.670180 196.460000 1933.150000 -13 134 1 0 1.000000
-2.401960 1.138410 0 1.628520 -8.684060 194.706000 1933.320000 -13 135 1 0 1.000000
-0.698083 -1.175360 0 4.948430 -12.412500 187.711000 1933.140000 -13 136 1 0 1.000000
-2.522750 -0.365505 0 3.038180 8.117450 202.853000 1933.050000 -13 137 1 0 1.000000
-1.211130 -2.050560 0 -5.227640 16.519600 205.528000 1933.180000 -13 138 1 0 1.000000
-0.363061 -0.240134 0 12.954200 11.991400 192.176000 1933.030000 -13 139 1 0 1.000000
-3.635360 -1.363290 0 4.235580 -8.259190 190.288000 1933.270000 -13 140 1 0 1.000000
-1.351930 -1.739910 0 -10.502400 2.825330 192.380000 1933.210000 -13 141 1 0 1.000000
-0.403972 -0.124552 0 -4.995790 15.047900 177.383000 1933.090000 -13 142 1 0 1.000000
-1.789860 -3.460020 0 -17.871400 13.784900 189.622000 1933.130000 -13 143 1 0 1.000000
2.633360 -0.771116 0 1.080310 -14.638400 197.224000 1933.110000 -13 144 1 0 1.000000
-1.127510 -3.840010 0 6.659340 0.988662 191.727000 1933.070000 -13 145 1 0 1.000000
0.111564 -2.168380 0 -13.055500 -19.340100 196.901000 1933.050000 -13 146 1 0 1.000000
0.110786 -3.001530 0 2.558750 11.634900 188.120000 1933.170000 -13 147 1 0 1.000000
0.263389 -2.464800 0 -7.031540 -12.555400 183.335000 1933.250000 -13 148 1 0 1.000000
-1.782640 -2.276470 0 1.442300 -5.043760 195.099000 1933.190000 -13 149 1 0 1.000000
-1.768570 0.588718 0 11.072800 4.376220 199.835000 1933.090000 -13 150 1 0 1.000000
-0.996503 -2.763810 0 5.346060 9.122780 193.031000 1933.130000 -13 151 1 0 1.000000
1.021320 -0.994491 0 10.444700 -27.456200 187.964000 1933.070000 -13 152 1 0 1.000000
-1.286180 -4.141840 0 3.626600 -10.830600 194.856000 1933.170000 -13 153 1 0 1.000000
-4.293630 -4.395060 0 -2.040940 10.997600 199.440000 1933.070000 -13 154 1 0 1.000000
-1.777990 -0.486807 0 11.350100 4.984440 205.057000 1933.250000 -13 155 1 0 1.000000
0.627147 -1.413860 0 0.918497 20.512200 197.238000 1933.320000 -13 156 1 0 1.000000
-1.659720 0.029005 0 -5.572900 -1.827730 191.012000 1933.070000 -13 157 1 0 1.000000
-1.201810 -4.862370 0 -1.681960 -14.943700 199.354000 1933.140000 -13 158 1 0 1.000000
-0.105828 -3.555920 0 0.345865 24.788200 195.015000 1933.210000 -13 159 1 0 1.000000
-0.841263 -1.599620 0 1.246600 12.172300 199.883000 1933.110000 -13 160 1 0 1.000000
-3.664960 -0.256328 0 5.176800 4.612300 201.323000 1933.240000 -13 161 1 0 1.000000
1.554800 -2.135290 0 11.533000 6.477810 206.196000 1933.210000 -13 162 1 0 1.000000
1.325970 0.552620 0 -11.329400 2.970860 188.627000 1933.140000 -13 163 1 0 1.000000
0.427324 -0.697813 0 4.444110 -7.026190 194.303000 1933.220000 -13 164 1 0 1.000000
0.267704 -0.183880 0 -10.152500 24.979700 196.949000 1933.300000 -13 165 1 0 1.000000
-1.281230 -0.973536 0 5.735490 -11.488900 198.498000 1933.050000 -13 166 1 0 1.000000
-3.036280 -2.884770 0 -8.712730 -16.236100 197.490000 1933.080000 -13 167 1 0 1.000000
-2.130940 -2.921240 0 -8.606170 -0.465141 197.863000 1933.060000 -13 168 1 0 1.000000
1.357880 -0.327475 0 0.168075 14.411200 199.319000 1933.310000 -13 169 1 0 1.000000
-4.941320 -3.562760 0 -10.911600 0.008136 195.807000 1933.080000 -13 170 1 0 1.000000
-0.126228 -0.408689 0 -8.697320 29.247000 202.390000 1933.280000 -13 171 1 0 1.000000
-1.770560 -2.995010 0 9.692950 10.084800 194.990000 1933.170000 -13 172 1 0 1.000000
-4.855630 -0.410472 0 -17.872600 3.306630 208.379000 1933.030000 -13 173 1 0 1.000000
2.516850 -3.181180 0 0.148208 2.008290 205.562000 1933.110000 -13 174 1 0 1.000000
0.169359 -0.114014 0 17.887200 3.124560 198.861000 1933.170000 -13 175 1 0 1.000000
-0.429699 -0.678021 0 2.760450 -7.270200 195.252000 1933.070000 -13 176 1 0 1.000000
-1.245790 -2.806220 0 4.952300 18.349100 191.020000 1933.170000 -13 177 1 0 1.000000
-1.564110 -2.699340 0 12.820300 15.951400 205.483000 1933.110000 -13 178 1 0 1.000000
-2.122410 -3.598430 0 -2.072700 -6.130240 187.690000 1933.190000 -13 179 1 0 1.000000
-0.702462 -1.549500 0 -4.663480 8.297810 205.867000 1933.120000 -13 180 1 0 1.000000
-2.769500 0.745526 0 3.727570 -6.075920 192.645000 1933.040000 -13 181 1 0 1.000000
-2.082870 -2.271180 0 1.501250 -3.963450 193.175000 1933.010000 -13 182 1 0 1.000000
-3.322110 -1.025610 0 -0.356034 12.623500 190.047000 1933.140000 -13 183 1 0 1.000000
-1.326390 -3.163490 0 7.845910 3.468260 192.109000 1933.230000 -13 184 1 0 1.000000
0.108771 0.562392 0 3.801490 4.583220 188.203000 1933.120000 -13 185 1 0 1.000000
0.396972 -0.926646 0 -6.873010 16.400400 185.627000 1933.130000 -13 186 1 0 1.000000
-0.334349 0.067431 0 -7.416730 14.788600 195.877000 1933.100000 -13 187 1 0 1.000000
-2.113530 -0.667444 0 -14.379400 -5.504180 185.650000 1933.140000 -13 188 1 0 1.000000
-2.244800 -1.313850 0 3.953730 -5.882920 192.849000 1933.250000 -13 189 1 0 1.000000
-0.312911 -3.610380 0 -0.658641 5.698770 193.857000 1933.360000 -13 190 1 0 1.000000
1.242120 -2.946050 0 -12.003200 -26.134000 187.305000 1933.170000 -13 191 1 0 1.000000
-1.491160 1.608450 0 -16.246900 -0.093655 197.578000 1933.090000 -13 192 1 0 1.000000
0.118167 -3.694350 0 -15.977900 12.770200 200.799000 1933.240000 -13 193 1 0 1.000000
-0.675102 -1.960160 0 24.061400 -2.017680 186.560000 1933.260000 -13 194 1 0 1.000000
-2.915510 0.098109 0 -18.454600 13.521600 205.107000 1933.170000 -13 195 1 0 1.000000
-3.383430 -0.920654 0 -4.360310 -7.472690 185.738000 1933.210000 -13 196 1 0 1.000000
0.014863 -0.193886 0 -6.315070 4.244840 197.665000 1933.110000 -13 197 1 0 1.000000
-0.827718 -0.687782 0 2.237260 -11.455600 192.997000 1933.230000 -13 198 1 0 1.000000
-2.796320 -0.980615 0 5.104520 -1.692730 202.019000 1933.250000 -13 199 1 0 1.000000
-0.139149 -1.110040 0 3.894410 -7.953830 197.764000 1933.170000 -13 200 1 0 1.000000
0.426807 -2.357450 0 2.390630 11.035300 187.979000 1933.070000 -13 201 1 0 1.000000
-0.698694 -4.145860 0 5.425550 3.336620 192.012000 1933.240000 -13 202 1 0 1.000000
-0.983193 -2.087710 0 -9.338780 -14.682900 194.326000 1933.220000 -13 203 1 0 1.000000
-0.455545 1.030700 0 -17.641600 -6.019170 201.604000 1933.170000 -13 204 1 0 1.000000
-0.197892 -4.254510 0 0.298776 -2.144700 189.532000 1933.140000 -13 205 1 0 1.000000
-0.102401 1.121300 0 6.256430 6.757900 189.251000 1933.110000 -13 206 1 0 1.000000
-2.036760 -1.652640 0 -3.053940 -16.068900 195.325000 1933.310000 -13 207 1 0 1.000000
-3.828660 -0.556804 0 -1.007190 -18.170200 207.816000 1933.200000 -13 208 1 0 1.000000
1.610580 -4.160880 0 2.200330 15.108400 187.212000 1933.160000 -13 209 1 0 1.000000
0.108221 -2.874820 0 6.380560 -8.195260 191.377000 1933.180000 -13 210 1 0 1.000000
-0.270449 -3.176260 0 -2.647870 9.167160 181.037000 1933.050000 -13 211 1 0 1.000000
-1.273610 -1.146710 0 -3.673750 14.068100 209.322000 1933.140000 -13 212 1 0 1.000000
-2.239280 -1.772250 0 7.371580 -5.827250 187.990000 1933.210000 -13 213 1 0 1.000000
-2.019670 0.252518 0 0.021938 -6.403150 196.149000 1933.060000 -13 214 1 0 1.000000
-1.193570 -1.956960 0 6.700960 -9.893320 199.042000 1933.360000 -13 215 1 0 1.000000
-0.741650 0.628144 0 -10.663800 -1.806420 193.453000 1933.160000 -13 216 1 0 1.000000
-2.310860 -1.275590 0 -2.517490 -8.312530 189.538000 1933.160000 -13 217 1 0 1.000000
-1.840270 -1.052680 0 -12.514500 5.028790 188.657000 1933.250000 -13 218 1 0 1.000000
-2.140770 -1.547170 0 -16.814900 3.178910 184.400000 1933.230000 -13 219 1 0 1.000000
-0.398964 -3.006120 0 0.165866 13.752600 200.525000 1933.110000 -13 220 1 0 1.000000
0.096629 -0.791179 0 -12.297100 15.971900 201.437000 1933.080000 -13 221 1 0 1.000000
-1.804490 -0.636672 0 5.160780 3.221930 205.356000 1933.050000 -13 222 1 0 1.000000
-2.411850 -2.479950 0 -0.331387 -16.772500 194.413000 1933.050000 -13 223 1 0 1.000000
-0.182139 -1.731450 0 -11.020200 -8.199290 203.537000 1933.040000 -13 224 1 0 1.000000
0.040035 0.878617 0 -5.731290 7.011230 188.072000 1933.150000 -13 225 1 0 1.000000
-5.384520 0.421628 0 2.168600 5.553180 211.981000 1933.160000 -13 226 1 0 1.000000
-1.050490 -1.514000 0 -3.712490 -2.377210 182.580000 1933.180000 -13 227 1 0 1.000000
-1.447170 0.535845 0 -18.045300 -7.658190 201.667000 1933.210000 -13 228 1 0 1.000000
-0.871432 -3.250880 0 11.922300 5.855010 187.654000 1933.280000 -13 229 1 0 1.000000
-1.786610 -0.295060 0 1.007060 -17.845700 176.096000 1933.190000 -13 230 1 0 1.000000
1.674020 -0.757054 0 -12.405200 -14.010100 191.927000 1933.080000 -13 231 1 0 1.000000
0.184614 -3.491220 0 1.763090 -8.364980 208.474000 1933.120000 -13 232 1 0 1.000000
-2.176520 -0.230497 0 -0.242182 -6.846780 207.695000 1933.270000 -13 233 1 0 1.000000
-2.274000 -1.395570 0 -7.343120 -5.417770 187.700000 1933.190000 -13 234 1 0 1.000000
-1.771120 -3.598780 0 -12.839800 5.946250 195.566000 1933.120000 -13 235 1 0 1.000000
-2.188500 -2.603320 0 -6.742590 -12.395000 203.620000 1933.190000 -13 236 1 0 1.000000
-1.878840 -1.776130 0 4.966430 -12.335100 191.823000 1933.060000 -13 237 1 0 1.000000
0.102282 -2.980430 0 -5.469830 18.790900 205.542000 1933.050000 -13 238 1 0 1.000000
-1.892450 -2.047050 0 -8.926960 5.510560 197.348000 1933.070000 -13 239 1 0 1.000000
1.704830 -3.928810 0 23.292500 2.853270 187.476000 1933.290000 -13 240 1 0 1.000000
-1.526000 -2.636550 0 6.309690 -19.123600 210.081000 1933.230000 -13 241 1 0 1.000000
-1.102130 -3.374570 0 -1.378500 0.733986 191.914000 1933.390000 -13 242 1 0 1.000000
-0.960138 0.408043 0 -13.634000 7.112000 182.677000 1933.100000 -13 243 1 0 1.000000
-0.036519 -1.402300 0 -2.371690 -10.704900 196.782000 1933.330000 -13 244 1 0 1.000000
-1.656120 -0.763038 0 -11.807100 8.729920 193.125000 1933.230000 -13 245 1 0 1.000000
-2.380230 -0.662086 0 4.494700 -10.873800 197.463000 1933.150000 -13 246 1 0 1.000000
-1.862390 -3.172360 0 -5.036950 -1.653710 203.623000 1933.260000 -13 247 1 0 1.000000
-0.194995 -0.944404 0 -10.909700 -10.414800 184.516000 1933.180000 -13 248 1 0 1.000000
-1.530100 -1.622070 0 -1.283590 -4.494230 199.310000 1933.120000 -13 249 1 0 1.000000
-0.052967 -2.684810 0 7.217120 -8.344550 200.513000 1933.330000 -13 250 1 0 1.000000
-1.023430 0.153251 0 0.401415 3.877460 196.902000 1933.290000 -13 251 1 0 1.000000
-1.513090 -1.737630 0 -6.498490 -16.562000 185.313000 1933.140000 -13 252 1 0 1.000000
-1.818660 -0.651430 0 9.476830 -9.921030 199.326000 1933.310000 -13 253 1 0 1.000000
-2.129720 -2.104010 0 -2.353380 4.119210 187.256000 1933.200000 -13 254 1 0 1.000000
-0.912471 -0.941733 0 -4.424760 4.653740 200.068000 1933.290000 -13 255 1 0 1.000000
0.804865 -3.381270 0 8.241600 14.997900 193.944000 1933.170000 -13 256 1 0 1.000000
-3.238000 -0.592795 0 8.343550 0.131403 193.829000 1933.090000 -13 257 1 0 1.000000
-0.899028 -1.219010 0 -17.618500 -11.037500 182.662000 1933.220000 -13 258 1 0 1.000000
-3.233210 -2.587520 0 -10.086700 2.849410 198.691000 1933.090000 -13 259 1 0 1.000000
-3.312300 -1.688790 0 -0.738068 -23.197400 188.986000 1933.240000 -13 260 1 0 1.000000
-1.357140 -1.334850 0 0.532635 -19.268600 203.107000 1933.360000 -13 261 1 0 1.000000
0.534455 1.945460 0 5.925150 4.811300 209.160000 1933.160000 -13 262 1 0 1.000000
-0.711547 -2.459740 0 -12.689500 2.964950 195.569000 1933.230000 -13 263 1 0 1.000000
-0.362314 -2.746370 0 -10.569000 7.231870 179.819000 1933.390000 -13 264 1 0 1.000000
0.441424 -2.715890 0 -6.108620 1.530310 192.845000 1933.210000 -13 265 1 0 1.000000
-0.530982 -0.670807 0 -10.428500 -0.451715 193.366000 1933.200000 -13 266 1 0 1.000000
-0.056922 -3.712480 0 6.434520 16.190900 191.132000 1933.290000 -13 267 1 0 1.000000
0.705319 -1.154610 0 -0.691105 11.216900 189.836000 1933.270000 -13 268 1 0 1.000000
-1.431180 -3.926950 0 15.029000 -6.899730 194.052000 1933.060000 -13 269 1 0 1.000000
-1.499910 -0.852985 0 1.609220 1.262080 193.829000 1933.140000 -13 270 1 0 1.000000
-2.366980 -3.960510 0 -0.184780 1.466480 192.136000 1933.180000 -13 271 1 0 1.000000
-1.742280 -2.974020 0 0.700308 11.308900 191.541000 1933.160000 -13 272 1 0 1.000000
0.035096 -2.737020 0 13.894900 -1.346090 201.030000 1933.210000 -13 273 1 0 1.000000
0.798318 -1.144090 0 1.536500 -10.987400 208.319000 1933.180000 -13 274 1 0 1.000000
-0.384817 -1.483740 0 -16.209200 -1.217670 197.769000 1933.240000 -13 275 1 0 1.000000
-3.649730 -3.841970 0 0.368257 -2.594510 188.770000 1933.170000 -13 276 1 0 1.000000
0.138344 -2.986090 0 -7.379130 16.691600 199.137000 1933.230000 -13 277 1 0 1.000000
-3.163130 0.403810 0 3.003360 -14.642100 210.261000 1933.220000 -13 278 1 0 1.000000
-2.214340 -3.367300 0 7.132460 -15.445500 198.839000 1933.080000 -13 279 1 0 1.000000
-2.348490 -1.926720 0 1.538130 -13.652600 185.555000 1933.160000 -13 280 1 0 1.000000
0.162203 -2.615830 0 18.516700 -3.979900 193.393000 1933.160000 -13 281 1 0 1.000000
-3.745320 -1.971980 0 -2.506130 4.146870 187.917000 1933.180000 -13 282 1 0 1.000000
-1.319270 0.224682 0 -14.168700 -6.566940 205.173000 1933.080000 -13 283 1 0 1.000000
-2.326110 -2.273850 0 17.530500 -4.590110 193.889000 1933.170000 -13 284 1 0 1.000000
-1.811470 0.276691 0 -8.298110 9.145210 193.304000 1933.040000 -13 285 1 0 1.000000
0.888352 -0.346152 0 -0.563634 10.072900 192.562000 1933.160000 -13 286 1 0 1.000000
-0.414000 -1.311120 0 -12.509800 -8.042650 180.851000 1933.070000 -13 287 1 0 1.000000
-0.969967 -2.030210 0 -0.980475 -12.100800 187.871000 1933.120000 -13 288 1 0 1.000000
-0.035630 -0.961361 0 -5.539750 25.244400 210.802000 1933.240000 -13 289 1 0 1.000000
0.345715 -2.007790 0 -12.421300 16.417100 190.458000 1933.260000 -13 290 1 0 1.000000
-2.697580 -0.533778 0 1.025620 -15.763700 199.975000 1933.190000 -13 291 1 0 1.000000
-1.535940 -0.140713 0 13.434800 22.318200 201.661000 1933.130000 -13 292 1 0 1.000000
-0.345778 -2.719660 0 0.046230 -14.170400 189.029000 1933.190000 -13 293 1 0 1.000000
-1.123050 -2.158210 0 3.069450 -5.456910 187.629000 1933.150000 -13 294 1 0 1.000000
-3.411480 -2.919080 0 13.866800 -1.444330 195.318000 1933.070000 -13 295 1 0 1.000000
0.309738 -1.062770 0 -5.591040 5.131320 194.172000 1933.240000 -13 296 1 0 1.000000
-2.127130 -5.421160 0 2.542330 -6.588000 198.014000 1933.030000 -13 297 1 0 1.000000
-1.800030 -3.883320 0 14.816300 -10.915200 182.317000 1933.180000 -13 298 1 0 1.000000
-2.332050 -1.277710 0 2.071760 -6.306140 183.257000 1933.310000 -13 299 1 0 1.000000
-0.821311 0.011866 0 -17.150800 -6.081830 203.370000 1933.210000 -13 300 1 0 1.000000
-2.664630 -4.354750 0 13.312800 -6.967440 195.954000 1933.060000 -13 301 1 0 1.000000
-2.107130 -1.758850 0 1.765010 -0.561012 190.198000 1933.210000 -13 302 1 0 1.000000
-0.357304 -2.743590 0 -0.886644 8.574280 188.249000 1933.200000 -13 303 1 0 1.000000
-0.077863 -3.727910 0 6.146010 14.525100 207.937000 1933.190000 -13 304 1 0 1.000000
-2.395240 -3.324800 0 -9.404420 -6.181510 200.410000 1933.190000 -13 305 1 0 1.000000
-2.166350 -2.297520 0 3.441600 -32.308900 204.785000 1933.220000 -13 306 1 0 1.000000
-0.277685 -2.425070 0 -11.351300 7.781070 199.346000 1933.310000 -13 307 1 0 1.000000
0.310565 0.477993 0 -0.696231 24.922500 181.077000 1933.130000 -13 308 1 0 1.000000
0.124693 -3.480660 0 2.193820 -2.243470 190.046000 1933.240000 -13 309 1 0 1.000000
-1.842300 -5.912840 0 22.574500 -6.818820 196.549000 1933.100000 -13 310 1 0 1.000000
-0.865547 0.854747 0 -15.860800 0.190273 188.935000 1933.200000 -13 311 1 0 1.000000
-2.983200 -1.606080 0 24.563500 -10.786800 193.321000 1933.200000 -13 312 1 0 1.000000
1.322280 -1.944070 0 -2.680760 0.830882 195.497000 1933.250000 -13 313 1 0 1.000000
-1.065750 -1.795400 0 1.942920 -2.606790 195.518000 1933.260000 -13 314 1 0 1.000000
-1.164300 0.876144 0 -5.236180 -12.098300 198.516000 1933.190000 -13 315 1 0 1.000000
-1.850170 -1.054870 0 2.076380 -12.887300 206.485000 1933.180000 -13 316 1 0 1.000000
0.316121 -3.082680 0 2.304680 -7.591250 209.885000 1933.230000 -13 317 1 0 1.000000
0.260223 -3.621700 0 7.610220 -12.348900 194.267000 1933.080000 -13 318 1 0 1.000000
0.505519 0.473133 0 3.489090 9.881110 191.559000 1933.130000 -13 319 1 0 1.000000
-3.233850 -3.941410 0 14.249300 -5.026580 208.099000 1933.270000 -13 320 1 0 1.000000
-3.662760 -5.703330 0 -6.356190 7.947310 194.823000 1933.150000 -13 321 1 0 1.000000
0.343625 -1.671080 0 0.181411 3.172110 198.326000 1933.120000 -13 322 1 0 1.000000
-0.643019 -2.542430 0 -3.528900 28.444700 188.585000 1933.200000 -13 323 1 0 1.000000
-2.082240 -1.831230 0 4.796860 -25.843000 184.162000 1933.130000 -13 324 1 0 1.000000
-0.787144 0.453467 0 16.602700 -4.802660 185.605000 1933.340000 -13 325 1 0 1.000000
0.392580 -0.764334 0 -9.895730 4.784080 195.656000 1933.270000 -13 326 1 0 1.000000
-2.027040 -1.522070 0 8.324260 -6.046000 194.703000 1933.180000 -13 327 1 0 1.000000
-2.956050 -3.968020 0 -23.608100 2.000340 198.450000 1933.150000 -13 328 1 0 1.000000
-0.041070 -2.063850 0 -11.311800 7.751730 190.119000 1933.120000 -13 329 1 0 1.000000
-0.827782 -4.038280 0 2.141760 -14.252400 193.962000 1933.210000 -13 330 1 0 1.000000
0.127257 -2.270280 0 16.425400 -18.339500 198.686000 1933.080000 -13 331 1 0 1.000000
-1.204190 1.784550 0 -11.690300 -15.583900 192.377000 1933.260000 -13 332 1 0 1.000000
-1.037590 -0.773493 0 3.379540 4.613980 194.374000 1933.230000 -13 333 1 0 1.000000
-3.757100 -1.208980 0 2.792050 -19.125900 196.846000 1933.270000 -13 334 1 0 1.000000
-0.958347 -0.354617 0 -3.857290 -0.123782 183.983000 1933.150000 -13 335 1 0 1.000000
-1.803870 -1.844770 0 -8.750890 -16.699400 208.365000 1933.070000 -13 336 1 0 1.000000
-1.044480 -1.515130 0 -11.993300 -7.162420 209.757000 1933.250000 -13 337 1 0 1.000000
-0.842651 -1.445850 0 6.515180 -15.127200 184.202000 1933.230000 -13 338 1 0 1.000000
-1.046480 -1.589890 0 -14.651200 -7.843650 190.251000 1933.280000 -13 339 1 0 1.000000
-2.346420 -1.688470 0 12.118700 -2.149270 202.566000 1933.110000 -13 340 1 0 1.000000
0.536238 -2.491930 0 -5.828020 18.030400 183.248000 1933.250000 -13 341 1 0 1.000000
-1.177910 -4.016900 0 19.125800 -16.506100 190.002000 1933.210000 -13 342 1 0 1.000000
-1.596110 -3.091920 0 26.277500 -2.320620 199.629000 1933.090000 -13 343 1 0 1.000000
-1.161160 -0.537468 0 -4.812020 1.428640 208.635000 1933.150000 -13 344 1 0 1.000000
0.702889 -5.179940 0 0.820669 1.797340 202.364000 1933.130000 -13 345 1 0 1.000000
-0.836205 -1.343300 0 4.055070 11.917400 182.182000 1933.150000 -13 346 1 0 1.000000
-0.179587 -3.314060 0 5.592020 -13.128900 192.636000 1933.180000 -13 347 1 0 1.000000
-1.137540 -1.858680 0 10.031300 -14.294000 192.258000 1933.180000 -13 348 1 0 1.000000
-1.134350 -2.922580 0 -9.509510 8.326770 191.587000 1933.100000 -13 349 1 0 1.000000
-0.583353 -2.813330 0 3.363040 2.646460 193.099000 1933.320000 -13 350 1 0 1.000000
1.117410 -2.627800 0 7.101100 -3.443100 185.921000 1933.220000 -13 351 1 0 1.000000
-1.281050 -0.024213 0 -6.492290 7.075740 197.529000 1933.300000 -13 352 1 0 1.000000
-1.804370 -2.247100 0 -1.652360 -13.838400 184.477000 1933.120000 -13 353 1 0 1.000000
0.667893 -0.967377 0 -2.217700 9.682490 187.852000 1933.310000 -13 354 1 0 1.000000
-1.014920 -0.301290 0 -16.066800 -26.995900 185.527000 1933.220000 -13 355 1 0 1.000000
0.120325 -0.158111 0 3.793130 -7.156780 208.868000 1933.190000 -13 356 1 0 1.000000
-1.145260 -1.551760 0 -1.341740 -9.381450 202.440000 1933.220000 -13 357 1 0 1.000000
0.319895 -3.476370 0 -7.981530 9.110880 185.373000 1933.230000 -13 358 1 0 1.000000
0.111317 -2.624790 0 -0.016109 2.088420 192.146000 1933.210000 -13 359 1 0 1.000000
-0.904251 -2.440710 0 -4.362870 12.299900 198.216000 1933.090000 -13 360 1 0 1.000000
-2.772330 -4.244700 0 -15.339200 -19.028700 205.715000 1933.180000 -13 361 1 0 1.000000
-2.876370 -3.514800 0 -12.236500 7.168050 197.014000 1933.250000 -13 362 1 0 1.000000
-0.453477 -4.112180 0 12.405300 -8.892550 207.645000 1933.100000 -13 363 1 0 1.000000
0.520146 -2.895260 0 -1.919190 6.766610 191.913000 1933.200000 -13 364 1 0 1.000000
0.064145 -5.099680 0 1.036960 17.239900 202.222000 1933.210000 -13 365 1 0 1.000000
0.140658 -4.117820 0 5.473090 -0.315883 195.236000 1933.140000 -13 366 1 0 1.000000
-3.183770 -1.370780 0 4.568520 6.510260 208.772000 1933.210000 -13 367 1 0 1.000000
-1.301300 -3.035440 0 -9.024950 -6.929950 195.155000 1933.150000 -13 368 1 0 1.000000
-1.441720 0.196042 0 13.148100 -6.841710 191.599000 1933.310000 -13 369 1 0 1.000000
-3.703450 -0.773689 0 9.503800 -3.899870 196.060000 1933.210000 -13 370 1 0 1.000000
-0.149695 -2.547490 0 0.486451 15.097300 190.757000 1933.160000 -13 371 1 0 1.000000
-1.401390 0.624136 0 -9.079550 6.134470 195.120000 1933.010000 -13 372 1 0 1.000000
2.145030 -1.380710 0 -5.736720 2.843830 197.191000 1933.060000 -13 373 1 0 1.000000
0.064988 -2.731980 0 19.083600 1.507260 205.317000 1933.140000 -13 374 1 0 1.000000
-5.272160 -1.809770 0 -2.216620 -9.652510 204.830000 1933.250000 -13 375 1 0 1.000000
1.245680 -1.611870 0 1.474480 14.216800 182.906000 1933.250000 -13 376 1 0 1.000000
-3.519440 -0.924245 0 -1.378080 -28.663600 196.142000 1933.310000 -13 377 1 0 1.000000
-2.396290 -0.231408 0 4.562650 -9.510790 187.281000 1933.280000 -13 378 1 0 1.000000
-4.688670 -1.875380 0 -5.721770 -4.006350 199.538000 1933.180000 -13 379 1 0 1.000000
-0.830338 -1.525350 0 5.116160 -9.679210 185.484000 1933.210000 -13 380 1 0 1.000000
-0.989830 -1.176320 0 -0.045519 2.138900 183.083000 1933.240000 -13 381 1 0 1.000000
-0.525092 -1.870000 0 -20.305900 -9.250350 178.355000 1933.190000 -13 382 1 0 1.000000
-3.981940 -2.989940 0 5.835780 -20.456900 192.740000 1933.130000 -13 383 1 0 1.000000
0.318732 -3.467360 0 6.610040 17.457300 202.332000 1933.260000 -13 384 1 0 1.000000
-1.919450 -1.167360 0 -2.324890 -19.999400 193.222000 1933.120000 -13 385 1 0 1.000000
-3.245320 -0.046824 0 -3.142870 -22.427900 185.364000 1933.120000 -13 386 1 0 1.000000
-2.999790 -0.462728 0 -8.694330 11.586000 195.346000 1933.020000 -13 387 1 0 1.000000
-2.748190 0.493640 0 0.856826 -9.528870 195.643000 1933.130000 -13 388 1 0 1.000000
1.131320 -2.979150 0 -32.870400 5.692530 179.307000 1933.150000 -13 389 1 0 1.000000
0.562744 -2.770330 0 -7.283700 -6.610190 212.115000 1933.120000 -13 390 1 0 1.000000
-0.209674 -0.859523 0 -17.713300 2.290510 205.267000 1933.320000 -13 391 1 0 1.000000
-4.174180 -3.423590 0 2.425980 19.568900 193.610000 1933.240000 -13 392 1 0 1.000000
-2.695660 -2.507680 0 5.912360 -2.477280 197.833000 1933.230000 -13 393 1 0 1.000000
0.591087 -0.581940 0 -4.672170 14.740000 203.399000 1933.200000 -13 394 1 0 1.000000
-2.486860 -0.468480 0 -7.259140 -17.383800 211.310000 1933.100000 -13 395 1 0 1.000000
-4.624910 0.039763 0 -4.327660 -11.177000 194.419000 1933.140000 -13 396 1 0 1.000000
-0.867517 -1.620700 0 -4.205740 -1.159110 190.977000 1933.100000 -13 397 1 0 1.000000
-2.520310 -1.467010 0 5.622860 -22.091500 213.806000 1933.180000 -13 398 1 0 1.000000
-3.381800 -1.174150 0 13.607400 -20.062200 187.935000 1933.180000 -13 399 1 0 1.000000
-3.091530 -1.311120 0 -1.497210 14.911500 186.748000 1933.160000 -13 400 1 0 1.000000
-1.514890 -1.734340 0 -7.797770 7.198360 196.409000 1933.160000 -13 401 1 0 1.000000
-3.546240 -3.843340 0 10.585400 -4.911460 189.205000 1933.100000 -13 402 1 0 1.000000
-1.656690 0.097041 0 7.370270 -3.125210 182.011000 1933.230000 -13 403 1 0 1.000000
-0.822021 -2.259890 0 -1.873140 -6.655310 192.985000 1933.120000 -13 404 1 0 1.000000
-1.019310 -2.203350 0 -7.853540 12.524300 194.818000 1933.300000 -13 405 1 0 1.000000
-0.545101 -1.740470 0 5.079200 0.646032 192.692000 1933.170000 -13 406 1 0 1.000000
-1.925570 1.285930 0 -5.859780 -4.913020 188.289000 1933.270000 -13 407 1 0 1.000000
-0.002828 0.591522 0 -9.397980 5.360400 183.967000 1933.150000 -13 408 1 0 1.000000
0.300308 -3.281800 0 1.493260 18.613700 198.398000 1933.070000 -13 409 1 0 1.000000
2.068890 -2.990370 0 -15.868400 -14.545200 196.226000 1933.250000 -13 410 1 0 1.000000
-1.848800 -3.389130 0 -3.059840 -9.638880 195.188000 1933.270000 -13 411 1 0 1.000000
-2.550560 0.852326 0 10.898500 -4.565560 187.342000 1933.260000 -13 412 1 0 1.000000
-1.264340 -2.748570 0 4.010430 -4.713140 192.165000 1933.080000 -13 413 1 0 1.000000
-0.602514 -4.808720 0 -10.909300 -7.425360 189.612000 1933.130000 -13 414 1 0 1.000000
-1.113950 -1.209310 0 -9.454250 2.254640 187.864000 1933.260000 -13 415 1 0 1.000000
-2.800040 -4.379410 0 8.011130 -11.003600 196.913000 1933.380000 -13 416 1 0 1.000000
1.577110 -2.655380 0 11.086800 0.895298 181.426000 1933.120000 -13 417 1 0 1.000000
-2.653090 0.859518 0 -4.746950 -15.823200 185.282000 1933.160000 -13 418 1 0 1.000000
-1.819170 -2.915320 0 7.206120 2.832920 195.833000 1932.990000 -13 419 1 0 1.000000
1.734000 -0.533474 0 -1.501650 -8.328440 201.998000 1933.190000 -13 420 1 0 1.000000
0.327773 0.908146 0 -9.437690 7.518230 211.151000 1933.320000 -13 421 1 0 1.000000
-2.599230 -1.334310 0 -4.176920 -3.510150 203.985000 1933.210000 -13 422 1 0 1.000000
-3.138770 -4.173640 0 12.473700 -7.048200 188.566000 1933.100000 -13 423 1 0 1.000000
-0.583951 -3.786240 0 12.027900 4.132840 187.778000 1933.090000 -13 424 1 0 1.000000
-2.047120 -1.677090 0 9.567220 -15.910300 207.700000 1933.230000 -13 425 1 0 1.000000
-3.589930 1.247760 0 -16.102200 -8.582590 199.171000 1933.120000 -13 426 1 0 1.000000
-2.028640 -0.948771 0 3.317710 -7.651450 196.255000 1933.090000 -13 427 1 0 1.000000
-1.583400 -0.337754 0 4.021310 3.498050 205.489000 1933.130000 -13 428 1 0 1.000000
-0.285045 -1.108990 0 0.308377 11.704200 194.356000 1933.100000 -13 429 1 0 1.000000
0.716948 -4.010960 0 -2.279660 -8.351210 190.002000 1933.120000 -13 430 1 0 1.000000
-1.959970 0.596940 0 10.526200 -3.032600 203.972000 1933.260000 -13 431 1 0 1.000000
0.080119 2.010700 0 5.361500 -9.213180 204.781000 1933.190000 -13 432 1 0 1.000000
-1.593570 -1.931790 0 -1.158010 -18.874500 187.594000 1933.180000 -13 433 1 0 1.000000
-1.010600 -0.940153 0 4.434090 -15.880800 185.893000 1933.230000 -13 434 1 0 1.000000
-1.607530 0.625960 0 -21.114700 -5.378090 184.294000 1933.330000 -13 435 1 0 1.000000
0.152739 -2.250260 0 -12.309200 -16.997500 174.483000 1933.110000 -13 436 1 0 1.000000
-3.517520 -1.216200 0 -3.994630 10.739600 199.164000 1933.050000 -13 437 1 0 1.000000
-1.848350 -1.312750 0 12.094600 25.850500 192.772000 1933.090000 -13 438 1 0 1.000000
0.738740 -0.198657 0 15.386700 -3.106600 196.744000 1933.200000 -13 439 1 0 1.000000
-0.673305 -3.841840 0 -2.643830 0.680741 195.789000 1933.060000 -13 440 1 0 1.000000
-2.958240 -1.405840 0 5.260530 -15.682800 193.786000 1933.170000 -13 441 1 0 1.000000
-1.283770 -3.236100 0 4.382630 2.067960 191.248000 1933.240000 -13 442 1 0 1.000000
-1.932990 -5.313040 0 9.214750 -1.386880 190.613000 1933.080000 -13 443 1 0 1.000000
-1.947310 -2.449390 0 1.165530 8.640190 192.330000 1933.190000 -13 444 1 0 1.000000
-1.825390 -3.648920 0 12.843200 -11.454300 192.313000 1933.120000 -13 445 1 0 1.000000
-2.366280 -0.092809 0 3.338510 -3.406790 189.275000 1933.160000 -13 446 1 0 1.000000
-3.231980 -0.351654 0 -11.486800 -15.493900 201.074000 1933.240000 -13 447 1 0 1.000000
-2.860380 -1.764600 0 -10.116600 -21.687700 179.931000 1933.270000 -13 448 1 0 1.000000
-3.868760 -3.543960 0 -6.357890 -8.310330 200.960000 1933.100000 -13 449 1 0 1.000000
-2.081240 -3.548580 0 0.168835 -11.426200 197.478000 1933.060000 -13 450 1 0 1.000000
-1.468160 -0.597420 0 -7.470280 12.598600 193.461000 1933.150000 -13 451 1 0 1.000000
0.773040 -0.618036 0 -11.280600 5.023820 185.468000 1933.330000 -13 452 1 0 1.000000
-0.197478 -3.108390 0 1.712310 4.644550 195.269000 1933.290000 -13 453 1 0 1.000000
-2.830450 -1.213140 0 -7.422010 8.844490 194.978000 1933.160000 -13 454 1 0 1.000000
-1.812340 -1.665740 0 -9.638410 16.491800 188.510000 1933.300000 -13 455 1 0 1.000000
1.050820 -2.367940 0 -15.377300 2.268360 185.147000 1933.130000 -13 456 1 0 1.000000
-1.249960 -1.547000 0 -24.706000 -13.247000 179.313000 1933.230000 -13 457 1 0 1.000000
-1.902190 -1.337530 0 -5.785160 -2.021690 186.621000 1933.110000 -13 458 1 0 1.000000
-3.121490 -0.661262 0 -4.289180 -12.554900 195.213000 1933.140000 -13 459 1 0 1.000000
-2.886960 -2.118740 0 6.254050 11.381400 207.708000 1933.210000 -13 460 1 0 1.000000
-1.300630 -0.369160 0 7.923370 -13.266100 209.435000 1933.210000 -13 461 1 0 1.000000
-3.136770 -3.014820 0 -2.637360 1.806540 192.083000 1933.310000 -13 462 1 0 1.000000
-1.722440 -0.833074 0 1.678030 -14.637400 208.007000 1933.120000 -13 463 1 0 1.000000
-0.196453 -1.080430 0 -14.544600 1.758010 185.937000 1933.270000 -13 464 1 0 1.000000
0.229715 -0.951003 0 -8.063860 -7.495530 194.736000 1933.230000 -13 465 1 0 1.000000
-0.436251 -4.699800 0 13.276500 -4.875430 199.859000 1933.230000 -13 466 1 0 1.000000
-1.148360 -5.577270 0 -9.845470 3.328140 192.118000 1933.190000 -13 467 1 0 1.000000
0.151643 -1.039760 0 -12.616200 2.708100 187.055000 1933.220000 -13 468 1 0 1.000000
-0.906192 -1.239450 0 -3.548880 -3.703760 179.704000 1933.220000 -13 469 1 0 1.000000
-3.297800 -0.350030 0 0.936034 -7.448450 194.343000 1932.980000 -13 470 1 0 1.000000
1.036610 -2.255330 0 2.144830 8.194290 184.685000 1933.120000 -13 471 1 0 1.000000
-2.675490 -1.199320 0 9.475380 18.897000 203.765000 1933.140000 -13 472 1 0 1.000000
-3.377840 -5.147140 0 22.078600 -4.670780 199.990000 1933.230000 -13 473 1 0 1.000000
-0.302372 -1.818110 0 -6.581270 -2.438390 194.422000 1933.250000 -13 474 1 0 1.000000
1.075710 -1.563340 0 14.527900 10.469200 186.995000 1933.190000 -13 475 1 0 1.000000
-2.976990 -1.302390 0 -12.753800 -9.320720 198.703000 1933.180000 -13 476 1 0 1.000000
-0.915419 -0.761874 0 -20.941800 0.180076 188.895000 1933.220000 -13 477 1 0 1.000000
-3.133960 -0.946529 0 7.378920 -3.036860 199.093000 1933.350000 -13 478 1 0 1.000000
-1.312600 -1.749070 0 1.936560 -2.128720 203.126000 1933.240000 -13 479 1 0 1.000000
-1.635390 -2.263760 0 14.234700 -14.088200 182.591000 1933.230000 -13 480 1 0 1.000000
0.368223 0.513528 0 22.207000 11.414100 187.155000 1933.270000 -13 481 1 0 1.000000
1.809520 0.050876 0 -15.821300 4.126180 189.034000 1933.060000 -13 482 1 0 1.000000
-1.559480 -2.514560 0 3.940350 7.034650 200.856000 1933.050000 -13 483 1 0 1.000000
-2.914250 -1.146850 0 -3.254410 -20.101500 188.533000 1933.140000 -13 484 1 0 1.000000
-0.003603 1.567490 0 -20.996100 13.588300 193.936000 1933.120000 -13 485 1 0 1.000000
-2.112840 -2.622890 0 -0.291099 -5.898550 184.758000 1933.230000 -13 486 1 0 1.000000
-2.093350 1.270390 0 -23.790300 7.519300 187.374000 1933.170000 -13 487 1 0 1.000000
-4.859460 -2.666180 0 -7.874750 14.813600 191.579000 1933.290000 -13 488 1 0 1.000000
-1.586440 -3.073240 0 13.334000 2.089330 189.546000 1933.170000 -13 489 1 0 1.000000
-3.858650 0.180564 0 -8.631830 -6.069850 201.857000 1933.110000 -13 490 1 0 1.000000
-3.410490 2.276690 0 -8.192560 -10.248400 187.426000 1933.110000 -13 491 1 0 1.000000
0.129481 -1.848220 0 0.739608 6.477840 209.633000 1933.220000 -13 492 1 0 1.000000
0.599979 -4.151490 0 14.565000 -13.775000 185.575000 1933.190000 -13 493 1 0 1.000000
-2.115970 -1.815000 0 4.968220 -13.674200 210.065000 1933.180000 -13 494 1 0 1.000000
2.324480 -1.167380 0 0.926435 -2.383820 194.900000 1933.130000 -13 495 1 0 1.000000
0.146227 -2.859360 0 5.046870 -16.642800 209.969000 1933.170000 -13 496 1 0 1.000000
-1.602780 -2.668190 0 0.349519 -5.041190 194.014000 1933.200000 -13 497 1 0 1.000000
0.214695 -2.119040 0 8.740590 -5.928110 210.450000 1933.180000 -13 498 1 0 1.000000
-1.444650 -0.552578 0 -5.102130 9.774860 196.216000 1933.260000 -13 499 1 0 1.000000
-1.803830 -1.826900 0 8.723790 -7.470120 179.102000 1933.090000 -13 500 1 0 1.000000
-2.211010 0.422046 0 -10.994900 2.658430 194.251000 1933.280000 -13 501 1 0 1.000000
-3.700210 -0.363309 0 7.859400 -16.606000 194.696000 1933.130000 -13 502 1 0 1.000000
-1.350370 -1.600780 0 4.922020 -7.035250 199.779000 1933.120000 -13 503 1 0 1.000000
-1.297250 -2.605990 0 -9.704810 -6.113280 190.815000 1933.300000 -13 504 1 0 1.000000
-3.074020 -2.736410 0 9.674790 -6.126990 187.935000 1933.070000 -13 505 1 0 1.000000
-2.750640 1.159730 0 -7.065520 -9.027280 208.125000 1933.320000 -13 506 1 0 1.000000
0.606952 -4.455260 0 13.436300 -16.547400 188.068000 1933.040000 -13 507 1 0 1.000000
-0.192752 -3.671850 0 12.489500 21.169800 200.209000 1933.310000 -13 508 1 0 1.000000
-1.537860 -2.728210 0 -0.213156 -1.195360 194.136000 1933.160000 -13 509 1 0 1.000000
0.344193 -1.484620 0 10.688900 -10.450600 182.131000 1933.150000 -13 510 1 0 1.000000
-0.715649 -0.088607 0 -2.939800 -4.589820 206.529000 1933.200000 -13 511 1 0 1.000000
-1.064230 -1.042180 0 -5.070070 -1.256300 184.299000 1933.050000 -13 512 1 0 1.000000
0.253807 -3.898550 0 5.277260 -4.754280 209.540000 1933.100000 -13 513 1 0 1.000000
-1.047760 -2.227240 0 8.002570 -8.750630 208.025000 1933.250000 -13 514 1 0 1.000000
-0.010281 -1.844800 0 9.258070 -1.644310 195.335000 1933.170000 -13 515 1 0 1.000000
1.153030 -2.203580 0 8.692120 6.422750 197.357000 1933.010000 -13 516 1 0 1.000000
-3.132060 -3.283970 0 12.972300 -8.872780 208.084000 1933.220000 -13 517 1 0 1.000000
-1.022440 -0.683585 0 5.574660 -8.395450 201.124000 1933.090000 -13 518 1 0 1.000000
-0.378813 -0.202416 0 19.912900 9.702900 203.212000 1933.210000 -13 519 1 0 1.000000
-1.926070 1.209390 0 -22.719500 12.557400 196.027000 1933.240000 -13 520 1 0 1.000000
-0.410808 -1.372500 0 -3.916510 3.895400 206.244000 1933.220000 -13 521 1 0 1.000000
-0.093550 -0.476639 0 -8.012820 -5.978840 183.459000 1933.080000 -13 522 1 0 1.000000
-2.751650 0.802790 0 -10.845700 4.124970 184.981000 1933.240000 -13 523 1 0 1.000000
-1.110610 -2.271400 0 1.458110 1.432970 189.285000 1933.210000 -13 524 1 0 1.000000
-2.790420 -2.790800 0 -22.806200 10.886900 208.493000 1933.280000 -13 525 1 0 1.000000
0.170879 -1.171520 0 -14.926400 25.042200 190.989000 1933.180000 -13 526 1 0 1.000000
-0.929661 -3.672350 0 2.671800 0.025054 193.951000 1932.990000 -13 527 1 0 1.000000
0.251964 -2.635150 0 -8.139590 -5.416670 194.813000 1933.130000 -13 528 1 0 1.000000
-1.819240 -2.574450 0 5.762700 7.299020 196.134000 1933.220000 -13 529 1 0 1.000000
-1.869780 -3.152180 0 -10.741100 9.847390 197.918000 1933.150000 -13 530 1 0 1.000000
-0.054794 -2.970900 0 -6.875330 -9.552810 198.435000 1933.230000 -13 531 1 0 1.000000
-2.351140 0.506703 0 3.159590 5.301690 189.916000 1933.080000 -13 532 1 0 1.000000
-1.361220 -0.670483 0 2.352350 0.982466 203.514000 1933.090000 -13 533 1 0 1.000000
-2.166320 -3.092970 0 7.171300 12.434200 203.990000 1933.250000 -13 534 1 0 1.000000
2.082010 -1.986860 0 4.167960 3.583070 194.830000 1933.170000 -13 535 1 0 1.000000
-2.668040 -0.474589 0 -6.993150 -9.213560 204.503000 1933.100000 -13 536 1 0 1.000000
-1.838390 -1.213530 0 -17.955100 21.439400 185.050000 1933.110000 -13 537 1 0 1.000000
-2.450350 -5.577900 0 -5.527440 -3.545770 202.412000 1933.070000 -13 538 1 0 1.000000
-1.124350 -3.085370 0 2.694730 15.156600 186.518000 1933.130000 -13 539 1 0 1.000000
0.607560 -2.376350 0 16.289800 15.326900 182.813000 1933.060000 -13 540 1 0 1.000000
-1.661930 -1.411200 0 -4.612090 5.227170 192.811000 1933.190000 -13 541 1 0 1.000000
-0.177335 -0.090060 0 2.756550 0.524392 193.716000 1933.160000 -13 542 1 0 1.000000
0.845488 -1.925920 0 7.537820 0.458388 184.969000 1933.200000 -13 543 1 0 1.000000
-1.594740 -1.489720 0 -9.489940 5.339290 191.612000 1933.180000 -13 544 1 0 1.000000
-1.748700 -1.614630 0 1.781060 23.681200 184.456000 1933.340000 -13 545 1 0 1.000000
-1.002280 -1.963640 0 -8.682320 -16.990000 206.713000 1933.170000 -13 546 1 0 1.000000
-1.705900 -0.903791 0 2.228890 -0.433423 191.393000 1933.220000 -13 547 1 0 1.000000
-2.805810 0.331825 0 -4.543500 8.499110 206.830000 1933.180000 -13 548 1 0 1.000000
-2.174160 -0.164135 0 -2.177310 -1.191860 204.816000 1933.130000 -13 549 1 0 1.000000
-3.056140 -2.380710 0 -3.540830 3.322020 201.432000 1933.140000 -13 550 1 0 1.000000
0.848144 -3.442720 0 27.040500 9.635690 202.722000 1933.100000 -13 551 1 0 1.000000
1.286350 -3.695500 0 0.072556 12.696800 185.850000 1933.240000 -13 552 1 0 1.000000
-1.411570 1.964110 0 -2.015060 -15.284600 189.695000 1933.340000 -13 553 1 0 1.000000
-1.312190 0.768447 0 3.299900 -19.646700 195.189000 1933.110000 -13 554 1 0 1.000000
-0.626500 0.847647 0 -7.893330 9.547780 197.038000 1933.050000 -13 555 1 0 1.000000
-2.865760 -1.377130 0 -11.104500 13.884400 194.179000 1933.150000 -13 556 1 0 1.000000
-1.457110 -3.762290 0 -0.144370 9.830780 194.759000 1933.270000 -13 557 1 0 1.000000
-2.136150 -0.238886 0 -23.168500 -6.936810 177.610000 1933.200000 -13 558 1 0 1.000000
-2.173710 -4.104530 0 -2.851750 19.504500 186.170000 1933.140000 -13 559 1 0 1.000000
-1.804620 1.199570 0 -2.143620 -1.978540 196.921000 1933.080000 -13 560 1 0 1.000000
0.605921 -0.927298 0 14.483100 -8.303990 190.228000 1933.180000 -13 561 1 0 1.000000
-3.811080 -2.561500 0 1.122940 8.607640 182.454000 1933.210000 -13 562 1 0 1.000000
-0.106847 -4.187520 0 8.431230 10.430800 195.305000 1933.310000 -13 563 1 0 1.000000
-1.945880 -2.985770 0 1.077470 -16.582800 186.973000 1933.240000 -13 564 1 0 1.000000
-0.941539 -1.357840 0 -14.995500 5.031700 202.988000 1933.090000 -13 565 1 0 1.000000
-1.424120 1.173610 0 0.260197 -10.367400 188.764000 1933.150000 -13 566 1 0 1.000000
-0.532764 -0.818621 0 -18.254600 12.804100 190.944000 1933.030000 -13 567 1 0 1.000000
0.352795 -2.314870 0 -3.070340 -3.157970 186.442000 1933.090000 -13 568 1 0 1.000000
-0.908183 -1.286400 0 -11.473000 2.308160 199.758000 1933.160000 -13 569 1 0 1.000000
-0.737519 1.588750 0 -9.164270 -6.860190 184.556000 1933.260000 -13 570 1 0 1.000000
-0.584644 -0.991151 0 10.121400 2.601170 189.571000 1933.020000 -13 571 1 0 1.000000
0.998248 -4.177260 0 3.152200 10.569300 198.140000 1933.240000 -13 572 1 0 1.000000
-5.164240 -0.625394 0 0.721379 -0.348954 200.983000 1933.240000 -13 573 1 0 1.000000
-0.462957 -2.040880 0 -10.175800 10.442600 192.255000 1933.110000 -13 574 1 0 1.000000
-1.253120 -0.224368 0 -21.318400 -0.604053 200.451000 1933.270000 -13 575 1 0 1.000000
-2.401890 -4.723380 0 10.551000 -7.384070 196.083000 1933.350000 -13 576 1 0 1.000000
-1.068670 0.034354 0 -1.083980 14.451200 199.878000 1933.270000 -13 577 1 0 1.000000
-1.995050 -2.146950 0 6.864050 -13.183200 206.367000 1933.140000 -13 578 1 0 1.000000
-1.253600 -1.113430 0 6.563340 -12.671300 202.975000 1933.190000 -13 579 1 0 1.000000
-0.083352 -2.659560 0 11.828800 13.862500 191.668000 1933.070000 -13 580 1 0 1.000000
-0.176429 -0.776432 0 4.245560 9.246410 191.727000 1933.030000 -13 581 1 0 1.000000
-2.338350 0.184057 0 -5.859000 -8.547430 198.664000 1933.180000 -13 582 1 0 1.000000
-1.768200 -0.135232 0 -0.521756 2.885770 208.241000 1933.140000 -13 583 1 0 1.000000
-1.577060 -2.022880 0 -10.166900 -15.746100 203.972000 1933.100000 -13 584 1 0 1.000000
0.402002 -0.796724 0 0.368971 -22.559500 187.259000 1933.200000 -13 585 1 0 1.000000
-0.757368 -2.197080 0 0.129915 12.868700 197.380000 1933.110000 -13 586 1 0 1.000000
-2.209090 -3.855030 0 9.290970 -7.055240 188.556000 1933.180000 -13 587 1 0 1.000000
0.692813 0.042628 0 9.731140 -0.592811 188.570000 1933.100000 -13 588 1 0 1.000000
0.435071 0.158234 0 4.697860 -1.427710 194.339000 1933.080000 -13 589 1 0 1.000000
-3.451770 -3.011820 0 -15.129500 -5.211390 190.882000 1933.270000 -13 590 1 0 1.000000
-1.004850 -0.927520 0 2.356740 -1.165300 200.379000 1933.080000 -13 591 1 0 1.000000
-4.074970 0.080751 0 -2.410360 -7.870410 190.925000 1933.230000 -13 592 1 0 1.000000
-1.302210 0.817514 0 3.338530 1.143080 192.913000 1933.200000 -13 593 1 0 1.000000
0.231205 -4.377860 0 -3.147700 17.931400 184.441000 1933.220000 -13 594 1 0 1.000000
0.788468 -3.510960 0 5.547250 12.550100 196.397000 1933.070000 -13 595 1 0 1.000000
-0.392352 -1.146480 0 4.748890 -1.599740 181.014000 1933.220000 -13 596 1 0 1.000000
0.515836 -1.057740 0 13.823700 -2.009350 192.763000 1933.220000 -13 597 1 0 1.000000
1.548230 -0.286507 0 1.530880 -2.932510 194.959000 1933.160000 -13 598 1 0 1.000000
-2.499910 -0.905387 0 -9.652900 2.682010 202.647000 1933.010000 -13 599 1 0 1.000000
-2.336180 -1.570430 0 -4.011460 3.563590 209.725000 1933.260000 -13 600 1 0 1.000000
-0.900009 -1.015110 0 -7.097120 -10.595400 195.574000 1933.110000 -13 601 1 0 1.000000
-2.578920 -2.867290 0 -0.735942 -4.895410 187.443000 1933.180000 -13 602 1 0 1.000000
-0.736199 -2.322760 0 -3.235000 -0.705752 195.544000 1933.160000 -13 603 1 0 1.000000
-0.465494 -3.794310 0 9.679000 6.198500 192.705000 1933.080000 -13 604 1 0 1.000000
-2.073350 -2.104740 0 -7.459810 8.944750 208.204000 1933.260000 -13 605 1 0 1.000000
-2.532930 -3.187810 0 11.922000 -4.257590 206.560000 1933.310000 -13 606 1 0 1.000000
-0.980439 -0.305226 0 -5.859290 5.846770 188.266000 1933.280000 -13 607 1 0 1.000000
-1.127790 0.325054 0 3.840080 -14.692400 190.832000 1933.080000 -13 608 1 0 1.000000
-2.212870 -1.387340 0 -2.355230 6.495840 203.987000 1933.360000 -13 609 1 0 1.000000
-0.984021 -4.109850 0 17.243900 -7.991070 192.505000 1933.020000 -13 610 1 0 1.000000
-2.421400 -2.243560 0 15.979000 -7.827680 194.790000 1933.020000 -13 611 1 0 1.000000
-2.325840 -0.203837 0 4.692530 -6.448720 196.634000 1933.190000 -13 612 1 0 1.000000
-0.407198 -1.495360 0 2.775620 -0.149871 186.306000 1933.230000 -13 613 1 0 1.000000
0.215593 0.523279 0 -0.024190 16.063100 191.940000 1933.030000 -13 614 1 0 1.000000
-1.110180 -0.054973 0 2.626890 -6.559630 194.468000 1933.100000 -13 615 1 0 1.000000
-2.944070 0.149144 0 -8.856960 5.855850 210.823000 1933.240000 -13 616 1 0 1.000000
-2.951550 -2.360010 0 -0.248182 6.490970 193.888000 1933.130000 -13 617 1 0 1.000000
0.549516 -0.955401 0 -14.145500 14.082200 194.960000 1933.170000 -13 618 1 0 1.000000
-1.137250 -0.065994 0 -5.802900 13.645700 202.774000 1933.160000 -13 619 1 0 1.000000
0.449580 -3.857380 0 6.541100 -1.390900 189.821000 1933.240000 -13 620 1 0 1.000000
-1.958140 -0.869563 0 -12.719500 3.897340 197.469000 1933.090000 -13 621 1 0 1.000000
-3.189680 -4.165010 0 -17.848300 -7.604380 202.380000 1933.210000 -13 622 1 0 1.000000
0.246828 -1.783420 0 7.114280 6.712890 201.529000 1933.110000 -13 623 1 0 1.000000
-1.226430 -2.071950 0 2.610190 14.171700 190.535000 1933.140000 -13 624 1 0 1.000000
-0.646717 -4.081040 0 -11.998100 13.694800 188.498000 1933.160000 -13 625 1 0 1.000000
-1.720600 -2.708730 0 -8.481940 -1.204510 206.973000 1933.210000 -13 626 1 0 1.000000
-3.927920 -2.322890 0 1.733330 2.683790 182.591000 1933.120000 -13 627 1 0 1.000000
-2.585940 -1.821600 0 -0.128372 -16.798000 193.841000 1933.220000 -13 628 1 0 1.000000
-0.956454 0.104941 0 1.767240 -0.980055 190.798000 1933.190000 -13 629 1 0 1.000000
-3.215200 -0.224519 0 5.504080 -11.720500 202.970000 1933.150000 -13 630 1 0 1.000000
-2.361790 -0.780202 0 0.510736 3.951660 188.916000 1933.060000 -13 631 1 0 1.000000
-1.539860 -2.766610 0 2.171310 -5.797600 209.769000 1933.100000 -13 632 1 0 1.000000
-1.238700 -3.315490 0 15.472700 -0.316349 205.032000 1933.160000 -13 633 1 0 1.000000
-3.210780 -2.023760 0 -2.944700 -1.379940 201.757000 1933.190000 -13 634 1 0 1.000000
1.437520 -2.766940 0 0.615370 5.474360 199.265000 1933.100000 -13 635 1 0 1.000000
-3.710040 -1.187920 0 -4.986960 2.869430 201.416000 1933.230000 -13 636 1 0 1.000000
0.431551 -4.055600 0 5.052210 6.009640 184.792000 1933.190000 -13 637 1 0 1.000000
-2.275350 -1.867460 0 -9.342130 -19.454200 192.248000 1933.250000 -13 638 1 0 1.000000
-0.658546 -4.377950 0 10.374100 -3.747130 197.924000 1933.080000 -13 639 1 0 1.000000
1.581920 -1.922200 0 -6.673230 -4.569590 200.069000 1933.100000 -13 640 1 0 1.000000
0.176956 -4.166900 0 23.336700 -12.542300 183.429000 1933.200000 -13 641 1 0 1.000000
-3.396760 -1.151900 0 9.620230 -19.933700 197.481000 1933.250000 -13 642 1 0 1.000000
-0.498198 -2.040800 0 -9.505840 -4.820630 178.544000 1933.180000 -13 643 1 0 1.000000
-4.395570 -1.706120 0 13.867700 18.037600 211.341000 1933.110000 -13 644 1 0 1.000000
-2.366410 -0.655892 0 -1.438400 -2.776020 202.689000 1933.140000 -13 645 1 0 1.000000
-0.726301 -2.792130 0 6.431430 11.119800 185.126000 1933.230000 -13 646 1 0 1.000000
-2.877480 1.544290 0 -18.906600 -0.221441 212.568000 1933.190000 -13 647 1 0 1.000000
-0.532519 -2.691910 0 8.931800 -7.802090 176.938000 1933.160000 -13 648 1 0 1.000000
-0.799857 -2.566100 0 5.941620 0.119340 189.823000 1933.200000 -13 649 1 0 1.000000
-2.496470 -4.985230 0 11.916000 -2.707960 197.991000 1933.180000 -13 650 1 0 1.000000
-2.108200 2.065240 0 -15.469000 20.896900 188.865000 1933.100000 -13 651 1 0 1.000000
-1.309210 -1.830600 0 6.693200 -5.271540 192.181000 1933.130000 -13 652 1 0 1.000000
1.403670 -3.092140 0 -2.520610 18.819400 200.445000 1933.110000 -13 653 1 0 1.000000
-0.535406 1.823500 0 -12.006000 5.035540 187.990000 1933.300000 -13 654 1 0 1.000000
0.707951 -0.975733 0 0.346077 3.005260 190.548000 1933.100000 -13 655 1 0 1.000000
-2.548290 -1.787520 0 -10.229000 -15.627100 202.386000 1933.240000 -13 656 1 0 1.000000
1.226900 -3.277750 0 -3.640850 -9.324980 191.548000 1933.020000 -13 657 1 0 1.000000
0.275099 -3.393500 0 14.270800 -3.144750 182.610000 1933.240000 -13 658 1 0 1.000000
-0.891671 1.123090 0 -0.886967 -8.896420 198.477000 1933.130000 -13 659 1 0 1.000000
0.471618 -2.367270 0 -2.370980 10.968500 206.235000 1933.090000 -13 660 1 0 1.000000
-1.932060 0.224731 0 12.070700 -1.407010 196.341000 1933.280000 -13 661 1 0 1.000000
-1.401370 -1.365700 0 -22.263900 0.876095 189.433000 1933.080000 -13 662 1 0 1.000000
-5.333320 -2.916410 0 2.937070 -16.973500 206.474000 1933.190000 -13 663 1 0 1.000000
0.272680 -1.544840 0 -8.729160 14.464100 196.177000 1933.110000 -13 664 1 0 1.000000
-0.490997 -2.348100 0 -5.277890 -9.700740 182.321000 1933.180000 -13 665 1 0 1.000000
-2.884610 -3.470350 0 -0.014755 1.200180 194.731000 1933.150000 -13 666 1 0 1.000000
-3.212280 -0.875935 0 -20.470600 6.924750 188.452000 1933.120000 -13 667 1 0 1.000000
-0.716835 -1.083230 0 -3.849340 -2.513480 196.076000 1933.010000 -13 668 1 0 1.000000
-1.088240 1.545180 0 -3.216240 8.572750 205.910000 1933.170000 -13 669 1 0 1.000000
-0.197767 -1.406780 0 18.424300 10.226900 196.463000 1933.080000 -13 670 1 0 1.000000
-3.160620 -1.421630 0 6.384180 -2.985340 209.534000 1933.250000 -13 671 1 0 1.000000
-3.700420 2.682610 0 2.077490 -7.482870 192.964000 1933.190000 -13 672 1 0 1.000000
-3.875640 -1.698700 0 0.168938 1.257380 198.791000 1933.040000 -13 673 1 0 1.000000
-3.183270 -1.449470 0 4.535930 -2.319370 189.346000 1933.260000 -13 674 1 0 1.000000
0.820408 -1.953230 0 17.565200 14.823900 184.425000 1933.250000 -13 675 1 0 1.000000
-2.451070 -0.737652 0 -17.887300 -11.601700 201.342000 1933.190000 -13 676 1 0 1.000000
-0.532901 -2.801390 0 13.541000 -12.564800 197.615000 1933.150000 -13 677 1 0 1.000000
0.204364 -1.500820 0 -2.616370 13.449000 178.646000 1933.170000 -13 678 1 0 1.000000
-1.044170 -2.036390 0 -8.462940 5.718420 187.073000 1933.090000 -13 679 1 0 1.000000
-1.844180 -2.677990 0 -9.500040 -22.267300 207.660000 1933.210000 -13 680 1 0 1.000000
0.865696 -3.366210 0 0.166649 7.835830 201.773000 1933.300000 -13 681 1 0 1.000000
-1.287630 -2.193070 0 0.322750 -0.854108 190.140000 1933.250000 -13 682 1 0 1.000000
-2.682850 -5.180200 0 9.440000 2.061280 197.654000 1933.270000 -13 683 1 0 1.000000
-0.515511 -2.966350 0 -0.697279 3.615480 192.286000 1933.200000 -13 684 1 0 1.000000
-1.912370 -2.159830 0 13.593600 -17.810300 191.986000 1933.150000 -13 685 1 0 1.000000
-0.610558 -1.830560 0 -13.657600 12.851300 195.408000 1933.080000 -13 686 1 0 1.000000
0.417497 -0.450332 0 0.205329 5.493080 201.471000 1933.070000 -13 687 1 0 1.000000
1.053390 -1.961160 0 0.985817 -1.482390 191.806000 1933.220000 -13 688 1 0 1.000000
1.941080 0.633908 0 -0.951328 17.253400 189.113000 1933.280000 -13 689 1 0 1.000000
-1.005090 -3.328280 0 4.024250 -13.336000 204.444000 1933.060000 -13 690 1 0 1.000000
-1.054110 -0.726879 0 -20.819200 7.586510 199.990000 1932.990000 -13 691 1 0 1.000000
-2.194620 2.301440 0 -10.683000 -3.854050 198.762000 1933.220000 -13 692 1 0 1.000000
-3.205540 -2.085790 0 3.646400 -7.090700 205.995000 1933.180000 -13 693 1 0 1.000000
-4.064860 -2.049480 0 7.743120 5.009480 203.107000 1933.290000 -13 694 1 0 1.000000
-2.034610 -1.576510 0 -8.323040 2.250960 199.023000 1933.130000 -13 695 1 0 1.000000
-0.869588 2.595460 0 -2.916480 7.568400 192.708000 1933.190000 -13 696 1 0 1.000000
0.894842 -2.909580 0 -14.383800 8.792680 207.435000 1933.190000 -13 697 1 0 1.000000
-3.599380 -0.434591 0 12.446900 1.083100 193.934000 1933.200000 -13 698 1 0 1.000000
-0.507766 -2.523840 0 -7.950610 -8.204990 191.918000 1933.140000 -13 699 1 0 1.000000
-2.084610 -0.779548 0 -10.663000 -7.961370 185.057000 1933.330000 -13 700 1 0 1.000000
-0.234630 1.657940 0 -4.885400 7.936840 189.759000 1933.190000 -13 701 1 0 1.000000
-2.516590 -2.751630 0 -5.287490 2.677640 194.257000 1933.380000 -13 702 1 0 1.000000
-2.103470 -0.761624 0 -6.514790 7.114120 199.442000 1933.130000 -13 703 1 0 1.000000
-1.723510 -4.052990 0 -0.583420 -5.992270 196.749000 1933.370000 -13 704 1 0 1.000000
-1.078510 0.346388 0 -2.238760 1.942840 196.612000 1933.290000 -13 705 1 0 1.000000
1.090080 -2.984060 0 -3.091600 -19.830600 201.354000 1933.270000 -13 706 1 0 1.000000
-1.863870 0.429322 0 -15.511100 -12.170900 206.647000 1933.310000 -13 707 1 0 1.000000
-1.814130 -0.565182 0 3.530230 -4.874310 189.891000 1933.110000 -13 708 1 0 1.000000
-2.605230 -2.395670 0 -0.254431 9.013270 202.496000 1933.290000 -13 709 1 0 1.000000
0.458327 -4.911550 0 -3.097820 -0.342557 190.994000 1933.180000 -13 710 1 0 1.000000
-2.442930 -1.741450 0 2.477520 0.767969 197.382000 1933.270000 -13 711 1 0 1.000000
-2.294640 -2.309480 0 1.047040 -6.560860 189.507000 1933.230000 -13 712 1 0 1.000000
-0.455688 0.911738 0 2.532210 5.416080 198.807000 1933.180000 -13 713 1 0 1.000000
-0.557515 -2.338250 0 6.245590 7.106960 191.333000 1933.140000 -13 714 1 0 1.000000
-1.939980 -0.587362 0 -11.994800 0.615570 208.254000 1933.140000 -13 715 1 0 1.000000
-3.050560 -1.279000 0 1.893290 2.125490 189.044000 1933.130000 -13 716 1 0 1.000000
-2.450930 -2.148860 0 2.536020 -6.767130 188.771000 1933.130000 -13 717 1 0 1.000000
-1.597180 1.086460 0 -8.467600 5.562250 197.285000 1933.080000 -13 718 1 0 1.000000
0.836601 -0.647420 0 -0.085489 14.332200 194.935000 1933.150000 -13 719 1 0 1.000000
-0.958034 -4.018220 0 4.883160 -12.812300 187.498000 1933.110000 -13 720 1 0 1.000000
-3.301880 -3.507960 0 -4.043500 9.804580 196.272000 1933.100000 -13 721 1 0 1.000000
-1.159980 -1.557020 0 -7.861830 3.914870 193.339000 1933.110000 -13 722 1 0 1.000000
1.499380 -2.248430 0 -0.497503 0.878298 199.890000 1933.110000 -13 723 1 0 1.000000
-0.648210 -2.362390 0 10.899600 3.053680 199.764000 1933.060000 -13 724 1 0 1.000000
2.160880 -3.221660 0 -9.144950 -17.083600 190.236000 1933.300000 -13 725 1 0 1.000000
0.048852 -3.193760 0 12.259100 2.345490 208.573000 1933.230000 -13 726 1 0 1.000000
-3.068620 -0.617577 0 -1.280670 -15.094200 186.617000 1933.200000 -13 727 1 0 1.000000
-1.252130 0.655298 0 -25.207100 4.089160 191.134000 1933.240000 -13 728 1 0 1.000000
0.880661 -0.856163 0 -3.528010 -16.115500 199.678000 1933.080000 -13 729 1 0 1.000000
-1.256360 -2.993100 0 8.259500 -4.280350 194.915000 1933.190000 -13 730 1 0 1.000000
-2.452920 -3.056200 0 -4.099060 -10.633000 199.757000 1933.070000 -13 731 1 0 1.000000
0.290911 -3.811560 0 9.160190 -5.045330 193.584000 1933.100000 -13 732 1 0 1.000000
0.366737 -0.998315 0 -9.815900 10.103400 196.323000 1933.210000 -13 733 1 0 1.000000
-3.329850 -2.136130 0 -13.586300 11.537100 189.429000 1933.200000 -13 734 1 0 1.000000
-3.009130 0.409189 0 0.438063 -2.125620 206.805000 1933.270000 -13 735 1 0 1.000000
-2.273650 -1.120480 0 -15.813300 -2.938540 187.505000 1933.190000 -13 736 1 0 1.000000
-0.866555 -3.041660 0 0.082576 14.586200 195.160000 1933.070000 -13 737 1 0 1.000000
-2.350210 -2.647680 0 7.621870 -15.972000 202.671000 1933.160000 -13 738 1 0 1.000000
-3.765510 -1.877820 0 -9.601600 -10.485900 204.697000 1933.280000 -13 739 1 0 1.000000
-0.880227 -0.260865 0 17.253200 -13.104500 194.551000 1933.310000 -13 740 1 0 1.000000
-1.256870 0.903877 0 -3.692650 -14.814300 199.963000 1933.140000 -13 741 1 0 1.000000
0.170439 -4.135760 0 -4.376750 3.577050 187.417000 1933.220000 -13 742 1 0 1.000000
-3.600860 -2.041480 0 -4.513290 0.343959 207.755000 1933.140000 -13 743 1 0 1.000000
-3.370530 -3.806930 0 10.609700 -8.269910 184.837000 1933.200000 -13 744 1 0 1.000000
-2.599900 0.994473 0 -18.472600 3.643460 195.683000 1933.210000 -13 745 1 0 1.000000
1.053570 -1.811040 0 -2.963170 -18.075800 176.581000 1933.170000 -13 746 1 0 1.000000
-3.175340 -0.142588 0 0.519028 9.066450 190.867000 1933.040000 -13 747 1 0 1.000000
-1.100900 -2.238500 0 8.110250 1.670120 177.128000 1933.120000 -13 748 1 0 1.000000
-2.744930 -3.238930 0 12.942500 -1.620010 197.847000 1933.190000 -13 749 1 0 1.000000
0.078746 0.188403 0 -12.888200 18.639400 188.533000 1933.170000 -13 750 1 0 1.000000
0.096841 -2.214260 0 -6.346050 5.701470 190.215000 1933.140000 -13 751 1 0 1.000000
-0.920950 -1.569920 0 9.695710 -1.863720 187.700000 1933.190000 -13 752 1 0 1.000000
-3.056230 -0.348907 0 -18.323000 -9.023310 184.788000 1933.030000 -13 753 1 0 1.000000
1.066670 -2.264550 0 1.517870 -10.673300 191.343000 1933.090000 -13 754 1 0 1.000000
-0.282006 0.845053 0 9.806480 -8.670000 207.291000 1933.150000 -13 755 1 0 1.000000
-3.268770 0.645156 0 -6.871200 -0.874953 207.681000 1933.180000 -13 756 1 0 1.000000
-2.414190 -0.450690 0 3.707870 -4.106160 190.835000 1933.250000 -13 757 1 0 1.000000
-0.141131 -1.365480 0 0.004665 -13.117500 210.694000 1933.120000 -13 758 1 0 1.000000
1.665830 0.958755 0 -16.101900 16.632800 188.055000 1933.220000 -13 759 1 0 1.000000
-3.514610 1.045700 0 -9.852650 -8.657800 186.968000 1933.220000 -13 760 1 0 1.000000
-0.657878 -4.018550 0 -16.206700 14.259100 183.005000 1933.220000 -13 761 1 0 1.000000
-3.089920 -1.162580 0 9.134550 12.261700 192.957000 1933.160000 -13 762 1 0 1.000000
-0.587459 1.860930 0 3.924030 -5.157410 184.043000 1933.080000 -13 763 1 0 1.000000
-2.326880 -2.540700 0 13.318600 -18.365800 188.513000 1933.180000 -13 764 1 0 1.000000
-2.188360 -2.400860 0 -1.893320 1.254600 188.750000 1933.240000 -13 765 1 0 1.000000
-0.334666 -1.411890 0 0.167894 0.723936 191.223000 1933.040000 -13 766 1 0 1.000000
-3.239950 -1.452330 0 -8.439630 5.087390 180.352000 1933.110000 -13 767 1 0 1.000000
0.095741 -3.669530 0 -4.677930 10.019300 203.849000 1933.220000 -13 768 1 0 1.000000
-2.210030 0.195564 0 8.863870 -7.216800 183.569000 1933.210000 -13 769 1 0 1.000000
0.306450 -0.757846 0 -4.345910 21.283300 197.708000 1933.020000 -13 770 1 0 1.000000
0.165138 -3.053390 0 6.744790 -3.261870 191.642000 1933.250000 -13 771 1 0 1.000000
-0.447064 0.758158 0 12.540600 5.887800 196.540000 1933.110000 -13 772 1 0 1.000000
-0.349837 -2.588940 0 2.527350 -3.801400 205.085000 1933.150000 -13 773 1 0 1.000000
-1.374300 -3.545910 0 -6.891100 -9.935640 197.536000 1933.090000 -13 774 1 0 1.000000
-2.715160 -2.210840 0 11.405400 -12.874700 202.007000 1933.220000 -13 775 1 0 1.000000
-2.151780 0.224009 0 -4.017340 -8.349720 194.687000 1933.140000 -13 776 1 0 1.000000
-0.033013 -0.553339 0 12.969000 5.942030 209.624000 1933.120000 -13 777 1 0 1.000000
0.369188 -2.494380 0 1.264160 -2.734600 187.508000 1933.080000 -13 778 1 0 1.000000
-2.035280 -0.231446 0 -10.991800 -16.424500 187.769000 1933.100000 -13 779 1 0 1.000000
-3.241520 0.765784 0 -2.799740 3.404890 202.373000 1933.270000 -13 780 1 0 1.000000
-0.584817 0.523977 0 -10.437500 -10.286300 202.296000 1933.360000 -13 781 1 0 1.000000
-1.749780 -1.203410 0 -15.164600 3.877000 205.916000 1933.130000 -13 782 1 0 1.000000
0.096185 1.555540 0 -8.325800 15.926200 200.489000 1933.230000 -13 783 1 0 1.000000
1.060940 -1.119490 0 2.119030 -9.863200 191.855000 1933.100000 -13 784 1 0 1.000000
-0.886303 -0.453956 0 14.454800 9.399180 187.976000 1933.200000 -13 785 1 0 1.000000
1.680120 -3.283290 0 2.874640 3.431190 189.150000 1933.150000 -13 786 1 0 1.000000
-2.000740 -3.701290 0 11.264800 -17.021800 208.734000 1933.220000 -13 787 1 0 1.000000
-1.812670 -2.832020 0 1.657540 -16.419500 192.729000 1933.160000 -13 788 1 0 1.000000
-1.397970 -1.332390 0 -6.229120 8.318340 189.246000 1933.030000 -13 789 1 0 1.000000
0.987684 -4.989750 0 3.093660 11.854500 192.555000 1933.050000 -13 790 1 0 1.000000
-0.649005 -3.039970 0 -7.036200 0.963980 202.993000 1933.270000 -13 791 1 0 1.000000
-0.490416 -1.292920 0 11.136100 -5.536420 203.741000 1933.300000 -13 792 1 0 1.000000
-2.038630 -0.131174 0 -1.322080 5.099520 204.555000 1933.220000 -13 793 1 0 1.000000
-2.251380 -1.514800 0 -4.673830 -0.929825 196.564000 1933.300000 -13 794 1 0 1.000000
-1.073140 -3.042350 0 8.835130 3.080320 198.686000 1933.180000 -13 795 1 0 1.000000
0.918036 -5.680860 0 14.181200 -0.593476 191.497000 1933.080000 -13 796 1 0 1.000000
-0.438432 -1.988530 0 -5.575300 7.689450 199.203000 1933.140000 -13 797 1 0 1.000000
-3.517980 1.390540 0 -3.023440 -10.755500 195.532000 1933.160000 -13 798 1 0 1.000000
-0.699533 -5.286700 0 0.444584 -5.609870 199.369000 1933.050000 -13 799 1 0 1.000000
0.303113 -0.870392 0 -10.327200 5.463470 197.453000 1933.220000 -13 800 1 0 1.000000
-0.480614 -1.747250 0 16.824900 -8.651890 182.757000 1933.280000 -13 801 1 0 1.000000
-4.095560 0.951054 0 -5.591660 1.090830 204.579000 1933.210000 -13 802 1 0 1.000000
0.632515 -3.031050 0 -3.625810 0.428679 184.955000 1933.210000 -13 803 1 0 1.000000
-3.891170 -1.565960 0 10.684100 5.324250 211.593000 1933.170000 -13 804 1 0 1.000000
-0.833299 -3.752590 0 -22.517400 -4.885490 200.596000 1933.120000 -13 805 1 0 1.000000
-0.550616 -2.701020 0 2.444340 -10.811700 206.861000 1933.200000 -13 806 1 0 1.000000
-2.849610 -1.659810 0 -7.113820 2.267280 214.062000 1933.160000 -13 807 1 0 1.000000
0.319062 -2.477820 0 -1.922790 -7.551620 185.089000 1933.090000 -13 808 1 0 1.000000
-2.069990 -1.967050 0 3.874530 -7.115850 200.700000 1933.050000 -13 809 1 0 1.000000
-4.041920 -1.713210 0 11.282500 -3.254910 188.899000 1933.200000 -13 810 1 0 1.000000
-4.844200 -0.117111 0 -10.630900 -7.552180 191.522000 1933.160000 -13 811 1 0 1.000000
-2.599310 -0.949659 0 3.577570 -5.132580 201.443000 1933.110000 -13 812 1 0 1.000000
-2.236520 -1.316260 0 -3.486610 -11.063600 197.530000 1933.160000 -13 813 1 0 1.000000
1.723970 -2.301850 0 -1.595800 1.204580 187.185000 1933.180000 -13 814 1 0 1.000000
-1.697730 -2.084150 0 -2.316680 2.024240 190.264000 1933.070000 -13 815 1 0 1.000000
-0.403697 -3.224360 0 1.221340 15.233500 195.764000 1933.280000 -13 816 1 0 1.000000
-3.123970 2.890210 0 1.054270 4.173880 202.101000 1933.080000 -13 817 1 0 1.000000
-1.041060 -1.772940 0 -1.472180 1.189640 197.085000 1933.240000 -13 818 1 0 1.000000
-1.462970 3.466880 0 -6.044700 -13.648700 205.735000 1933.240000 -13 819 1 0 1.000000
-0.522702 -2.654720 0 10.958200 3.516360 184.798000 1933.270000 -13 820 1 0 1.000000
-3.262270 -1.134370 0 11.332300 25.835400 197.943000 1933.060000 -13 821 1 0 1.000000
-2.127480 0.200073 0 -2.253430 -5.268440 197.251000 1933.130000 -13 822 1 0 1.000000
-1.540540 -4.372040 0 5.375090 -12.163400 191.146000 1933.090000 -13 823 1 0 1.000000
-1.078930 -1.638560 0 -14.624800 -14.548000 189.723000 1933.210000 -13 824 1 0 1.000000
-1.559790 -2.610400 0 -7.987050 -5.097100 198.802000 1933.230000 -13 825 1 0 1.000000
-2.719950 -0.339230 0 2.146950 -5.736830 201.242000 1933.130000 -13 826 1 0 1.000000
-1.266090 -0.708345 0 5.724800 15.144000 208.214000 1933.210000 -13 827 1 0 1.000000
-3.164440 -3.578250 0 6.770080 -12.542700 190.519000 1933.200000 -13 828 1 0 1.000000
-2.536580 -0.172263 0 -11.298700 -0.451740 196.095000 1933.060000 -13 829 1 0 1.000000
-1.433180 -0.012309 0 -6.842900 -13.329400 190.808000 1933.080000 -13 830 1 0 1.000000
-1.817560 -1.275810 0 -11.852600 11.446700 210.852000 1933.150000 -13 831 1 0 1.000000
-2.112520 0.020580 0 5.512000 -13.757400 189.083000 1933.160000 -13 832 1 0 1.000000
-0.397367 -2.105550 0 -4.719530 11.793900 202.318000 1933.250000 -13 833 1 0 1.000000
-0.560252 -0.853110 0 3.307250 11.215000 185.054000 1933.120000 -13 834 1 0 1.000000
-0.165185 -2.205690 0 -9.205640 20.452000 199.750000 1933.220000 -13 835 1 0 1.000000
-2.007060 -1.864990 0 -10.354100 10.572700 188.814000 1933.460000 -13 836 1 0 1.000000
1.297830 -2.352640 0 -11.937600 15.502200 197.490000 1933.110000 -13 837 1 0 1.000000
1.361280 -3.119640 0 6.382350 14.412900 193.747000 1933.210000 -13 838 1 0 1.000000
-3.322520 -2.320150 0 2.900030 4.133750 209.342000 1933.190000 -13 839 1 0 1.000000
-0.778931 -3.438450 0 10.121500 -6.342300 188.868000 1933.320000 -13 840 1 0 1.000000
-0.904303 -5.144730 0 28.706300 1.043420 200.769000 1933.210000 -13 841 1 0 1.000000
-0.699562 -2.454800 0 -12.066700 10.636700 198.972000 1933.170000 -13 842 1 0 1.000000
-2.479410 -3.500730 0 4.309180 -8.914130 202.334000 1933.380000 -13 843 1 0 1.000000
-2.479760 -5.315810 0 4.148770 -2.312360 199.579000 1933.120000 -13 844 1 0 1.000000
-0.659448 -0.372844 0 2.536800 1.319570 186.051000 1933.110000 -13 845 1 0 1.000000
-3.842580 -3.147860 0 0.782135 -20.981300 199.566000 1933.080000 -13 846 1 0 1.000000
1.974030 -2.802540 0 -1.845850 0.821513 186.234000 1933.110000 -13 847 1 0 1.000000
-3.436350 -3.188090 0 12.439300 -3.003330 188.718000 1933.080000 -13 848 1 0 1.000000
-2.155410 2.304160 0 -0.649324 -15.493800 200.924000 1930.450000 -13 849 1 0 1.000000
-0.383596 -2.951260 0 2.776130 -1.546160 194.667000 1930.370000 -13 850 1 0 1.000000
0.665523 -2.202440 0 -2.780760 -7.240800 202.933000 1930.310000 -13 851 1 0 1.000000
-1.573010 1.469460 0 -29.748000 2.220240 190.739000 1933.160000 -13 852 1 0 1.000000
-0.651876 -1.775510 0 15.283000 1.162940 182.814000 1933.190000 -13 853 1 0 1.000000
0.602791 -5.984760 0 22.875200 10.137300 187.613000 1933.270000 -13 854 1 0 1.000000
-0.684347 -0.215964 0 -26.358200 -1.597640 186.808000 1933.100000 -13 855 1 0 1.000000
-1.313830 -2.545030 0 -20.679900 -14.905400 212.082000 1933.150000 -13 856 1 0 1.000000
-0.818620 -1.940890 0 1.488560 -6.147490 184.790000 1933.240000 -13 857 1 0 1.000000
-1.120290 -0.680330 0 12.657200 -14.638400 199.457000 1933.170000 -13 858 1 0 1.000000
-1.821590 -0.039785 0 3.628770 -4.068450 190.779000 1933.090000 -13 859 1 0 1.000000
0.238776 -3.169830 0 -13.630400 -6.996570 187.069000 1933.170000 -13 860 1 0 1.000000
-1.643560 -1.300650 0 -13.443900 7.854820 196.452000 1933.060000 -13 861 1 0 1.000000
-1.399580 -0.774080 0 -0.146926 -0.067365 192.457000 1933.220000 -13 862 1 0 1.000000
-1.558920 -1.447310 0 -1.791090 11.267700 194.728000 1933.180000 -13 863 1 0 1.000000
-2.852360 -1.337250 0 -21.920000 5.497720 188.314000 1933.100000 -13 864 1 0 1.000000
0.943425 -0.674745 0 -10.190400 8.390620 194.918000 1933.140000 -13 865 1 0 1.000000
1.703860 -1.974190 0 -6.306110 -11.466500 191.814000 1933.110000 -13 866 1 0 1.000000
-0.780054 2.125510 0 -15.496100 12.578600 184.488000 1933.150000 -13 867 1 0 1.000000
-1.150640 -1.754510 0 11.856300 -13.388400 194.844000 1933.070000 -13 868 1 0 1.000000
-2.073220 -0.770832 0 -7.005130 -6.418820 193.143000 1933.070000 -13 869 1 0 1.000000
-2.134310 -0.968324 0 -7.027430 21.314600 196.648000 1933.120000 -13 870 1 0 1.000000
-3.227740 -0.319970 0 -5.286430 5.890370 198.918000 1933.240000 -13 871 1 0 1.000000
-1.299860 -3.473330 0 -11.204800 15.003500 207.955000 1933.120000 -13 872 1 0 1.000000
-1.277730 0.432693 0 -9.829030 18.124100 213.180000 1933.140000 -13 873 1 0 1.000000
0.462140 -0.732364 0 -10.516200 -18.694400 193.633000 1933.160000 -13 874 1 0 1.000000
-2.180800 0.052190 0 -15.859600 2.174250 193.418000 1933.170000 -13 875 1 0 1.000000
-1.838100 -1.608170 0 -2.432520 0.509164 199.749000 1933.120000 -13 876 1 0 1.000000
-2.405890 -2.031390 0 8.081650 -13.104500 201.612000 1933.180000 -13 877 1 0 1.000000
-3.091720 0.090684 0 -3.674650 6.669770 196.332000 1933.110000 -13 878 1 0 1.000000
-1.652860 -0.195961 0 -9.369260 7.815800 182.030000 1933.160000 -13 879 1 0 1.000000
-4.486380 -2.173360 0 1.281550 13.523400 193.740000 1933.140000 -13 880 1 0 1.000000
-1.115820 0.697855 0 6.891830 -6.415070 203.068000 1933.130000 -13 881 1 0 1.000000
0.327982 -0.883218 0 -7.776520 9.781340 188.645000 1933.230000 -13 882 1 0 1.000000
-1.531090 -1.673450 0 5.437460 5.102280 186.532000 1933.160000 -13 883 1 0 1.000000
2.643020 -0.801480 0 -10.232800 18.374600 184.236000 1933.200000 -13 884 1 0 1.000000
-2.681320 -3.244490 0 -17.535300 -12.481600 193.448000 1933.120000 -13 885 1 0 1.000000
-0.964060 0.509003 0 9.128310 -19.368200 189.360000 1933.130000 -13 886 1 0 1.000000
-0.649078 -2.379290 0 -8.688520 -2.929060 190.344000 1933.180000 -13 887 1 0 1.000000
-0.504588 -2.351180 0 1.753640 17.218000 181.002000 1933.160000 -13 888 1 0 1.000000
-4.047160 -1.908670 0 -14.529100 -9.110710 212.228000 1933.160000 -13 889 1 0 1.000000
0.521935 -1.518870 0 -5.879830 -4.138470 201.063000 1933.160000 -13 890 1 0 1.000000
-0.026386 0.844086 0 -9.352650 -4.584660 206.233000 1933.180000 -13 891 1 0 1.000000
0.276394 -2.844100 0 -0.838703 -0.575255 198.665000 1933.040000 -13 892 1 0 1.000000
-3.354630 -2.722070 0 18.668600 -5.823860 197.140000 1933.240000 -13 893 1 0 1.000000
0.056990 -2.716620 0 10.093400 10.519000 192.967000 1933.210000 -13 894 1 0 1.000000
-2.214150 -0.907201 0 8.203230 -5.787540 203.169000 1933.230000 -13 895 1 0 1.000000
1.886580 -1.411010 0 -0.357200 7.169190 198.334000 1933.260000 -13 896 1 0 1.000000
-0.653696 -1.296970 0 11.319000 2.579810 179.034000 1933.060000 -13 897 1 0 1.000000
-1.822680 0.537641 0 -2.798600 5.287540 200.173000 1933.210000 -13 898 1 0 1.000000
0.266211 -2.532590 0 -9.295750 -2.618990 204.907000 1933.180000 -13 899 1 0 1.000000
-1.156640 -2.077670 0 14.354100 -3.025680 179.190000 1933.150000 -13 900 1 0 1.000000
-0.680820 -2.814300 0 3.117840 5.530720 195.011000 1933.110000 -13 901 1 0 1.000000
-0.307413 0.092950 0 -9.805020 -3.422330 190.513000 1933.090000 -13 902 1 0 1.000000
-1.541690 0.942959 0 -10.515400 -13.556400 194.206000 1933.250000 -13 903 1 0 1.000000
1.090520 -0.011446 0 -9.205010 2.345840 195.011000 1933.330000 -13 904 1 0 1.000000
-0.350086 -0.309493 0 4.302850 21.033600 190.116000 1933.150000 -13 905 1 0 1.000000
-2.607570 -0.691754 0 -2.499070 4.480950 198.374000 1933.230000 -13 906 1 0 1.000000
-1.994390 0.132533 0 -3.928340 6.806990 189.341000 1933.230000 -13 907 1 0 1.000000
-1.919640 -5.790710 0 13.352100 -1.818700 202.495000 1933.180000 -13 908 1 0 1.000000
0.354370 -1.596090 0 11.273100 -0.526879 193.802000 1933.120000 -13 909 1 0 1.000000
-3.369340 0.793177 0 9.702360 30.500400 198.877000 1933.240000 -13 910 1 0 1.000000
-3.052840 1.160850 0 -5.756990 8.727680 206.778000 1933.160000 -13 911 1 0 1.000000
-1.869990 -1.154540 0 -5.068720 -0.805178 192.064000 1933.190000 -13 912 1 0 1.000000
0.459779 -2.119780 0 17.320300 -0.430946 203.916000 1933.240000 -13 913 1 0 1.000000
-2.704010 -2.067640 0 12.815300 12.430000 193.416000 1933.300000 -13 914 1 0 1.000000
0.057665 -1.077510 0 -10.144700 13.650200 194.003000 1933.080000 -13 915 1 0 1.000000
-1.594080 -2.038480 0 -12.825100 13.951500 193.565000 1933.350000 -13 916 1 0 1.000000
-5.321780 0.056976 0 7.414670 -0.754241 191.243000 1933.220000 -13 917 1 0 1.000000
0.027791 -1.959120 0 -5.063770 -7.587130 183.413000 1933.310000 -13 918 1 0 1.000000
-3.200020 -1.542390 0 13.809400 22.777200 203.439000 1933.190000 -13 919 1 0 1.000000
0.546672 -0.470972 0 2.481620 8.029900 191.043000 1933.190000 -13 920 1 0 1.000000
-0.265337 -3.426570 0 16.026100 9.105480 200.735000 1933.320000 -13 921 1 0 1.000000
-0.495663 0.388485 0 -13.226000 15.395300 182.198000 1933.040000 -13 922 1 0 1.000000
-0.771305 -2.253750 0 -19.057000 -1.928640 195.646000 1933.230000 -13 923 1 0 1.000000
-2.790270 -1.623610 0 10.943100 14.047200 196.548000 1933.070000 -13 924 1 0 1.000000
-0.637383 -0.583646 0 -3.401990 7.838990 184.213000 1933.130000 -13 925 1 0 1.000000
-1.076500 -4.603050 0 14.791500 -0.382677 189.151000 1933.250000 -13 926 1 0 1.000000
-2.871020 -1.391890 0 1.194840 -0.371428 207.785000 1933.300000 -13 927 1 0 1.000000
-0.124412 -3.263780 0 -1.177100 -4.215670 180.510000 1933.150000 -13 928 1 0 1.000000
-2.132360 -4.750640 0 11.309800 -24.603400 196.570000 1933.320000 -13 929 1 0 1.000000
-1.401390 0.969975 0 -15.155600 -1.418270 192.905000 1933.020000 -13 930 1 0 1.000000
-4.361780 1.414930 0 2.306080 -3.678930 198.686000 1933.080000 -13 931 1 0 1.000000
-4.186730 0.647824 0 -0.167232 3.138330 201.459000 1933.300000 -13 932 1 0 1.000000
-3.133570 -1.114050 0 6.798610 -7.989630 200.688000 1933.180000 -13 933 1 0 1.000000
-2.063500 0.174348 0 -11.986800 -10.007000 194.277000 1933.290000 -13 934 1 0 1.000000
-0.355517 -3.645530 0 -0.344802 4.014050 198.195000 1933.160000 -13 935 1 0 1.000000
-1.344850 -1.815930 0 -1.914650 7.882120 198.986000 1933.190000 -13 936 1 0 1.000000
-1.078470 -1.651470 0 -9.032710 12.827500 183.925000 1933.100000 -13 937 1 0 1.000000
-2.150270 0.462152 0 -7.142880 -6.331190 194.642000 1933.010000 -13 938 1 0 1.000000
-1.125050 -1.908070 0 -6.709490 6.306960 189.141000 1933.140000 -13 939 1 0 1.000000
-1.464580 -1.185480 0 -6.765780 -12.884400 192.966000 1933.110000 -13 940 1 0 1.000000
-0.099235 -1.718410 0 -9.291790 9.179660 186.747000 1933.170000 -13 941 1 0 1.000000
0.473359 -0.974162 0 11.840400 -9.546170 184.293000 1933.140000 -13 942 1 0 1.000000
-1.766410 -0.013357 0 2.038660 7.437100 202.613000 1933.040000 -13 943 1 0 1.000000
-1.687230 -0.755654 0 10.353000 -17.837300 184.626000 1933.270000 -13 944 1 0 1.000000
0.010384 -2.059230 0 -10.475000 -13.787900 190.281000 1933.160000 -13 945 1 0 1.000000
-4.911550 -0.226634 0 -1.625530 -21.346400 202.897000 1933.060000 -13 946 1 0 1.000000
-0.366345 -1.450740 0 0.474747 10.118600 205.939000 1933.260000 -13 947 1 0 1.000000
-0.899819 -0.828775 0 -6.157310 -0.272957 197.588000 1933.200000 -13 948 1 0 1.000000
-1.812640 -0.374076 0 4.549370 -9.434440 189.845000 1933.280000 -13 949 1 0 1.000000
-4.240130 -1.843210 0 -15.117900 -14.527700 187.451000 1933.130000 -13 950 1 0 1.000000
0.090301 0.734523 0 -4.527490 15.363500 191.772000 1933.220000 -13 951 1 0 1.000000
-2.399620 1.493810 0 7.591240 1.519340 203.541000 1933.150000 -13 952 1 0 1.000000
-0.689279 0.605835 0 -16.658400 -12.235400 194.763000 1933.140000 -13 953 1 0 1.000000
-1.973900 -3.957240 0 24.390200 8.906650 212.505000 1933.130000 -13 954 1 0 1.000000
-1.171810 -0.748568 0 -4.869340 2.123440 193.932000 1933.070000 -13 955 1 0 1.000000
-0.429290 -1.215020 0 6.643220 7.298570 186.464000 1933.130000 -13 956 1 0 1.000000
-2.552790 -2.623160 0 -3.583580 -6.867480 183.039000 1933.230000 -13 957 1 0 1.000000
1.050420 -0.832505 0 11.411700 -0.321691 189.095000 1933.090000 -13 958 1 0 1.000000
1.990300 -1.796730 0 4.350920 0.054430 209.216000 1933.100000 -13 959 1 0 1.000000
-3.623320 1.590970 0 -13.152500 -19.456900 203.022000 1933.070000 -13 960 1 0 1.000000
-0.287042 -4.271330 0 10.837800 2.097680 203.045000 1933.130000 -13 961 1 0 1.000000
-1.000420 -0.482992 0 0.641955 2.917130 206.167000 1933.250000 -13 962 1 0 1.000000
-0.984396 -3.169100 0 9.495640 -7.243300 191.300000 1933.140000 -13 963 1 0 1.000000
-1.361590 -2.770910 0 -2.989730 11.030900 206.637000 1933.200000 -13 964 1 0 1.000000
-1.374720 -1.755700 0 0.563910 -18.463600 179.470000 1933.100000 -13 965 1 0 1.000000
-1.960680 -3.475590 0 1.890210 -0.633372 189.338000 1933.140000 -13 966 1 0 1.000000
0.613003 -2.927260 0 -6.570680 0.523166 190.953000 1933.200000 -13 967 1 0 1.000000
-0.573268 -4.647300 0 -0.741361 -2.965160 208.051000 1933.100000 -13 968 1 0 1.000000
-1.650140 -0.777200 0 -3.924160 -13.473200 198.871000 1933.140000 -13 969 1 0 1.000000
0.622284 -1.173750 0 9.116370 12.831000 193.341000 1933.030000 -13 970 1 0 1.000000
-1.700060 0.289117 0 3.026910 -10.403000 193.785000 1933.180000 -13 971 1 0 1.000000
-3.117910 -1.774900 0 0.927693 -6.486450 185.892000 1933.260000 -13 972 1 0 1.000000
-0.662382 -0.857890 0 -15.595800 -2.712400 195.641000 1933.100000 -13 973 1 0 1.000000
-0.992426 -0.982011 0 11.010800 -22.744500 213.268000 1933.210000 -13 974 1 0 1.000000
0.475442 -1.415210 0 6.719300 -14.731600 189.882000 1933.140000 -13 975 1 0 1.000000
-1.505580 -0.070218 0 -2.769180 -6.942690 211.527000 1933.220000 -13 976 1 0 1.000000
-4.208440 -0.908242 0 -3.733950 -13.640400 195.775000 1933.090000 -13 977 1 0 1.000000
-5.645520 0.401043 0 -4.909760 14.223500 196.169000 1933.140000 -13 978 1 0 1.000000
-5.096010 -1.443080 0 -4.507860 2.318250 181.492000 1933.130000 -13 979 1 0 1.000000
-2.083570 -3.519240 0 15.417300 -0.065256 193.713000 1933.310000 -13 980 1 0 1.000000
0.448526 0.117578 0 -1.401120 -9.678720 199.594000 1933.270000 -13 981 1 0 1.000000
-1.699310 1.063320 0 -12.741600 4.808700 195.326000 1933.150000 -13 982 1 0 1.000000
0.372582 -3.795030 0 10.998500 -2.975830 194.805000 1933.180000 -13 983 1 0 1.000000
-0.857116 -1.911750 0 -4.969420 0.034869 209.416000 1933.270000 -13 984 1 0 1.000000
-3.171680 0.341233 0 -8.633120 3.460940 193.636000 1933.190000 -13 985 1 0 1.000000
0.281944 -1.871880 0 7.155680 4.588970 202.822000 1933.190000 -13 986 1 0 1.000000
-0.442995 0.943718 0 -10.268300 -10.927700 204.561000 1933.120000 -13 987 1 0 1.000000
0.324143 -5.883090 0 15.703800 -0.292987 195.700000 1933.150000 -13 988 1 0 1.000000
-1.447880 -1.776990 0 -5.901540 -0.680151 193.438000 1933.070000 -13 989 1 0 1.000000
-0.561373 -1.745340 0 2.798840 -0.295469 187.920000 1933.250000 -13 990 1 0 1.000000
-2.458940 -4.130280 0 -3.312830 -1.916060 194.892000 1933.200000 -13 991 1 0 1.000000
1.205720 0.066343 0 3.234620 -12.309600 198.387000 1933.110000 -13 992 1 0 1.000000
-1.399610 -2.749530 0 -4.692900 -12.991400 183.613000 1933.110000 -13 993 1 0 1.000000
-0.395922 -0.172077 0 12.962800 16.921200 199.875000 1933.160000 -13 994 1 0 1.000000
-2.672820 -0.307909 0 8.296220 -4.212490 191.606000 1933.110000 -13 995 1 0 1.000000
0.051798 -0.748930 0 1.856470 -16.657500 194.990000 1933.060000 -13 996 1 0 1.000000
-1.944950 0.002498 0 -5.952370 -11.778000 206.733000 1933.180000 -13 997 1 0 1.000000
-0.488730 -2.717810 0 -13.693900 6.788440 203.927000 1933.240000 -13 998 1 0 1.000000
-1.264020 0.057917 0 -8.478220 15.208000 184.235000 1933.180000 -13 999 1 0 1.000000
-1.085030 -2.032200 0 -3.664670 17.360400 210.652000 1933.140000 -13 1000 1 0 1.000000
1.473100 -2.799060 0 -4.226270 9.817640 206.705000 1933.170000 -13 1001 1 0 1.000000
0.639788 -1.028830 0 1.019070 4.962840 190.302000 1933.200000 -13 1002 1 0 1.000000
-2.444750 -3.068860 0 -4.956380 -1.892900 190.108000 1933.090000 -13 1003 1 0 1.000000
-2.489950 -2.430730 0 -9.455220 -10.449100 196.550000 1933.220000 -13 1004 1 0 1.000000
-1.200710 -2.687780 0 7.992040 -13.763800 183.174000 1933.140000 -13 1005 1 0 1.000000
1.488960 0.263292 0 -9.745020 10.346400 186.693000 1933.160000 -13 1006 1 0 1.000000
-3.196140 -0.301048 0 -0.108531 -6.175940 184.242000 1933.180000 -13 1007 1 0 1.000000
-1.303840 -2.160260 0 -0.262312 -14.954300 196.276000 1933.080000 -13 1008 1 0 1.000000
-4.487350 0.458344 0 -0.239821 6.805550 188.205000 1933.190000 -13 1009 1 0 1.000000
1.508250 0.127870 0 3.311460 -6.373500 188.618000 1933.100000 -13 1010 1 0 1.000000
1.251240 -0.483256 0 -3.207770 0.957740 187.710000 1933.110000 -13 1011 1 0 1.000000
1.244050 -3.914590 0 10.733300 8.881060 179.348000 1933.240000 -13 1012 1 0 1.000000
-2.362330 0.732078 0 1.957960 11.322100 198.842000 1933.120000 -13 1013 1 0 1.000000
-2.125670 -1.634140 0 -18.945800 15.787400 191.617000 1933.150000 -13 1014 1 0 1.000000
-2.119540 -0.652237 0 1.294400 -6.334890 197.955000 1933.290000 -13 1015 1 0 1.000000
-1.930500 -3.717950 0 -3.534900 -4.873780 198.861000 1933.260000 -13 1016 1 0 1.000000
-0.732865 -2.263130 0 1.180490 7.287820 197.639000 1933.370000 -13 1017 1 0 1.000000
-3.847050 0.054260 0 2.914890 -6.209080 188.496000 1933.000000 -13 1018 1 0 1.000000
1.217230 -2.882700 0 6.935620 12.671000 186.857000 1933.230000 -13 1019 1 0 1.000000
-1.394370 0.028015 0 9.333360 -9.258000 203.608000 1933.220000 -13 1020 1 0 1.000000
-0.740879 -4.898030 0 -4.216940 5.180950 192.222000 1933.330000 -13 1021 1 0 1.000000
1.567870 -1.953790 0 7.553350 12.345200 200.587000 1933.050000 -13 1022 1 0 1.000000
-1.559140 0.065511 0 5.260850 -2.903710 190.425000 1933.150000 -13 1023 1 0 1.000000
1.501570 -2.303410 0 14.673100 11.142000 196.147000 1933.210000 -13 1024 1 0 1.000000
-1.561980 -1.120390 0 1.380120 -5.822110 191.535000 1933.110000 -13 1025 1 0 1.000000
-4.703440 -0.632324 0 8.407710 -11.256300 196.154000 1933.150000 -13 1026 1 0 1.000000
-1.642620 0.874946 0 6.618440 -1.410010 185.810000 1933.190000 -13 1027 1 0 1.000000
-2.916870 0.410684 0 -8.940670 -15.146600 207.051000 1933.200000 -13 1028 1 0 1.000000
-0.099742 -3.281630 0 -7.174130 3.361980 179.658000 1933.310000 -13 1029 1 0 1.000000
-1.095740 -2.229090 0 15.936000 -1.267230 195.813000 1933.090000 -13 1030 1 0 1.000000
0.972783 -1.671510 0 -7.172740 -23.044900 191.272000 1933.290000 -13 1031 1 0 1.000000
-1.244200 -1.260300 0 0.753929 -12.228700 192.818000 1933.100000 -13 1032 1 0 1.000000
-1.958800 -1.881310 0 14.486100 -27.241100 202.260000 1933.210000 -13 1033 1 0 1.000000
-2.363390 1.816530 0 -3.766850 -2.989300 197.407000 1933.220000 -13 1034 1 0 1.000000
-3.190670 -2.851270 0 -1.374910 -20.993200 190.335000 1933.110000 -13 1035 1 0 1.000000
-1.415620 0.123798 0 -3.498360 1.210950 188.408000 1933.120000 -13 1036 1 0 1.000000
-2.943550 -3.290960 0 7.426590 -13.775800 201.145000 1933.300000 -13 1037 1 0 1.000000
0.674436 -1.969490 0 17.881900 -7.495590 185.212000 1933.160000 -13 1038 1 0 1.000000
0.105930 -1.875010 0 -0.770301 -18.692700 197.144000 1933.340000 -13 1039 1 0 1.000000
-1.495330 0.027964 0 -1.994660 12.925700 200.639000 1933.060000 -13 1040 1 0 1.000000
1.555360 -1.599840 0 9.199600 1.667750 185.118000 1933.160000 -13 1041 1 0 1.000000
0.067049 -2.252460 0 19.798900 7.653120 190.304000 1933.190000 -13 1042 1 0 1.000000
1.829930 -3.052380 0 3.054080 7.843570 200.961000 1933.340000 -13 1043 1 0 1.000000
-0.822288 -2.070870 0 3.522300 -7.836560 188.154000 1933.090000 -13 1044 1 0 1.000000
0.261074 -5.024950 0 10.192500 -6.635840 205.365000 1933.170000 -13 1045 1 0 1.000000
-1.172590 -3.755440 0 2.817740 0.624096 191.265000 1933.070000 -13 1046 1 0 1.000000
-1.060110 -2.665860 0 7.949370 -14.328200 187.601000 1933.120000 -13 1047 1 0 1.000000
-2.056030 2.106690 0 -3.361090 -10.911900 188.412000 1933.100000 -13 1048 1 0 1.000000
-1.045600 1.269970 0 -15.499100 9.326880 187.516000 1933.160000 -13 1049 1 0 1.000000
-0.616172 -0.272404 0 -0.866439 -0.618822 186.847000 1933.080000 -13 1050 1 0 1.000000
-1.389920 -3.471200 0 -21.077300 1.968100 200.588000 1933.010000 -13 1051 1 0 1.000000
-2.260920 -2.411470 0 -0.925347 -9.386830 211.238000 1933.100000 -13 1052 1 0 1.000000
-2.391500 -1.380410 0 1.939640 -1.665510 195.499000 1933.130000 -13 1053 1 0 1.000000
-0.199827 -3.756920 0 -9.351200 -6.993800 202.448000 1933.080000 -13 1054 1 0 1.000000
-3.660940 -1.148800 0 4.860980 -1.490280 193.156000 1933.110000 -13 1055 1 0 1.000000
-0.964365 -1.828180 0 0.137650 -0.026658 190.735000 1933.170000 -13 1056 1 0 1.000000
-1.310220 -3.651370 0 12.227400 -5.201310 191.858000 1933.140000 -13 1057 1 0 1.000000
-2.175450 -3.673470 0 4.678650 9.071520 195.987000 1933.370000 -13 1058 1 0 1.000000
-2.308490 -1.672440 0 5.279930 -0.760249 187.559000 1933.250000 -13 1059 1 0 1.000000
-2.521310 -1.444560 0 -10.675100 -22.327300 194.792000 1933.250000 -13 1060 1 0 1.000000
-2.569530 -1.700760 0 10.877500 6.274460 204.728000 1933.090000 -13 1061 1 0 1.000000
-1.291920 -3.771910 0 21.770600 6.089050 201.114000 1933.210000 -13 1062 1 0 1.000000
-2.392120 -0.236313 0 -4.386100 16.674400 197.022000 1933.270000 -13 1063 1 0 1.000000
-1.128470 -2.317650 0 4.876410 -6.014190 200.951000 1933.280000 -13 1064 1 0 1.000000
-1.514790 -2.629310 0 1.200220 -9.623350 186.443000 1933.110000 -13 1065 1 0 1.000000
0.473630 -0.259421 0 2.181460 -11.959500 186.934000 1933.230000 -13 1066 1 0 1.000000
-2.392510 -1.732220 0 0.349039 -14.377900 202.487000 1933.120000 -13 1067 1 0 1.000000
-0.414851 -3.076020 0 2.424630 3.168850 188.392000 1933.220000 -13 1068 1 0 1.000000
0.454626 -3.410530 0 12.943500 8.411760 184.945000 1933.130000 -13 1069 1 0 1.000000
0.460015 -2.587420 0 13.338500 -5.064230 186.572000 1933.120000 -13 1070 1 0 1.000000
-0.115796 -3.762130 0 9.486980 14.439800 204.725000 1933.290000 -13 1071 1 0 1.000000
-3.586860 -5.214680 0 10.684600 -1.097290 197.640000 1933.130000 -13 1072 1 0 1.000000
-0.782964 -3.422750 0 4.057480 1.865900 202.821000 1933.060000 -13 1073 1 0 1.000000
-1.382760 -0.995316 0 4.671050 -15.175000 191.469000 1933.280000 -13 1074 1 0 1.000000
-1.961770 1.142850 0 -27.177000 1.536910 185.065000 1933.190000 -13 1075 1 0 1.000000
-3.544370 -1.258330 0 -2.122800 8.521000 204.521000 1933.300000 -13 1076 1 0 1.000000
-0.225340 -4.731710 0 14.107900 13.073800 208.988000 1933.120000 -13 1077 1 0 1.000000
0.370565 -2.767280 0 7.978040 1.383810 191.361000 1933.050000 -13 1078 1 0 1.000000
0.811146 -2.798720 0 -13.013400 -6.616790 188.218000 1933.160000 -13 1079 1 0 1.000000
-0.172512 -2.009360 0 8.903260 13.631500 211.141000 1933.140000 -13 1080 1 0 1.000000
-1.436680 -2.320830 0 -15.510700 21.506400 198.649000 1933.130000 -13 1081 1 0 1.000000
-3.244970 0.054437 0 -5.648340 -20.789800 199.476000 1933.350000 -13 1082 1 0 1.000000
-1.652160 0.844124 0 5.484760 -9.240090 199.107000 1933.130000 -13 1083 1 0 1.000000
0.576480 -2.667870 0 4.333580 17.799800 192.659000 1933.300000 -13 1084 1 0 1.000000
-1.063160 -5.761740 0 9.851160 7.822010 193.717000 1933.180000 -13 1085 1 0 1.000000
-2.543260 -0.509980 0 -9.715500 4.527400 208.708000 1933.280000 -13 1086 1 0 1.000000
1.379960 0.225393 0 2.891380 21.133000 199.861000 1933.160000 -13 1087 1 0 1.000000
-1.057570 -2.797900 0 11.172500 0.011084 197.782000 1933.350000 -13 1088 1 0 1.000000
-2.366910 -4.282730 0 1.951560 19.103200 193.541000 1933.230000 -13 1089 1 0 1.000000
1.516290 0.158972 0 -1.834300 -9.470840 190.212000 1933.080000 -13 1090 1 0 1.000000
-1.432350 -0.627220 0 -17.348700 -3.389340 193.460000 1933.100000 -13 1091 1 0 1.000000
-1.654780 -3.654580 0 13.957000 -5.865130 184.660000 1933.200000 -13 1092 1 0 1.000000
-2.070670 -0.604722 0 -5.502030 -0.231110 212.103000 1933.060000 -13 1093 1 0 1.000000
-0.978640 -1.897090 0 -7.680630 -2.809520 185.164000 1933.240000 -13 1094 1 0 1.000000
2.115170 -1.122470 0 -3.847990 -5.949010 197.965000 1933.070000 -13 1095 1 0 1.000000
0.813429 -2.131190 0 -5.635600 11.811600 192.339000 1933.200000 -13 1096 1 0 1.000000
-3.798170 -1.305080 0 14.169200 -0.262700 193.263000 1933.150000 -13 1097 1 0 1.000000
0.424679 -3.802280 0 -7.449780 18.837200 196.201000 1933.160000 -13 1098 1 0 1.000000
-0.065731 -1.924420 0 3.076200 2.772270 192.669000 1933.300000 -13 1099 1 0 1.000000
-2.809410 -0.952846 0 -5.037970 -13.117900 213.502000 1933.180000 -13 1100 1 0 1.000000
-0.566144 -0.418444 0 21.516900 -5.748950 175.809000 1933.180000 -13 1101 1 0 1.000000
-1.592410 -3.747810 0 9.981560 -17.735400 204.638000 1933.110000 -13 1102 1 0 1.000000
-0.081456 -1.658580 0 7.768040 -4.763880 186.588000 1933.180000 -13 1103 1 0 1.000000
-3.154570 -2.494520 0 11.588600 18.286900 203.153000 1933.270000 -13 1104 1 0 1.000000
-1.782110 0.113580 0 -0.266655 -9.586770 196.142000 1933.180000 -13 1105 1 0 1.000000
-2.090210 -3.035980 0 11.795300 -8.834810 194.899000 1933.140000 -13 1106 1 0 1.000000
-0.721127 -1.825300 0 0.697141 -10.503900 199.210000 1933.200000 -13 1107 1 0 1.000000
-4.300350 -1.831570 0 12.672100 9.488970 198.214000 1933.130000 -13 1108 1 0 1.000000
-5.072260 -1.012450 0 -0.281888 -18.435300 203.877000 1933.220000 -13 1109 1 0 1.000000
-2.563920 -2.115980 0 5.792920 -16.799300 191.580000 1933.220000 -13 1110 1 0 1.000000
-1.008590 -0.840329 0 -15.998300 0.761304 198.838000 1933.170000 -13 1111 1 0 1.000000
-1.765910 -1.126580 0 0.248170 -9.186680 195.988000 1933.180000 -13 1112 1 0 1.000000
-0.157035 -1.634050 0 -6.835310 -10.156200 193.050000 1933.070000 -13 1113 1 0 1.000000
0.378866 -2.842790 0 6.475510 2.296740 177.425000 1933.260000 -13 1114 1 0 1.000000
-3.765040 -0.565400 0 -0.937033 -20.802500 190.945000 1933.280000 -13 1115 1 0 1.000000
-4.373190 -4.131140 0 -9.471850 7.040030 198.007000 1933.070000 -13 1116 1 0 1.000000
0.160323 -1.744240 0 -8.119060 -18.270000 187.605000 1933.190000 -13 1117 1 0 1.000000
-3.062030 0.025771 0 -0.434130 1.594370 200.399000 1933.070000 -13 1118 1 0 1.000000
-1.703550 -0.955539 0 2.575970 15.163700 179.214000 1933.150000 -13 1119 1 0 1.000000
-1.850140 -2.695660 0 1.567760 -4.359160 201.244000 1933.070000 -13 1120 1 0 1.000000
-0.002096 -1.905190 0 -1.212130 -16.671100 178.904000 1933.150000 -13 1121 1 0 1.000000
-1.351410 -2.412430 0 -4.015810 -20.000100 204.102000 1933.180000 -13 1122 1 0 1.000000
-3.338700 -3.794020 0 20.019700 -5.330970 199.178000 1933.410000 -13 1123 1 0 1.000000
-0.597331 -0.100645 0 8.154070 14.895600 181.415000 1933.170000 -13 1124 1 0 1.000000
-0.421998 -0.740174 0 -8.442050 -19.924000 197.967000 1933.240000 -13 1125 1 0 1.000000
-0.757429 1.500960 0 -10.098600 1.442770 189.602000 1933.110000 -13 1126 1 0 1.000000
-0.952662 0.985399 0 2.571830 -1.960990 188.969000 1933.180000 -13 1127 1 0 1.000000
