#BLTrackFile solenoid_cooling_channel
#x y z Px Py Pz t PDGid EvNum TrkId Parent weight
-1.011640 -1.638660 0 0.000000 0.000000 193.000000 1933.190000 -13 1 1 0 1.000000
-1.200350 -2.802320 0 -1.463900 6.746170 193.167000 1933.200000 -13 2 1 0 1.000000
-1.534680 -0.810320 0 -1.140280 -13.613800 184.218000 1933.190000 -13 3 1 0 1.000000
-2.323120 -3.613120 0 3.224260 -2.004260 187.819000 1933.080000 -13 4 1 0 1.000000
-1.025250 -2.931230 0 3.504230 -17.178100 196.602000 1933.100000 -13 5 1 0 1.000000
0.249888 -2.578410 0 -14.235600 5.028970 197.023000 1933.150000 -13 6 1 0 1.000000
0.084306 -2.284070 0 14.104600 -3.295460 183.351000 1933.260000 -13 7 1 0 1.000000
-0.935629 -2.981530 0 6.369430 1.613780 190.272000 1933.170000 -13 8 1 0 1.000000
-1.778420 -3.043760 0 12.994000 -11.395700 201.718000 1933.120000 -13 9 1 0 1.000000
-3.087730 -2.531260 0 11.651700 -6.170270 195.636000 1933.070000 -13 10 1 0 1.000000
-3.189990 -2.874450 0 13.432000 -10.599400 197.848000 1933.150000 -13 11 1 0 1.000000
-3.366200 0.713637 0 9.602710 6.665320 192.651000 1933.270000 -13 12 1 0 1.000000
-1.486270 0.212633 0 -8.171360 -2.817130 191.259000 1933.180000 -13 13 1 0 1.000000
-2.447740 -1.960620 0 9.950160 -7.683350 202.946000 1933.190000 -13 14 1 0 1.000000
1.193940 -0.601724 0 -2.167140 5.591680 186.436000 1933.280000 -13 15 1 0 1.000000
-1.366300 0.656662 0 2.833510 8.859350 199.363000 1933.270000 -13 16 1 0 1.000000
-4.017660 -2.300100 0 -1.505060 7.264970 204.191000 1933.340000 -13 17 1 0 1.000000
-4.525590 -2.563280 0 19.059500 12.323700 195.782000 1933.160000 -13 18 1 0 1.000000
0.338045 -2.601330 0 -7.257380 5.776390 196.186000 1933.090000 -13 19 1 0 1.000000
-0.783256 -1.574630 0 -1.420050 14.999000 210.560000 1933.200000 -13 20 1 0 1.000000
1.434980 0.598018 0 -0.564203 8.105700 195.459000 1933.160000 -13 21 1 0 1.000000
-2.251590 -2.442540 0 -10.260600 -2.785000 194.494000 1933.070000 -13 22 1 0 1.000000
-2.741960 0.371648 0 4.693820 -10.438100 205.628000 1933.330000 -13 23 1 0 1.000000
-3.576990 -3.205940 0 -6.249610 -5.617770 204.461000 1933.040000 -13 24 1 0 1.000000
1.346600 1.506410 0 -13.450200 12.377800 191.884000 1933.190000 -13 25 1 0 1.000000
-1.604560 0.284301 0 -8.412000 1.373190 196.341000 1933.100000 -13 26 1 0 1.000000
-0.554013 -3.586280 0 8.812410 0.127982 199.398000 1933.190000 -13 27 1 0 1.000000
-2.461010 -1.898890 0 2.011330 -16.993200 207.524000 1933.090000 -13 28 1 0 1.000000
-2.095630 0.559670 0 -3.233260 -0.335124 196.172000 1933.080000 -13 29 1 0 1.000000
-1.116260 -1.538240 0 -6.175470 6.059240 199.502000 1933.150000 -13 30 1 0 1.000000
-1.765150 -2.650520 0 -0.327864 -6.258450 198.703000 1933.210000 -13 31 1 0 1.000000
-1.115770 -0.628453 0 -6.673600 3.227170 198.865000 1933.160000 -13 32 1 0 1.000000
-3.848900 -3.201330 0 4.896530 7.560300 198.356000 1933.240000 -13 33 1 0 1.000000
0.071256 -2.498260 0 6.654020 13.316100 214.100000 1933.290000 -13 34 1 0 1.000000
-1.899230 -1.194510 0 2.307640 -10.530400 207.831000 1933.040000 -13 35 1 0 1.000000
0.688411 -3.227790 0 -8.907580 8.058120 202.801000 1933.230000 -13 36 1 0 1.000000
-1.585610 0.046179 0 5.517910 2.619680 185.699000 1933.150000 -13 37 1 0 1.000000
1.887320 -1.868030 0 -8.705790 -2.424870 199.003000 1933.160000 -13 38 1 0 1.000000
0.324602 -1.892910 0 3.199510 -0.550768 193.474000 1933.130000 -13 39 1 0 1.000000
-1.511650 -2.636300 0 -7.370130 1.912450 184.332000 1933.170000 -13 40 1 0 1.000000
-1.014930 -0.894964 0 -12.344000 -3.822610 196.125000 1933.340000 -13 41 1 0 1.000000
-2.735010 -1.775080 0 -7.610630 -8.518240 203.366000 1933.330000 -13 42 1 0 1.000000
-1.544720 -2.804580 0 3.709940 0.902976 195.259000 1933.310000 -13 43 1 0 1.000000
-3.022160 -2.480530 0 -4.540440 -1.160880 203.820000 1933.150000 -13 44 1 0 1.000000
1.455020 -2.889360 0 -8.269220 19.657400 206.158000 1933.250000 -13 45 1 0 1.000000
-0.512737 -4.245300 0 2.374490 1.257840 195.538000 1933.080000 -13 46 1 0 1.000000
-2.602180 -0.775618 0 -9.117670 -2.166640 187.704000 1933.160000 -13 47 1 0 1.000000
-1.052440 -6.279690 0 8.588670 -9.381060 193.303000 1933.220000 -13 48 1 0 1.000000
-0.785799 -2.561740 0 3.956970 -8.378400 194.941000 1933.150000 -13 49 1 0 1.000000
1.437360 -1.183520 0 14.082000 1.620590 197.557000 1933.120000 -13 50 1 0 1.000000
-4.075760 -0.494867 0 -9.465880 -14.561200 209.982000 1933.270000 -13 51 1 0 1.000000
-1.655190 -0.577825 0 -8.098410 9.074170 200.986000 1933.170000 -13 52 1 0 1.000000
-1.754160 -3.646630 0 8.002600 -8.295120 209.751000 1933.250000 -13 53 1 0 1.000000
-3.873990 -3.993040 0 9.963430 -4.443090 193.669000 1933.240000 -13 54 1 0 1.000000
-2.492360 -2.022530 0 10.663000 -11.178100 198.058000 1933.120000 -13 55 1 0 1.000000
0.383525 -0.787919 0 0.242183 10.055500 209.536000 1933.250000 -13 56 1 0 1.000000
-2.571840 -0.900136 0 -3.682740 0.691682 197.714000 1933.030000 -13 57 1 0 1.000000
-0.402461 -0.971183 0 -1.400310 -4.243560 194.536000 1933.060000 -13 58 1 0 1.000000
1.383040 -2.463380 0 -16.169000 7.030100 198.548000 1933.140000 -13 59 1 0 1.000000
-0.012720 -3.128140 0 1.234570 8.063820 191.278000 1933.130000 -13 60 1 0 1.000000
-0.237551 -2.223530 0 -8.187010 8.884590 189.436000 1933.120000 -13 61 1 0 1.000000
-0.362443 -0.451835 0 -6.228960 6.112570 187.375000 1933.180000 -13 62 1 0 1.000000
1.852380 0.162823 0 5.356860 6.875310 194.520000 1933.160000 -13 63 1 0 1.000000
1.169420 -1.460790 0 15.981700 2.350440 190.946000 1933.130000 -13 64 1 0 1.000000
-0.893546 -1.150890 0 -3.553250 -5.193580 212.717000 1933.130000 -13 65 1 0 1.000000
1.012490 -2.678870 0 -3.042660 -6.779320 191.611000 1933.080000 -13 66 1 0 1.000000
-1.246790 -1.054980 0 -4.486340 6.818020 182.579000 1933.190000 -13 67 1 0 1.000000
-1.136240 -2.029790 0 -12.118200 -9.673380 185.193000 1933.210000 -13 68 1 0 1.000000
-1.860730 -2.282170 0 23.797200 -5.187050 189.495000 1933.140000 -13 69 1 0 1.000000
0.281900 -2.804000 0 4.023900 2.562860 190.711000 1933.370000 -13 70 1 0 1.000000
-2.421760 -1.432400 0 8.300600 11.982900 192.693000 1933.170000 -13 71 1 0 1.000000
-0.020348 -4.109540 0 4.657480 -1.709000 183.725000 1933.150000 -13 72 1 0 1.000000
-1.424950 -1.520570 0 3.277680 -9.630740 209.338000 1933.180000 -13 73 1 0 1.000000
0.500117 0.304778 0 19.228400 4.984940 192.020000 1933.260000 -13 74 1 0 1.000000
-3.775470 -1.826230 0 -7.608300 -6.470010 198.109000 1933.140000 -13 75 1 0 1.000000
-0.522458 2.600190 0 0.348114 4.769000 201.864000 1933.170000 -13 76 1 0 1.000000
0.020320 -2.714610 0 17.315600 -12.216700 174.330000 1933.180000 -13 77 1 0 1.000000
-1.915030 0.914559 0 1.896050 -10.604100 184.120000 1933.190000 -13 78 1 0 1.000000
-2.255000 -0.581818 0 -2.683750 7.552550 202.329000 1933.190000 -13 79 1 0 1.000000
-1.139070 -1.144750 0 -1.948110 -15.051500 193.586000 1933.170000 -13 80 1 0 1.000000
-1.135070 -2.245080 0 -12.262100 13.614100 202.589000 1933.080000 -13 81 1 0 1.000000
-1.867540 -0.303374 0 -1.156680 -7.241350 188.442000 1933.370000 -13 82 1 0 1.000000
-1.601200 -1.852040 0 15.534600 -7.637770 197.197000 1933.070000 -13 83 1 0 1.000000
-2.741140 0.297608 0 0.695084 -6.105170 190.419000 1933.240000 -13 84 1 0 1.000000
-0.762156 -4.993480 0 7.073740 1.789980 194.163000 1933.130000 -13 85 1 0 1.000000
-1.189380 -3.256660 0 10.583500 7.532220 204.512000 1933.370000 -13 86 1 0 1.000000
1.519020 -2.540850 0 -6.770380 8.863320 183.012000 1933.260000 -13 87 1 0 1.000000
-0.251560 -0.838130 0 15.418300 8.295820 198.661000 1933.060000 -13 88 1 0 1.000000
-0.337053 -1.305360 0 -4.951300 -16.333500 184.180000 1933.210000 -13 89 1 0 1.000000
0.329263 -0.547804 0 4.294480 -2.016390 191.417000 1933.150000 -13 90 1 0 1.000000
0.453539 -0.161015 0 -11.040400 24.701500 201.598000 1933.120000 -13 91 1 0 1.000000
-1.298440 -2.266270 0 -6.122320 -0.727358 184.923000 1933.290000 -13 92 1 0 1.000000
-0.004098 -1.198090 0 -3.821260 -4.157730 189.113000 1933.180000 -13 93 1 0 1.000000
0.064129 -1.056470 0 -2.115810 -7.848060 205.577000 1933.090000 -13 94 1 0 1.000000
-0.221414 -1.381430 0 3.668610 9.788800 198.105000 1933.080000 -13 95 1 0 1.000000
-2.085200 -0.454196 0 0.637498 -3.305760 193.239000 1933.210000 -13 96 1 0 1.000000
-0.041771 -5.266910 0 11.551700 -1.927630 190.118000 1932.990000 -13 97 1 0 1.000000
-1.310900 -4.635550 0 -6.944860 2.933700 192.735000 1933.150000 -13 98 1 0 1.000000
-0.719065 0.697162 0 -11.265500 10.844700 207.602000 1933.110000 -13 99 1 0 1.000000
-2.708820 -1.793090 0 -9.089240 2.712290 203.996000 1933.130000 -13 100 1 0 1.000000
0.899260 0.932656 0 -4.195380 14.920400 204.193000 1933.240000 -13 101 1 0 1.000000
-3.110080 0.869464 0 -6.996950 6.567020 198.592000 1933.190000 -13 102 1 0 1.000000
-2.415900 -1.221620 0 -20.495500 -15.487100 175.583000 1933.220000 -13 103 1 0 1.000000
-3.836320 0.271802 0 -7.768380 -6.292670 189.836000 1933.130000 -13 104 1 0 1.000000
-1.028440 -2.616090 0 0.979039 -14.579800 206.381000 1933.130000 -13 105 1 0 1.000000
0.439650 0.171820 0 -2.971070 0.472355 190.077000 1933.290000 -13 106 1 0 1.000000
-2.561520 -3.263590 0 -1.343740 12.370400 208.595000 1933.290000 -13 107 1 0 1.000000
2.628220 -4.641290 0 -0.226983 9.236230 188.947000 1933.180000 -13 108 1 0 1.000000
-1.684850 -2.219320 0 -6.374230 9.589380 199.871000 1933.150000 -13 109 1 0 1.000000
-0.903623 -4.257990 0 15.711800 1.204020 201.773000 1933.120000 -13 110 1 0 1.000000
-2.666310 -2.772740 0 -5.296170 10.791200 192.098000 1933.130000 -13 111 1 0 1.000000
-1.474500 -0.822027 0 -17.828000 8.787270 191.707000 1933.110000 -13 112 1 0 1.000000
2.167670 -1.635910 0 -20.965900 -5.449270 186.176000 1933.160000 -13 113 1 0 1.000000
-0.699041 -2.120880 0 -4.671810 -6.521100 196.869000 1933.150000 -13 114 1 0 1.000000
-0.520671 -1.278140 0 -20.447800 -4.499180 210.962000 1933.150000 -13 115 1 0 1.000000
-2.560390 -0.305030 0 -13.301200 -14.868000 206.892000 1933.120000 -13 116 1 0 1.000000
-1.714440 -0.700805 0 1.997600 11.540600 187.160000 1933.120000 -13 117 1 0 1.000000
-2.794280 -2.726280 0 7.713120 -3.100920 189.304000 1933.130000 -13 118 1 0 1.000000
-1.785640 -3.853250 0 -11.580200 -8.232870 190.604000 1933.200000 -13 119 1 0 1.000000
-0.661342 -2.664770 0 -0.313420 6.858320 206.753000 1933.190000 -13 120 1 0 1.000000
-3.227480 -1.722450 0 -5.354010 -9.390870 191.972000 1933.080000 -13 121 1 0 1.000000
-1.660730 0.399422 0 -1.464420 -20.018000 207.713000 1933.230000 -13 122 1 0 1.000000
-2.007360 -2.870990 0 -4.461150 8.986030 199.696000 1933.260000 -13 123 1 0 1.000000
-3.193900 0.511629 0 -7.449640 10.087100 190.612000 1933.110000 -13 124 1 0 1.000000
0.265385 0.022813 0 -9.892870 -0.212315 188.179000 1933.290000 -13 125 1 0 1.000000
-1.256140 -2.921010 0 -11.524000 3.116180 201.974000 1933.250000 -13 126 1 0 1.000000
-2.703450 -1.930520 0 -3.155190 -14.135400 215.114000 1933.270000 -13 127 1 0 1.000000
-1.600050 -1.660220 0 -8.007800 14.848900 194.482000 1933.140000 -13 128 1 0 1.000000
0.854932 -1.613670 0 -16.332100 -8.181220 187.154000 1933.180000 -13 129 1 0 1.000000
-2.484110 -2.384670 0 11.444600 -15.674900 205.245000 1933.210000 -13 130 1 0 1.000000
1.438120 -0.750553 0 -14.018200 24.233400 203.369000 1933.100000 -13 131 1 0 1.000000
-0.181472 -2.422560 0 4.732670 2.175470 202.559000 1933.060000 -13 132 1 0 1.000000
-0.972019 0.300204 0 -0.803845 -7.110390 196.150000 1933.150000 -13 133 1 0 1.000000
-0.974259 -1.203170 0 6.278320 -2.575080 204.293000 1933.250000 -13 134 1 0 1.000000
-1.884830 -3.917700 0 -1.187970 10.593900 185.506000 1933.230000 -13 135 1 0 1.000000
-0.039499 -2.843790 0 14.739500 27.135500 205.499000 1933.150000 -13 136 1 0 1.000000
-2.396360 -1.983350 0 -1.788870 4.862610 193.163000 1933.220000 -13 137 1 0 1.000000
-2.610570 0.936625 0 -0.478659 -8.276980 198.885000 1933.110000 -13 138 1 0 1.000000
-0.109040 -3.137680 0 1.962680 12.143000 186.314000 1933.220000 -13 139 1 0 1.000000
-0.262442 -3.174760 0 -5.948330 4.527710 187.898000 1933.220000 -13 140 1 0 1.000000
-2.758370 0.226295 0 3.919100 -24.306400 192.717000 1933.300000 -13 141 1 0 1.000000
-1.180390 -0.485568 0 25.159900 3.406620 197.509000 1933.080000 -13 142 1 0 1.000000
-1.744610 -2.096260 0 -10.441400 -18.157600 203.710000 1933.150000 -13 143 1 0 1.000000
-4.015300 -2.993320 0 -16.459400 -1.058750 200.828000 1933.220000 -13 144 1 0 1.000000
-3.615600 -3.868540 0 -7.262760 2.117730 199.401000 1933.240000 -13 145 1 0 1.000000
-3.461440 0.539066 0 10.781800 -4.095940 203.606000 1933.210000 -13 146 1 0 1.000000
-1.313280 -4.428820 0 -1.416950 -1.481440 197.587000 1933.130000 -13 147 1 0 1.000000
-0.096982 -3.843470 0 16.839000 -1.306700 207.274000 1933.260000 -13 148 1 0 1.000000
-1.689630 -4.567400 0 6.812970 -7.094530 190.508000 1933.150000 -13 149 1 0 1.000000
-1.756340 -2.110760 0 7.224590 3.307570 200.114000 1933.110000 -13 150 1 0 1.000000
-0.279202 0.955691 0 2.862900 -6.828670 191.563000 1933.220000 -13 151 1 0 1.000000
-1.761970 -3.027220 0 8.850350 4.016240 208.529000 1933.070000 -13 152 1 0 1.000000
-3.347870 -0.512024 0 -5.762640 2.620720 191.805000 1933.100000 -13 153 1 0 1.000000
1.015870 -3.527290 0 -6.473920 8.140010 200.868000 1933.320000 -13 154 1 0 1.000000
-1.226680 -1.827400 0 10.878700 -15.200300 189.120000 1933.190000 -13 155 1 0 1.000000
-1.064570 -0.532723 0 1.453220 2.429590 183.043000 1933.160000 -13 156 1 0 1.000000
-0.747467 -0.588717 0 6.559640 -3.603350 193.225000 1933.080000 -13 157 1 0 1.000000
-1.094590 -2.979830 0 20.364200 1.762990 192.913000 1933.230000 -13 158 1 0 1.000000
-3.202000 0.517618 0 -4.416900 -9.134030 196.620000 1933.190000 -13 159 1 0 1.000000
-2.598710 -0.910393 0 21.852200 18.113900 209.932000 1933.250000 -13 160 1 0 1.000000
2.090270 -2.532840 0 1.411860 20.626500 187.804000 1933.140000 -13 161 1 0 1.000000
-0.980447 1.980230 0 -1.155220 -0.804867 198.768000 1933.220000 -13 162 1 0 1.000000
-2.789090 -0.820954 0 -10.750800 6.894100 213.919000 1933.310000 -13 163 1 0 1.000000
-4.750360 -0.896822 0 2.852030 7.742480 207.853000 1933.270000 -13 164 1 0 1.000000
-4.836000 -3.315330 0 8.053860 6.652060 195.568000 1933.200000 -13 165 1 0 1.000000
-1.076920 -1.326760 0 3.395370 1.093260 193.172000 1933.150000 -13 166 1 0 1.000000
-2.226580 -1.905710 0 -4.100540 -6.416780 179.997000 1933.180000 -13 167 1 0 1.000000
-3.105960 -2.538310 0 -6.338770 -4.151070 200.353000 1933.190000 -13 168 1 0 1.000000
-0.891194 -1.296430 0 -6.803000 -10.611000 199.799000 1933.110000 -13 169 1 0 1.000000
-2.325550 -3.133940 0 -14.609000 -1.134270 207.907000 1933.210000 -13 170 1 0 1.000000
0.111520 -0.257694 0 10.674300 -13.219500 210.860000 1933.160000 -13 171 1 0 1.000000
-2.041440 -1.215640 0 -12.472000 8.525240 198.724000 1933.150000 -13 172 1 0 1.000000
-1.163710 -2.490190 0 10.713900 -8.360690 208.074000 1933.130000 -13 173 1 0 1.000000
0.325768 -1.882490 0 11.845100 16.538100 196.518000 1933.220000 -13 174 1 0 1.000000
-0.801597 -1.982880 0 9.304220 -5.329710 181.997000 1933.200000 -13 175 1 0 1.000000
-1.204000 -4.426300 0 12.223600 15.958500 190.562000 1933.220000 -13 176 1 0 1.000000
-1.850960 -2.414600 0 -4.409230 5.273790 195.428000 1933.320000 -13 177 1 0 1.000000
-2.124840 -0.281163 0 1.255290 1.556830 192.628000 1933.100000 -13 178 1 0 1.000000
-1.212340 -0.060389 0 -13.969300 16.292900 181.677000 1933.050000 -13 179 1 0 1.000000
-1.769200 0.837220 0 -13.034900 11.731200 186.395000 1933.110000 -13 180 1 0 1.000000
-1.434520 1.787530 0 13.399500 6.681540 193.131000 1933.190000 -13 181 1 0 1.000000
-1.336090 -0.299486 0 5.442180 -6.730030 189.464000 1933.110000 -13 182 1 0 1.000000
0.299812 -2.959210 0 -15.305700 6.181020 202.307000 1933.220000 -13 183 1 0 1.000000
-1.876290 -0.845704 0 -5.249550 5.654040 207.692000 1933.310000 -13 184 1 0 1.000000
-1.901660 -2.095630 0 12.742200 2.868370 202.713000 1933.130000 -13 185 1 0 1.000000
-0.446280 0.873718 0 0.711998 -1.167580 192.360000 1933.230000 -13 186 1 0 1.000000
-2.881770 0.275799 0 1.818570 2.278340 185.852000 1933.270000 -13 187 1 0 1.000000
-1.028850 -2.782220 0 -13.322400 -14.705700 209.079000 1933.120000 -13 188 1 0 1.000000
2.495170 -0.398845 0 -2.117150 -10.745300 188.798000 1933.180000 -13 189 1 0 1.000000
-0.974652 -1.261640 0 14.245900 3.351580 198.263000 1933.210000 -13 190 1 0 1.000000
-1.187050 -1.383520 0 -11.332800 6.338660 194.379000 1933.130000 -13 191 1 0 1.000000
-1.151010 -0.708345 0 7.233770 13.608600 204.369000 1933.240000 -13 192 1 0 1.000000
-1.839230 -4.424190 0 6.283020 -1.555740 201.912000 1933.130000 -13 193 1 0 1.000000
-1.196980 -3.561330 0 -1.140020 1.738230 196.294000 1933.040000 -13 194 1 0 1.000000
-3.525930 -3.056830 0 12.218900 -19.681900 204.192000 1933.200000 -13 195 1 0 1.000000
-1.221870 -0.371146 0 -5.133810 -0.101107 189.369000 1933.100000 -13 196 1 0 1.000000
-2.891380 -3.490210 0 9.041440 13.124200 199.036000 1933.300000 -13 197 1 0 1.000000
-0.032785 -2.880530 0 -10.439200 0.947714 207.664000 1933.150000 -13 198 1 0 1.000000
-1.300120 -0.907363 0 5.759460 -2.006780 210.978000 1933.160000 -13 199 1 0 1.000000
-0.600417 -1.312820 0 5.205470 -9.021360 181.717000 1933.230000 -13 200 1 0 1.000000
-2.734280 -0.434637 0 0.034887 17.897700 195.276000 1933.150000 -13 201 1 0 1.000000
0.695308 -2.336010 0 -2.771820 -10.431900 184.578000 1933.080000 -13 202 1 0 1.000000
-0.925330 -1.939340 0 -8.631480 5.352270 191.099000 1933.250000 -13 203 1 0 1.000000
0.415849 -3.221640 0 3.702440 10.803400 201.587000 1933.230000 -13 204 1 0 1.000000
0.368230 -2.860790 0 -15.808900 0.443413 195.799000 1933.050000 -13 205 1 0 1.000000
1.459300 -1.256650 0 -2.586870 6.182770 201.262000 1933.100000 -13 206 1 0 1.000000
0.207992 -4.443400 0 -0.288421 -1.018140 200.779000 1933.080000 -13 207 1 0 1.000000
-0.622637 -5.695370 0 2.940970 8.165690 202.826000 1933.240000 -13 208 1 0 1.000000
-2.316130 -1.355180 0 10.893500 -18.609000 186.204000 1933.140000 -13 209 1 0 1.000000
-1.698900 -1.541630 0 -19.214500 3.637270 190.556000 1933.190000 -13 210 1 0 1.000000
-1.673230 -1.486640 0 2.450430 3.842390 194.944000 1933.120000 -13 211 1 0 1.000000
-0.807375 -3.316710 0 -1.414210 0.409431 203.273000 1933.260000 -13 212 1 0 1.000000
0.982901 -0.551996 0 2.804760 -3.470680 200.294000 1933.260000 -13 213 1 0 1.000000
-0.866994 -1.529270 0 -4.675970 15.515500 191.924000 1933.200000 -13 214 1 0 1.000000
-1.538260 -1.559160 0 6.177870 -6.170810 191.497000 1933.090000 -13 215 1 0 1.000000
-3.314130 -3.847690 0 2.192340 -1.741770 206.004000 1933.130000 -13 216 1 0 1.000000
-1.745470 -2.969810 0 -1.868790 0.062179 207.533000 1933.170000 -13 217 1 0 1.000000
1.000990 -2.021490 0 5.005170 13.517400 186.944000 1933.100000 -13 218 1 0 1.000000
-1.033150 0.517361 0 1.961180 12.235700 196.764000 1933.190000 -13 219 1 0 1.000000
-3.230650 -0.234285 0 9.057420 -3.684760 194.662000 1933.140000 -13 220 1 0 1.000000
2.294330 -3.796170 0 6.941790 -0.768796 191.345000 1933.210000 -13 221 1 0 1.000000
-2.478660 -0.868459 0 -15.570000 -1.368010 213.466000 1933.220000 -13 222 1 0 1.000000
-2.972170 0.232466 0 0.771723 -6.864070 192.333000 1933.130000 -13 223 1 0 1.000000
-2.554750 -2.249380 0 -6.992340 -20.028700 198.796000 1933.080000 -13 224 1 0 1.000000
0.068200 -2.660860 0 5.234110 -0.523658 190.262000 1933.070000 -13 225 1 0 1.000000
-1.947420 -4.591180 0 9.311900 13.065600 206.646000 1933.190000 -13 226 1 0 1.000000
-4.118480 -1.632990 0 9.844770 1.868980 191.645000 1933.290000 -13 227 1 0 1.000000
-3.220330 -1.395820 0 14.414200 0.021427 198.446000 1933.140000 -13 228 1 0 1.000000
-2.065000 2.007170 0 -10.041600 0.355341 208.067000 1933.240000 -13 229 1 0 1.000000
-0.303683 -1.917500 0 2.669760 -3.573940 186.855000 1933.110000 -13 230 1 0 1.000000
-2.456900 -3.032820 0 0.119618 14.233200 205.914000 1933.240000 -13 231 1 0 1.000000
-1.161820 -1.117420 0 8.540960 -1.644760 195.483000 1933.170000 -13 232 1 0 1.000000
-1.499470 0.229139 0 -2.640440 1.635300 203.435000 1933.160000 -13 233 1 0 1.000000
-1.102670 -2.132610 0 10.897300 4.846050 190.674000 1933.170000 -13 234 1 0 1.000000
-1.126620 -3.763630 0 5.865930 -7.018700 207.731000 1933.120000 -13 235 1 0 1.000000
-3.653890 -3.202990 0 -3.368910 6.114460 190.306000 1933.090000 -13 236 1 0 1.000000
-0.900525 -0.356825 0 4.668840 3.550050 198.379000 1933.080000 -13 237 1 0 1.000000
1.174320 -1.028800 0 1.991030 -5.173550 200.179000 1933.200000 -13 238 1 0 1.000000
-0.133379 -2.683500 0 -8.138440 0.223260 193.729000 1933.190000 -13 239 1 0 1.000000
-4.190550 2.174940 0 -14.448900 3.205950 198.454000 1933.070000 -13 240 1 0 1.000000
-1.557160 -1.973370 0 8.843390 -3.884560 179.919000 1933.150000 -13 241 1 0 1.000000
-1.543100 -1.430850 0 -14.197800 4.633460 208.257000 1933.110000 -13 242 1 0 1.000000
-0.330163 -0.027956 0 8.080290 23.803400 208.358000 1933.250000 -13 243 1 0 1.000000
-4.400190 -0.662197 0 2.632860 -4.343600 190.864000 1933.100000 -13 244 1 0 1.000000
-2.371020 1.602950 0 0.574321 -7.302760 192.618000 1933.270000 -13 245 1 0 1.000000
-4.040130 -4.477350 0 0.523974 5.333010 196.349000 1933.230000 -13 246 1 0 1.000000
-0.216816 -0.460928 0 10.932000 2.653260 205.809000 1933.400000 -13 247 1 0 1.000000
-3.044830 -4.244030 0 -17.034100 -3.815550 202.240000 1933.130000 -13 248 1 0 1.000000
-0.253584 -4.168590 0 12.133600 10.819700 189.654000 1933.200000 -13 249 1 0 1.000000
-0.488903 0.186327 0 4.744350 -6.523650 195.713000 1933.060000 -13 250 1 0 1.000000
-1.496020 1.918910 0 0.522138 -13.383100 191.254000 1933.100000 -13 251 1 0 1.000000
-0.793785 -2.496680 0 11.036800 -2.002820 193.276000 1933.050000 -13 252 1 0 1.000000
-0.864959 -1.390090 0 4.134000 1.755930 181.043000 1933.150000 -13 253 1 0 1.000000
2.096040 -0.121928 0 -6.235270 -2.614300 196.387000 1933.210000 -13 254 1 0 1.000000
-2.039040 -4.737760 0 19.451600 -0.043721 187.968000 1933.040000 -13 255 1 0 1.000000
1.563270 -2.080400 0 7.263330 -17.556700 192.845000 1933.060000 -13 256 1 0 1.000000
0.598555 -0.764314 0 -0.094260 1.278230 189.799000 1933.070000 -13 257 1 0 1.000000
-1.078390 -2.847960 0 8.348870 0.334754 204.044000 1933.230000 -13 258 1 0 1.000000
-0.687845 -1.115530 0 -6.695140 -24.623300 190.661000 1933.190000 -13 259 1 0 1.000000
-1.507980 -0.466385 0 9.221520 16.959300 207.088000 1933.270000 -13 260 1 0 1.000000
-1.420480 0.318998 0 -7.301530 -3.853660 200.033000 1933.090000 -13 261 1 0 1.000000
0.232344 0.101699 0 19.157400 8.762390 191.533000 1933.080000 -13 262 1 0 1.000000
-3.634730 -1.135400 0 0.498497 -2.815490 189.452000 1933.140000 -13 263 1 0 1.000000
0.280157 -0.787439 0 1.790480 9.447380 200.461000 1933.130000 -13 264 1 0 1.000000
-1.140660 -1.925730 0 8.115190 -16.748100 190.568000 1933.160000 -13 265 1 0 1.000000
1.300420 -0.573642 0 3.944760 -5.523350 203.476000 1933.200000 -13 266 1 0 1.000000
-2.633630 -2.773640 0 -3.666230 14.112100 194.994000 1933.230000 -13 267 1 0 1.000000
-2.732280 -2.823560 0 5.979020 6.530020 183.209000 1933.240000 -13 268 1 0 1.000000
-0.408174 -3.391170 0 -1.703580 1.446870 200.649000 1933.190000 -13 269 1 0 1.000000
-1.108170 -1.518850 0 -0.307513 -7.423630 202.028000 1933.110000 -13 270 1 0 1.000000
0.362681 -2.191620 0 15.348900 -3.637000 195.213000 1933.210000 -13 271 1 0 1.000000
-0.481630 1.061210 0 6.360010 -3.913020 187.872000 1933.180000 -13 272 1 0 1.000000
-0.278993 -1.880090 0 5.335670 -4.607830 201.346000 1933.190000 -13 273 1 0 1.000000
-0.385752 -3.594500 0 -12.406200 -0.638683 207.066000 1933.120000 -13 274 1 0 1.000000
-0.744004 -2.307620 0 -9.838120 12.456000 190.012000 1933.190000 -13 275 1 0 1.000000
-0.134594 -2.869460 0 1.794130 9.272340 208.601000 1933.110000 -13 276 1 0 1.000000
-3.224480 -1.528390 0 7.790510 -14.753600 198.282000 1933.290000 -13 277 1 0 1.000000
0.978758 -1.709440 0 -7.774240 14.297800 198.288000 1933.070000 -13 278 1 0 1.000000
-0.285688 -1.873450 0 -6.592010 25.852700 196.218000 1933.140000 -13 279 1 0 1.000000
-0.026506 -1.852210 0 10.472200 9.673710 190.174000 1933.060000 -13 280 1 0 1.000000
-3.826080 -0.571658 0 -5.929450 -13.491100 195.077000 1933.050000 -13 281 1 0 1.000000
-1.358650 -2.972250 0 -9.249980 -3.050100 205.280000 1933.240000 -13 282 1 0 1.000000
-2.864860 -3.331050 0 -22.077800 6.282400 203.142000 1933.140000 -13 283 1 0 1.000000
-2.340490 -0.835640 0 -9.623040 -3.865670 201.480000 1933.270000 -13 284 1 0 1.000000
0.945796 -1.749550 0 -11.134200 -2.322930 197.569000 1933.310000 -13 285 1 0 1.000000
1.108070 1.611410 0 -7.972920 -4.731960 193.517000 1933.200000 -13 286 1 0 1.000000
-2.221970 2.199270 0 -0.933151 -13.765000 191.621000 1933.340000 -13 287 1 0 1.000000
-2.281530 -0.977381 0 -13.109400 -2.627100 203.879000 1933.340000 -13 288 1 0 1.000000
-2.350980 -0.931008 0 -2.509590 7.067610 197.243000 1933.080000 -13 289 1 0 1.000000
0.109207 -2.129400 0 -17.093900 10.211700 193.639000 1933.080000 -13 290 1 0 1.000000
-0.954477 -0.031106 0 -9.546010 -16.726700 204.178000 1933.230000 -13 291 1 0 1.000000
0.182455 0.188771 0 -11.627200 11.519300 196.349000 1933.040000 -13 292 1 0 1.000000
-1.031070 0.119598 0 0.383813 -10.404200 200.014000 1933.080000 -13 293 1 0 1.000000
-1.613660 -1.347640 0 -9.778990 4.387960 186.561000 1933.140000 -13 294 1 0 1.000000
0.415687 0.305926 0 -7.299750 15.159900 203.453000 1933.330000 -13 295 1 0 1.000000
-2.007850 -2.052880 0 13.493800 -13.439500 200.350000 1933.280000 -13 296 1 0 1.000000
-0.763255 -3.727350 0 3.522970 1.976140 205.252000 1933.160000 -13 297 1 0 1.000000
0.307806 -4.168770 0 10.411500 2.525110 189.861000 1933.110000 -13 298 1 0 1.000000
-1.342220 1.154740 0 -6.370290 -8.654450 205.030000 1933.090000 -13 299 1 0 1.000000
-1.244480 -2.649240 0 0.820626 7.967740 201.824000 1933.190000 -13 300 1 0 1.000000
-0.689036 0.177289 0 -2.309940 11.569100 192.503000 1933.210000 -13 301 1 0 1.000000
0.285901 -1.748550 0 -12.026700 -26.434900 196.745000 1933.140000 -13 302 1 0 1.000000
-2.223830 -1.945360 0 5.454370 -1.533400 192.547000 1933.330000 -13 303 1 0 1.000000
-0.151728 0.391953 0 -18.247400 7.649650 202.571000 1933.220000 -13 304 1 0 1.000000
-3.483530 1.132920 0 11.135500 17.152300 192.352000 1933.170000 -13 305 1 0 1.000000
-0.421517 -1.886710 0 -2.294850 1.775480 192.854000 1933.190000 -13 306 1 0 1.000000
0.499501 -4.750000 0 -7.621090 11.395900 188.817000 1933.100000 -13 307 1 0 1.000000
-0.691211 -0.933286 0 3.907380 15.217900 211.655000 1933.200000 -13 308 1 0 1.000000
-1.617150 0.267104 0 -4.096290 -14.691900 187.243000 1933.140000 -13 309 1 0 1.000000
-1.326680 -3.180290 0 21.922100 5.346670 206.606000 1933.180000 -13 310 1 0 1.000000
-1.993110 -2.803510 0 1.794450 -17.220600 188.805000 1933.070000 -13 311 1 0 1.000000
-3.438950 1.106770 0 -4.142980 -0.210898 207.536000 1933.170000 -13 312 1 0 1.000000
-3.219200 0.341762 0 -3.035120 3.748370 203.768000 1933.120000 -13 313 1 0 1.000000
-1.660450 -1.199500 0 -10.166400 -2.656810 214.283000 1933.200000 -13 314 1 0 1.000000
-0.205398 -1.203440 0 -15.814700 -1.397330 187.622000 1933.190000 -13 315 1 0 1.000000
-0.942773 -1.035980 0 7.783690 3.393650 206.004000 1933.200000 -13 316 1 0 1.000000
0.972939 -2.207650 0 3.910970 8.060000 200.746000 1933.160000 -13 317 1 0 1.000000
1.112710 -1.431540 0 -8.884210 -1.075390 193.773000 1933.060000 -13 318 1 0 1.000000
-0.022816 -1.638670 0 -9.271440 -4.532400 195.699000 1933.150000 -13 319 1 0 1.000000
-0.249374 -2.282920 0 13.234000 -9.341030 198.449000 1933.120000 -13 320 1 0 1.000000
-2.939670 -1.186540 0 -6.816940 -7.925550 206.941000 1933.190000 -13 321 1 0 1.000000
-0.984401 0.874394 0 9.476190 -12.547600 211.717000 1933.200000 -13 322 1 0 1.000000
-1.457660 -1.950610 0 -9.691410 -23.274400 193.986000 1933.340000 -13 323 1 0 1.000000
-0.805627 0.176619 0 1.920780 -10.733700 187.901000 1933.250000 -13 324 1 0 1.000000
0.183602 -3.619160 0 8.155280 4.367030 190.956000 1933.140000 -13 325 1 0 1.000000
0.082652 -3.918350 0 23.135800 5.240250 192.538000 1933.260000 -13 326 1 0 1.000000
-0.172109 -3.531210 0 10.802900 -8.292960 204.486000 1933.280000 -13 327 1 0 1.000000
0.944853 -2.170070 0 21.273700 4.762870 186.400000 1933.200000 -13 328 1 0 1.000000
-3.550280 -1.626490 0 -4.027840 -1.997730 195.587000 1933.220000 -13 329 1 0 1.000000
-0.243043 -1.791770 0 0.996832 -2.080410 196.046000 1933.120000 -13 330 1 0 1.000000
0.185476 -2.451230 0 -4.817580 16.752600 204.811000 1933.290000 -13 331 1 0 1.000000
-0.025910 0.375187 0 -4.539850 -4.568780 191.050000 1933.180000 -13 332 1 0 1.000000
-4.401310 -2.243750 0 -3.301760 -24.950700 193.913000 1933.180000 -13 333 1 0 1.000000
-0.454570 -0.486929 0 2.712110 4.595270 186.126000 1933.070000 -13 334 1 0 1.000000
-3.887940 -0.733832 0 -8.317540 -7.762670 197.138000 1933.170000 -13 335 1 0 1.000000
-2.263880 -0.365544 0 -4.982490 21.400800 202.199000 1933.120000 -13 336 1 0 1.000000
-1.865480 -1.424990 0 11.819000 -1.341810 210.561000 1933.110000 -13 337 1 0 1.000000
-1.099210 -1.780030 0 2.446670 -20.464600 189.058000 1933.170000 -13 338 1 0 1.000000
-1.509550 -1.649040 0 3.069820 -5.351940 202.930000 1933.220000 -13 339 1 0 1.000000
-2.092880 -0.204763 0 -3.487840 6.678430 185.421000 1933.160000 -13 340 1 0 1.000000
-2.591880 0.011432 0 10.704400 6.362270 197.735000 1933.250000 -13 341 1 0 1.000000
-2.465990 -1.953420 0 11.400600 -7.627930 210.404000 1933.090000 -13 342 1 0 1.000000
-1.854470 -2.300700 0 -1.480380 -10.915800 203.318000 1933.090000 -13 343 1 0 1.000000
-1.690470 0.919922 0 -17.075000 6.560860 196.329000 1933.070000 -13 344 1 0 1.000000
-2.942590 -1.915070 0 -8.075010 -6.030180 213.564000 1933.170000 -13 345 1 0 1.000000
-0.656705 -4.059990 0 4.148000 7.856090 207.233000 1933.210000 -13 346 1 0 1.000000
-0.750818 -1.700260 0 -12.675000 2.319150 188.134000 1933.150000 -13 347 1 0 1.000000
-1.287360 -1.269880 0 -0.814685 0.628935 206.166000 1933.350000 -13 348 1 0 1.000000
-2.945020 0.175275 0 21.492300 10.989900 195.190000 1933.250000 -13 349 1 0 1.000000
0.664171 -3.015080 0 -8.296490 7.862310 187.449000 1933.140000 -13 350 1 0 1.000000
-1.721650 -2.542820 0 -6.218350 8.595750 188.362000 1933.280000 -13 351 1 0 1.000000
-0.537521 -3.056440 0 -0.767507 1.553320 186.963000 1933.100000 -13 352 1 0 1.000000
-1.959860 -1.754260 0 -11.536400 -20.508500 200.188000 1933.090000 -13 353 1 0 1.000000
-0.796350 -3.322910 0 -14.831800 -8.836790 183.665000 1933.170000 -13 354 1 0 1.000000
-1.050610 -1.868030 0 10.042300 -8.210270 191.865000 1933.090000 -13 355 1 0 1.000000
-1.475790 -0.769563 0 11.440500 20.978700 191.907000 1933.140000 -13 356 1 0 1.000000
-0.779748 0.504955 0 -19.290300 0.703514 205.765000 1933.230000 -13 357 1 0 1.000000
0.452726 -0.156595 0 -19.742000 -9.090590 196.254000 1933.240000 -13 358 1 0 1.000000
-1.430910 -1.223410 0 -0.147218 16.668500 196.989000 1933.040000 -13 359 1 0 1.000000
-1.804700 -3.118160 0 -1.344720 10.368500 201.552000 1933.270000 -13 360 1 0 1.000000
-1.567130 -2.634510 0 -1.456930 17.020000 202.071000 1933.140000 -13 361 1 0 1.000000
-2.342780 -3.488420 0 -6.992110 -12.528300 204.586000 1933.190000 -13 362 1 0 1.000000
-2.294960 -0.798186 0 8.173300 -8.835190 190.881000 1933.130000 -13 363 1 0 1.000000
-1.707300 -1.627120 0 -11.366300 -4.337940 202.918000 1933.240000 -13 364 1 0 1.000000
-1.751930 -2.225100 0 -2.555070 -1.017180 196.876000 1933.130000 -13 365 1 0 1.000000
-0.542040 -2.262360 0 -0.925091 -8.260920 191.980000 1933.030000 -13 366 1 0 1.000000
-2.490160 -1.504420 0 2.918920 15.757300 209.043000 1933.360000 -13 367 1 0 1.000000
-2.835620 -2.074690 0 -3.335350 -6.588120 195.351000 1933.220000 -13 368 1 0 1.000000
-1.830740 -1.541830 0 -4.178550 -15.850700 185.388000 1933.280000 -13 369 1 0 1.000000
-2.499080 -2.257330 0 1.978470 -0.774473 197.562000 1933.170000 -13 370 1 0 1.000000
-2.785910 -4.583420 0 2.916640 -18.807800 183.021000 1933.160000 -13 371 1 0 1.000000
-2.695910 0.246859 0 13.596300 13.287300 192.667000 1933.230000 -13 372 1 0 1.000000
0.316234 -2.229430 0 0.297511 8.425260 212.522000 1933.120000 -13 373 1 0 1.000000
-3.040710 -1.938700 0 -0.595309 -10.138800 201.908000 1933.280000 -13 374 1 0 1.000000
-1.174870 -2.507840 0 -5.626860 14.576500 190.902000 1933.250000 -13 375 1 0 1.000000
-1.165880 -1.972120 0 -2.521700 10.544300 197.058000 1933.100000 -13 376 1 0 1.000000
-1.381170 -0.993729 0 8.099170 -0.890956 204.182000 1933.110000 -13 377 1 0 1.000000
-1.774760 -2.897060 0 6.006480 -5.288130 207.899000 1933.190000 -13 378 1 0 1.000000
-4.694210 -1.008400 0 9.128560 -2.344570 205.408000 1933.290000 -13 379 1 0 1.000000
2.399650 0.139347 0 -1.588200 2.701960 187.218000 1933.100000 -13 380 1 0 1.000000
-3.761460 1.069890 0 1.436720 -25.939400 193.725000 1933.210000 -13 381 1 0 1.000000
-0.647387 -2.287390 0 -9.503960 15.521500 188.431000 1933.090000 -13 382 1 0 1.000000
-0.983516 0.037583 0 -3.729580 -15.793500 189.294000 1933.250000 -13 383 1 0 1.000000
-2.732920 1.142230 0 -16.633800 0.505243 203.050000 1933.310000 -13 384 1 0 1.000000
-1.607870 -1.406970 0 -3.068070 7.517870 188.558000 1933.120000 -13 385 1 0 1.000000
0.244965 1.213400 0 15.081800 -9.004200 213.268000 1933.190000 -13 386 1 0 1.000000
-1.670640 -3.638820 0 7.408110 -4.302970 207.103000 1933.180000 -13 387 1 0 1.000000
-2.577850 -2.894290 0 7.364450 0.130436 194.784000 1933.210000 -13 388 1 0 1.000000
-0.496516 -1.546540 0 -8.399410 -1.097890 186.682000 1933.130000 -13 389 1 0 1.000000
0.744194 -2.010200 0 -6.363920 -5.471600 190.126000 1933.310000 -13 390 1 0 1.000000
-3.838000 -3.364910 0 -1.860180 -21.764300 208.518000 1933.250000 -13 391 1 0 1.000000
-0.146348 -3.370840 0 4.702510 -3.916720 180.688000 1933.260000 -13 392 1 0 1.000000
-0.877668 -0.478151 0 15.291400 9.836710 195.021000 1933.090000 -13 393 1 0 1.000000
-0.878436 -0.171447 0 -0.393871 1.872670 186.761000 1933.170000 -13 394 1 0 1.000000
-0.888324 0.977340 0 -4.632640 -5.722430 202.905000 1933.300000 -13 395 1 0 1.000000
-2.412080 -1.073140 0 -2.975890 -0.191898 209.630000 1933.110000 -13 396 1 0 1.000000
-3.364540 1.048750 0 5.539320 -5.275100 186.874000 1933.170000 -13 397 1 0 1.000000
-1.958680 -4.735630 0 10.591800 -11.816400 196.856000 1933.260000 -13 398 1 0 1.000000
0.773670 -2.133840 0 0.828747 4.341450 199.870000 1933.100000 -13 399 1 0 1.000000
-0.471497 -3.374920 0 1.704300 4.843510 184.573000 1933.240000 -13 400 1 0 1.000000
-0.559466 -2.051670 0 6.164450 5.411830 196.652000 1933.130000 -13 401 1 0 1.000000
-0.551084 -0.810064 0 12.292200 -15.852700 195.612000 1933.100000 -13 402 1 0 1.000000
-1.160270 -1.773580 0 17.584200 -13.658600 189.581000 1933.300000 -13 403 1 0 1.000000
-2.424240 -2.800440 0 3.589630 19.077800 181.741000 1933.160000 -13 404 1 0 1.000000
-5.426230 -3.933230 0 -3.044190 4.240390 193.792000 1933.100000 -13 405 1 0 1.000000
3.205880 -2.472450 0 -9.494400 -4.805030 193.121000 1933.180000 -13 406 1 0 1.000000
-1.944560 -4.426610 0 15.188200 -11.713800 192.612000 1933.170000 -13 407 1 0 1.000000
-3.919310 1.027650 0 -2.299720 3.869940 198.230000 1933.260000 -13 408 1 0 1.000000
-2.173090 -2.918130 0 3.364330 5.614290 195.645000 1933.140000 -13 409 1 0 1.000000
-1.725240 -2.147010 0 -1.395120 4.820140 194.823000 1933.160000 -13 410 1 0 1.000000
-1.234750 1.208970 0 -2.281560 -0.620144 200.074000 1933.070000 -13 411 1 0 1.000000
-0.920784 -1.203610 0 8.033500 14.124100 206.558000 1933.080000 -13 412 1 0 1.000000
-0.789814 -3.010070 0 -7.634600 5.199270 201.991000 1933.110000 -13 413 1 0 1.000000
-1.068890 -3.249590 0 -3.392000 1.918730 190.919000 1933.180000 -13 414 1 0 1.000000
-0.950353 0.179145 0 4.692930 -1.450890 207.246000 1933.190000 -13 415 1 0 1.000000
-1.545450 1.556850 0 -4.702430 -2.649040 196.238000 1933.060000 -13 416 1 0 1.000000
0.625505 -2.587770 0 11.243000 12.023500 207.308000 1933.140000 -13 417 1 0 1.000000
-0.643544 -0.798006 0 -4.094340 -1.783890 180.474000 1933.080000 -13 418 1 0 1.000000
-0.802494 -0.512202 0 15.120500 15.331200 199.560000 1933.120000 -13 419 1 0 1.000000
-2.032690 -1.189400 0 5.476220 7.027390 189.037000 1933.240000 -13 420 1 0 1.000000
-2.056520 -1.835070 0 -2.091620 -14.179800 188.419000 1933.160000 -13 421 1 0 1.000000
-1.633510 -0.332668 0 -15.232500 16.818900 187.284000 1933.240000 -13 422 1 0 1.000000
-3.343540 -0.969883 0 -22.296500 1.405020 211.895000 1933.170000 -13 423 1 0 1.000000
0.021627 -2.812790 0 -4.272320 3.942080 190.134000 1933.340000 -13 424 1 0 1.000000
-3.427570 -1.353010 0 6.322270 -9.079780 207.410000 1933.140000 -13 425 1 0 1.000000
-2.110950 1.747130 0 -7.271960 -0.061668 209.391000 1933.320000 -13 426 1 0 1.000000
1.777920 -3.975480 0 7.052630 13.932900 191.698000 1933.160000 -13 427 1 0 1.000000
-1.914200 -3.504630 0 13.023300 -14.992400 182.909000 1933.150000 -13 428 1 0 1.000000
-2.965870 -3.967420 0 9.043960 1.031570 197.060000 1933.190000 -13 429 1 0 1.000000
0.655987 -0.580034 0 11.386600 2.248090 188.731000 1933.090000 -13 430 1 0 1.000000
-3.314660 -2.470960 0 10.506900 -16.071200 183.674000 1933.190000 -13 431 1 0 1.000000
-3.239250 0.379793 0 -13.297100 -7.626750 202.064000 1933.080000 -13 432 1 0 1.000000
0.341957 -4.626780 0 3.865080 16.984800 192.202000 1933.350000 -13 433 1 0 1.000000
-2.533850 -0.204993 0 -0.376825 -14.826900 192.562000 1933.210000 -13 434 1 0 1.000000
-0.275384 -0.433314 0 0.545732 5.331140 193.270000 1933.210000 -13 435 1 0 1.000000
-1.376870 -2.600030 0 6.414380 -18.024200 183.878000 1933.130000 -13 436 1 0 1.000000
-0.949704 0.012989 0 -3.606410 1.541720 204.504000 1933.080000 -13 437 1 0 1.000000
-2.901840 -0.130881 0 -2.004650 -6.851610 196.033000 1933.130000 -13 438 1 0 1.000000
-3.777990 -2.425230 0 -1.805970 -17.998300 192.610000 1933.110000 -13 439 1 0 1.000000
-1.924760 -1.427200 0 -0.831658 -9.584790 194.876000 1933.140000 -13 440 1 0 1.000000
-1.688360 -1.629810 0 1.098350 -9.112250 206.619000 1933.170000 -13 441 1 0 1.000000
0.760572 -1.068290 0 -1.292470 12.471900 182.128000 1933.110000 -13 442 1 0 1.000000
0.295677 -2.268070 0 -12.056700 3.440870 191.236000 1933.210000 -13 443 1 0 1.000000
-1.205930 0.599385 0 -8.029840 -2.842160 210.612000 1933.270000 -13 444 1 0 1.000000
-0.250583 -0.647723 0 -2.845210 1.539010 192.308000 1932.980000 -13 445 1 0 1.000000
-2.877560 1.258920 0 -3.542400 -16.063700 192.832000 1933.190000 -13 446 1 0 1.000000
-1.402600 -1.357030 0 -2.519030 8.496090 188.890000 1933.210000 -13 447 1 0 1.000000
-2.001230 -1.815910 0 -4.672520 5.343370 204.502000 1933.110000 -13 448 1 0 1.000000
-1.070400 -0.810903 0 -25.326900 -7.097720 204.762000 1933.210000 -13 449 1 0 1.000000
-2.966240 0.664419 0 -5.917940 -0.197457 196.745000 1933.080000 -13 450 1 0 1.000000
-2.838160 1.977360 0 -1.538030 -5.143410 192.131000 1933.130000 -13 451 1 0 1.000000
0.794978 -2.822780 0 4.502920 0.023867 202.937000 1933.140000 -13 452 1 0 1.000000
-1.700590 -2.781140 0 13.152700 -12.601400 190.753000 1933.250000 -13 453 1 0 1.000000
-1.860620 -0.476607 0 -4.382460 -14.526500 200.154000 1933.200000 -13 454 1 0 1.000000
-0.331672 -1.631150 0 5.177560 10.733300 196.800000 1933.300000 -13 455 1 0 1.000000
-0.086321 -1.600360 0 5.002910 -0.574369 193.167000 1933.190000 -13 456 1 0 1.000000
-0.609683 1.987710 0 19.877700 5.673000 201.576000 1933.190000 -13 457 1 0 1.000000
-1.530550 0.551113 0 14.392000 15.973000 193.874000 1933.180000 -13 458 1 0 1.000000
-0.691116 -1.351700 0 -7.861560 9.790280 191.556000 1933.430000 -13 459 1 0 1.000000
0.934453 -2.064360 0 -14.443600 16.532200 183.361000 1933.140000 -13 460 1 0 1.000000
0.618507 -3.144370 0 -2.400490 1.737530 202.399000 1933.190000 -13 461 1 0 1.000000
-0.056346 -1.987280 0 -4.098200 -1.197610 187.417000 1933.110000 -13 462 1 0 1.000000
-0.892885 0.652188 0 -2.381270 8.430100 199.247000 1933.120000 -13 463 1 0 1.000000
-0.875532 -1.459580 0 -12.942800 7.095380 193.871000 1933.190000 -13 464 1 0 1.000000
-2.273330 -0.480880 0 2.127400 -9.130700 190.491000 1933.160000 -13 465 1 0 1.000000
-2.796360 -3.019710 0 3.557360 3.747000 206.426000 1933.250000 -13 466 1 0 1.000000
-2.328200 0.610393 0 1.430920 -8.086010 186.802000 1933.200000 -13 467 1 0 1.000000
-1.072500 -1.868680 0 11.247100 14.068300 186.545000 1933.140000 -13 468 1 0 1.000000
-2.169090 -1.537510 0 -8.730210 -20.620500 191.042000 1933.120000 -13 469 1 0 1.000000
0.305234 -2.771230 0 5.542890 18.214500 184.374000 1933.070000 -13 470 1 0 1.000000
-0.751720 -3.497200 0 -7.235480 7.303070 195.344000 1933.140000 -13 471 1 0 1.000000
-1.129910 -2.275210 0 -13.296600 4.497640 191.923000 1933.250000 -13 472 1 0 1.000000
0.016066 -2.097370 0 -7.055750 -2.301740 206.545000 1933.130000 -13 473 1 0 1.000000
-0.678972 -1.876690 0 1.010740 8.094780 186.459000 1933.180000 -13 474 1 0 1.000000
-1.786100 -2.384090 0 -7.556620 2.627950 206.253000 1933.230000 -13 475 1 0 1.000000
-1.298340 -2.007920 0 -19.032500 -2.616480 203.182000 1933.140000 -13 476 1 0 1.000000
-0.661351 -2.716020 0 2.993870 9.446870 199.610000 1933.280000 -13 477 1 0 1.000000
-0.867455 -3.201750 0 -8.842190 8.476730 202.500000 1933.070000 -13 478 1 0 1.000000
-2.577390 0.357067 0 -2.250640 -14.141000 205.492000 1933.140000 -13 479 1 0 1.000000
-0.650924 -3.903700 0 -8.049890 -8.815350 200.641000 1933.410000 -13 480 1 0 1.000000
-1.234430 -1.870570 0 3.964090 -3.589640 195.089000 1933.110000 -13 481 1 0 1.000000
1.809120 -1.422860 0 -3.679050 -12.231800 204.222000 1933.250000 -13 482 1 0 1.000000
-2.227730 0.499558 0 -8.703020 -16.118800 197.648000 1933.310000 -13 483 1 0 1.000000
-0.068760 -2.271660 0 2.481700 7.929840 197.978000 1933.100000 -13 484 1 0 1.000000
-2.594830 2.548250 0 -8.191900 3.603240 196.323000 1933.180000 -13 485 1 0 1.000000
-0.880235 -2.603010 0 -3.866650 4.082530 201.013000 1933.140000 -13 486 1 0 1.000000
-1.078200 -2.442540 0 6.470510 -20.997000 185.336000 1933.220000 -13 487 1 0 1.000000
-2.338220 0.205970 0 6.397390 -5.319410 210.773000 1933.290000 -13 488 1 0 1.000000
0.915535 -2.537080 0 3.773780 -3.546440 180.210000 1933.180000 -13 489 1 0 1.000000
-1.480950 -1.410760 0 -8.463140 11.325800 192.148000 1933.120000 -13 490 1 0 1.000000
-1.488680 0.482060 0 -3.368150 25.548600 195.291000 1933.110000 -13 491 1 0 1.000000
-3.965040 -3.958430 0 -7.854380 12.587000 190.978000 1933.120000 -13 492 1 0 1.000000
-1.154740 -2.163920 0 -11.173200 -1.102470 184.998000 1932.960000 -13 493 1 0 1.000000
-0.522333 -4.614930 0 -26.146800 -17.063300 187.470000 1933.150000 -13 494 1 0 1.000000
-0.748707 -3.119250 0 5.129050 -3.097560 201.026000 1933.130000 -13 495 1 0 1.000000
1.831650 -2.065350 0 -0.679318 10.175600 201.217000 1933.140000 -13 496 1 0 1.000000
-3.374200 -4.168250 0 -4.111180 9.082680 199.218000 1933.230000 -13 497 1 0 1.000000
-4.158980 -2.860100 0 1.855770 -4.970880 205.195000 1933.170000 -13 498 1 0 1.000000
1.032320 -2.342980 0 7.218160 -5.436840 210.338000 1933.140000 -13 499 1 0 1.000000
1.680360 -1.139120 0 -3.569830 -19.041300 181.599000 1933.210000 -13 500 1 0 1.000000
-2.221310 -0.458620 0 1.551350 13.093900 206.500000 1933.190000 -13 501 1 0 1.000000
-0.064261 -2.815140 0 -5.754740 2.355690 209.701000 1933.220000 -13 502 1 0 1.000000
-1.689730 -2.233310 0 -7.050370 8.205770 187.028000 1933.170000 -13 503 1 0 1.000000
1.370150 0.790229 0 -5.369660 -12.226900 198.191000 1933.110000 -13 504 1 0 1.000000
-1.423650 -2.322280 0 2.050430 6.901930 204.448000 1933.220000 -13 505 1 0 1.000000
0.607215 2.365880 0 -23.008600 5.533670 198.636000 1933.130000 -13 506 1 0 1.000000
-1.724450 -2.558350 0 24.926900 -6.528510 206.344000 1933.230000 -13 507 1 0 1.000000
0.474417 -0.280442 0 -17.344400 8.783190 203.131000 1933.240000 -13 508 1 0 1.000000
-2.984570 -1.047600 0 3.613810 4.619660 197.590000 1933.320000 -13 509 1 0 1.000000
-0.246282 -2.462650 0 9.631300 2.294620 199.639000 1933.080000 -13 510 1 0 1.000000
-1.332190 -2.813530 0 -7.426070 14.437700 214.260000 1933.200000 -13 511 1 0 1.000000
-0.927011 -1.053540 0 0.988179 1.872000 188.136000 1933.210000 -13 512 1 0 1.000000
-0.996033 -1.355640 0 -22.067000 -4.646850 200.933000 1933.320000 -13 513 1 0 1.000000
-0.582218 -1.445730 0 -35.276900 8.652690 176.999000 1933.170000 -13 514 1 0 1.000000
0.898971 -1.019490 0 14.946600 -5.345500 193.485000 1933.170000 -13 515 1 0 1.000000
-1.711430 0.196567 0 17.202500 -5.920760 189.216000 1933.210000 -13 516 1 0 1.000000
-1.716990 -1.208150 0 7.830170 -5.713300 208.999000 1933.120000 -13 517 1 0 1.000000
-0.908220 0.209852 0 -18.187500 13.874200 194.270000 1933.060000 -13 518 1 0 1.000000
-1.423230 -0.936345 0 13.731000 -15.202800 207.020000 1933.200000 -13 519 1 0 1.000000
-3.211970 -0.661400 0 -2.868560 -13.481900 208.480000 1933.100000 -13 520 1 0 1.000000
0.500600 1.593380 0 -19.795300 -6.142500 196.656000 1933.280000 -13 521 1 0 1.000000
1.527160 -2.851860 0 -3.425380 6.430440 186.065000 1933.140000 -13 522 1 0 1.000000
-1.563440 -1.784900 0 -8.644650 2.361800 201.401000 1933.090000 -13 523 1 0 1.000000
-3.239560 -0.720199 0 1.679290 6.009600 203.197000 1933.010000 -13 524 1 0 1.000000
-0.534086 -1.731910 0 -7.162000 14.715700 204.377000 1933.090000 -13 525 1 0 1.000000
-1.781740 1.124890 0 -11.425800 9.083330 197.524000 1933.280000 -13 526 1 0 1.000000
-1.607150 -0.930183 0 -8.599590 10.032400 191.549000 1933.140000 -13 527 1 0 1.000000
-0.575765 -2.525280 0 11.143600 -3.592990 186.994000 1933.250000 -13 528 1 0 1.000000
-0.564037 -1.964390 0 -2.211230 -3.685700 178.958000 1933.240000 -13 529 1 0 1.000000
-2.112430 -1.695430 0 -7.474660 -18.998000 185.214000 1933.260000 -13 530 1 0 1.000000
-2.356260 -1.039000 0 -8.830060 4.616800 183.371000 1933.110000 -13 531 1 0 1.000000
-1.204750 -3.999110 0 4.850210 -8.393670 196.356000 1933.350000 -13 532 1 0 1.000000
1.155560 -4.128180 0 11.496200 3.982790 197.467000 1933.200000 -13 533 1 0 1.000000
-1.947760 -2.110170 0 -0.435387 -20.231200 212.731000 1933.300000 -13 534 1 0 1.000000
0.319327 0.614663 0 12.791300 23.814900 191.086000 1933.210000 -13 535 1 0 1.000000
-3.148890 0.248499 0 -3.615420 -10.796000 199.394000 1933.320000 -13 536 1 0 1.000000
-1.549570 -0.831635 0 10.605300 -12.369400 198.201000 1933.070000 -13 537 1 0 1.000000
-1.852860 0.156581 0 -18.254400 2.430680 188.862000 1933.170000 -13 538 1 0 1.000000
-1.368340 -0.071724 0 6.217100 -4.003090 190.866000 1933.140000 -13 539 1 0 1.000000
-1.265930 -0.980569 0 -11.074900 25.409900 202.492000 1933.210000 -13 540 1 0 1.000000
-2.075260 -3.879680 0 18.614900 0.512442 193.319000 1933.210000 -13 541 1 0 1.000000
-1.110850 -1.487880 0 15.541500 15.176000 211.616000 1933.320000 -13 542 1 0 1.000000
-1.349070 -1.815460 0 -5.409160 1.182800 186.813000 1933.150000 -13 543 1 0 1.000000
-0.748892 -1.717360 0 -4.673600 4.732820 191.730000 1933.210000 -13 544 1 0 1.000000
-0.403237 -2.951590 0 -12.762100 18.945100 187.836000 1933.280000 -13 545 1 0 1.000000
-0.780000 -0.670383 0 -10.863400 2.115020 193.902000 1933.120000 -13 546 1 0 1.000000
-0.257763 -2.134890 0 0.551186 4.439300 181.633000 1933.320000 -13 547 1 0 1.000000
-3.997930 -1.638500 0 -1.649760 -3.269380 199.379000 1933.070000 -13 548 1 0 1.000000
-3.763980 -4.554590 0 -1.843540 2.526610 193.126000 1933.100000 -13 549 1 0 1.000000
-2.379400 -1.145350 0 4.917400 -19.100600 182.558000 1933.170000 -13 550 1 0 1.000000
-1.339250 -1.376010 0 -10.930500 10.289400 202.622000 1933.320000 -13 551 1 0 1.000000
-1.431630 0.069048 0 0.346266 -5.580460 188.622000 1933.140000 -13 552 1 0 1.000000
-3.095010 -2.808460 0 2.342910 -8.766370 197.968000 1933.210000 -13 553 1 0 1.000000
-0.810719 0.456336 0 -5.418290 2.971800 202.548000 1933.210000 -13 554 1 0 1.000000
0.774721 -0.167631 0 -2.008100 12.029600 200.321000 1933.100000 -13 555 1 0 1.000000
0.255126 -0.172072 0 -5.977090 -11.489700 181.767000 1933.370000 -13 556 1 0 1.000000
-3.507050 -1.105720 0 10.155300 17.780000 208.629000 1933.160000 -13 557 1 0 1.000000
-1.675000 -1.871400 0 7.574800 5.468770 185.640000 1933.170000 -13 558 1 0 1.000000
-0.357651 -2.025750 0 2.744890 9.862300 205.196000 1933.260000 -13 559 1 0 1.000000
-0.950748 -3.095580 0 7.691740 -7.916240 198.873000 1933.290000 -13 560 1 0 1.000000
-2.530290 -0.864476 0 7.755620 10.667400 187.551000 1933.120000 -13 561 1 0 1.000000
-0.914688 -3.406540 0 15.401600 -8.056050 206.291000 1933.180000 -13 562 1 0 1.000000
-0.718789 -3.413750 0 -3.853170 -9.905980 197.784000 1933.240000 -13 563 1 0 1.000000
0.188321 -0.050649 0 0.844033 10.443200 206.017000 1933.190000 -13 564 1 0 1.000000
-1.239630 -1.170180 0 -3.261100 7.383760 201.939000 1933.270000 -13 565 1 0 1.000000
-1.002870 -3.337180 0 10.629700 7.218780 189.575000 1933.110000 -13 566 1 0 1.000000
-1.464330 -1.463100 0 0.660083 17.832800 198.805000 1933.110000 -13 567 1 0 1.000000
1.068960 -0.761304 0 5.970050 -6.284750 195.732000 1933.170000 -13 568 1 0 1.000000
-2.990520 -0.831183 0 5.236420 -9.637090 212.325000 1933.110000 -13 569 1 0 1.000000
-2.231140 -0.558131 0 -1.767380 -30.364000 213.807000 1933.220000 -13 570 1 0 1.000000
-1.941650 -3.246390 0 -10.107400 3.574880 204.928000 1933.140000 -13 571 1 0 1.000000
-0.429766 -5.230590 0 6.310740 -3.831040 190.948000 1933.290000 -13 572 1 0 1.000000
-2.235150 -1.317750 0 -7.112660 5.214540 185.943000 1933.130000 -13 573 1 0 1.000000
-1.007490 -1.826710 0 1.234190 -14.854900 196.300000 1933.120000 -13 574 1 0 1.000000
-3.273110 -1.433510 0 10.071500 -15.548000 198.737000 1933.250000 -13 575 1 0 1.000000
-2.044840 -4.205680 0 -2.662430 -23.455200 200.896000 1933.150000 -13 576 1 0 1.000000
-2.550110 -0.483972 0 7.444660 -14.866500 196.742000 1933.270000 -13 577 1 0 1.000000
0.016309 -3.488470 0 -5.372680 -5.511730 185.304000 1933.140000 -13 578 1 0 1.000000
-0.410622 -2.253110 0 -8.687560 15.891900 187.665000 1933.170000 -13 579 1 0 1.000000
-0.897872 -4.038000 0 3.870920 -3.456420 207.520000 1933.190000 -13 580 1 0 1.000000
-2.532950 0.609455 0 -5.615490 -6.275340 194.184000 1933.120000 -13 581 1 0 1.000000
1.327510 1.433860 0 7.212270 -5.492900 198.736000 1933.280000 -13 582 1 0 1.000000
-2.767670 0.905911 0 -4.064460 2.420350 213.061000 1933.230000 -13 583 1 0 1.000000
-0.251915 -3.407880 0 12.608300 2.417360 201.721000 1933.230000 -13 584 1 0 1.000000
-2.498150 -2.858590 0 -1.181510 -5.458470 194.712000 1933.310000 -13 585 1 0 1.000000
-1.446950 -1.447040 0 10.016500 -4.332720 201.691000 1933.160000 -13 586 1 0 1.000000
-2.333030 -0.091887 0 7.142790 3.592100 192.220000 1933.080000 -13 587 1 0 1.000000
-4.377790 -3.929390 0 0.780532 4.354860 195.370000 1933.100000 -13 588 1 0 1.000000
-0.069718 -3.019450 0 12.532700 19.304900 203.958000 1933.130000 -13 589 1 0 1.000000
-1.261690 -0.054535 0 3.673680 -19.079200 196.906000 1933.250000 -13 590 1 0 1.000000
-1.672370 -3.834060 0 -13.133000 16.217900 202.325000 1933.200000 -13 591 1 0 1.000000
-1.136450 0.368662 0 5.443070 -2.811330 199.847000 1933.200000 -13 592 1 0 1.000000
-0.843459 0.437489 0 -13.738600 -4.685210 204.637000 1933.260000 -13 593 1 0 1.000000
-1.432160 -6.346610 0 8.234390 7.032350 205.818000 1933.260000 -13 594 1 0 1.000000
-0.137352 -3.449640 0 -0.202971 5.643580 205.691000 1933.300000 -13 595 1 0 1.000000
-1.596710 -3.779810 0 0.079391 -7.529560 193.618000 1933.210000 -13 596 1 0 1.000000
0.570028 1.761300 0 -8.049140 12.248800 188.430000 1933.130000 -13 597 1 0 1.000000
-0.377147 -2.117970 0 2.519920 2.104080 183.722000 1933.040000 -13 598 1 0 1.000000
0.428282 -1.401420 0 -0.103359 9.447040 201.123000 1933.130000 -13 599 1 0 1.000000
-4.650740 -2.200370 0 3.874360 -18.765900 194.924000 1933.110000 -13 600 1 0 1.000000
-3.170020 -0.363409 0 -15.315100 13.672000 192.326000 1933.110000 -13 601 1 0 1.000000
-0.688390 1.795640 0 -5.154230 -7.174000 193.833000 1933.090000 -13 602 1 0 1.000000
-1.225480 0.027780 0 17.735700 -7.793500 205.877000 1933.180000 -13 603 1 0 1.000000
-1.825170 -1.627940 0 -0.842256 2.298430 205.532000 1933.090000 -13 604 1 0 1.000000
-3.082500 -3.371880 0 -8.975660 0.622734 203.578000 1933.110000 -13 605 1 0 1.000000
-0.843029 -1.273000 0 -4.315060 -14.929000 183.320000 1933.200000 -13 606 1 0 1.000000
-1.902190 -2.928540 0 6.029340 -5.283870 186.352000 1933.280000 -13 607 1 0 1.000000
-2.098440 -1.633940 0 9.533770 -15.067200 209.338000 1933.190000 -13 608 1 0 1.000000
-2.134850 -1.914960 0 13.932900 -7.737950 185.781000 1933.140000 -13 609 1 0 1.000000
-1.259960 -0.621731 0 27.096000 -2.202520 190.478000 1933.050000 -13 610 1 0 1.000000
-1.777510 0.579112 0 -17.902700 -2.902210 190.896000 1933.280000 -13 611 1 0 1.000000
-0.517695 -1.687180 0 12.656800 -5.239090 188.395000 1933.300000 -13 612 1 0 1.000000
-2.529640 -3.713020 0 6.694100 1.420010 191.302000 1933.270000 -13 613 1 0 1.000000
-1.025670 -0.761504 0 -5.201280 11.689500 200.869000 1933.220000 -13 614 1 0 1.000000
-3.132650 -3.761610 0 0.635457 -8.921190 194.657000 1933.160000 -13 615 1 0 1.000000
-1.745250 -1.089670 0 1.406520 5.014160 196.113000 1933.100000 -13 616 1 0 1.000000
-2.971650 -3.424900 0 -3.584430 9.252670 198.797000 1933.080000 -13 617 1 0 1.000000
0.071977 -2.200910 0 9.787090 -6.213710 207.150000 1933.260000 -13 618 1 0 1.000000
-0.202594 -2.182310 0 -0.431413 2.554980 184.322000 1933.180000 -13 619 1 0 1.000000
-2.231420 -3.408180 0 10.116100 -9.524930 188.374000 1933.200000 -13 620 1 0 1.000000
-2.933330 -1.060720 0 -25.223100 -2.226400 198.462000 1933.120000 -13 621 1 0 1.000000
-1.049630 -0.015134 0 -4.705330 1.485160 200.375000 1933.170000 -13 622 1 0 1.000000
-0.755972 -0.889016 0 -3.073340 12.738500 188.060000 1933.170000 -13 623 1 0 1.000000
2.108850 -2.653760 0 -14.064300 3.737820 203.117000 1933.110000 -13 624 1 0 1.000000
0.503600 -3.790440 0 19.527400 15.082000 191.126000 1933.150000 -13 625 1 0 1.000000
-0.118000 -2.558200 0 0.719977 -3.949460 201.111000 1933.330000 -13 626 1 0 1.000000
-1.512920 -2.839910 0 -1.208050 3.865950 198.898000 1933.100000 -13 627 1 0 1.000000
-0.900185 -2.226280 0 -11.991300 5.145830 211.215000 1933.270000 -13 628 1 0 1.000000
-1.806460 -0.834959 0 5.867490 5.690340 185.824000 1933.160000 -13 629 1 0 1.000000
-1.570730 -1.885440 0 -1.937440 -13.499800 208.600000 1933.210000 -13 630 1 0 1.000000
-2.522670 -2.813950 0 12.034400 -17.499200 190.894000 1933.380000 -13 631 1 0 1.000000
-0.774332 -1.759730 0 -1.596510 -13.991200 197.628000 1933.230000 -13 632 1 0 1.000000
1.075620 -0.035698 0 10.409800 11.665100 196.196000 1933.170000 -13 633 1 0 1.000000
-2.361720 -3.354630 0 7.807170 -21.689200 203.287000 1933.190000 -13 634 1 0 1.000000
0.034752 -1.706000 0 7.062800 -4.852490 188.720000 1933.150000 -13 635 1 0 1.000000
-0.397530 -2.348500 0 7.305800 -8.223580 204.965000 1933.160000 -13 636 1 0 1.000000
-0.991346 -0.195805 0 -7.731780 8.940370 199.000000 1933.080000 -13 637 1 0 1.000000
-1.273400 -1.375790 0 3.779230 -0.932303 198.592000 1933.110000 -13 638 1 0 1.000000
-3.750140 -1.615450 0 -3.035890 -17.706300 200.266000 1933.170000 -13 639 1 0 1.000000
-1.576060 0.032025 0 -7.095460 1.365920 179.977000 1933.120000 -13 640 1 0 1.000000
-4.207230 -0.609686 0 5.559610 -18.011200 207.333000 1933.290000 -13 641 1 0 1.000000
-0.877736 1.097530 0 -0.427569 -11.618800 190.214000 1933.130000 -13 642 1 0 1.000000
1.161130 -1.511130 0 -2.710280 16.956100 191.260000 1933.240000 -13 643 1 0 1.000000
-1.306550 0.280522 0 4.713930 -10.927900 197.127000 1933.130000 -13 644 1 0 1.000000
2.017630 -1.305110 0 -0.956784 24.196100 190.425000 1933.070000 -13 645 1 0 1.000000
-1.094090 -0.339708 0 -9.837940 15.171300 199.522000 1933.090000 -13 646 1 0 1.000000
-1.992310 -2.223620 0 9.267750 3.727260 186.224000 1933.160000 -13 647 1 0 1.000000
-2.263410 -2.264720 0 5.736380 -18.102600 185.761000 1933.150000 -13 648 1 0 1.000000
-1.108250 -1.488790 0 14.113300 -10.953800 196.376000 1933.120000 -13 649 1 0 1.000000
0.016876 -3.916230 0 -2.354130 -3.125480 191.417000 1933.150000 -13 650 1 0 1.000000
-0.716406 -0.993001 0 -4.406750 -11.974200 201.163000 1933.140000 -13 651 1 0 1.000000
-1.711930 -0.328785 0 16.381300 -15.193600 210.537000 1933.210000 -13 652 1 0 1.000000
0.443770 -2.748920 0 17.135100 17.194100 191.516000 1933.200000 -13 653 1 0 1.000000
-1.001970 -2.509720 0 9.391740 -9.516730 186.285000 1933.180000 -13 654 1 0 1.000000
-3.647550 -2.353520 0 -5.384300 3.055480 208.416000 1933.220000 -13 655 1 0 1.000000
-1.938490 -2.923760 0 -12.518000 11.016300 199.911000 1933.150000 -13 656 1 0 1.000000
-2.824080 -1.369960 0 -2.142100 -19.309800 191.096000 1933.150000 -13 657 1 0 1.000000
-0.728369 -1.958640 0 -21.622200 9.296730 209.709000 1933.210000 -13 658 1 0 1.000000
-1.449580 -1.139820 0 -8.810130 1.237010 193.248000 1933.360000 -13 659 1 0 1.000000
-1.882500 -2.095470 0 -17.375100 3.561050 190.369000 1933.360000 -13 660 1 0 1.000000
0.017104 -1.765710 0 13.229000 9.301160 186.444000 1933.270000 -13 661 1 0 1.000000
-2.702990 -2.454530 0 -8.913290 5.770370 189.290000 1933.170000 -13 662 1 0 1.000000
0.180232 -3.010690 0 3.993970 8.718070 196.224000 1933.250000 -13 663 1 0 1.000000
-0.656830 -2.428260 0 20.133700 -5.577260 204.023000 1933.140000 -13 664 1 0 1.000000
-3.236680 -0.704725 0 -1.150830 -6.275450 207.000000 1933.200000 -13 665 1 0 1.000000
-0.929739 -4.096040 0 3.911870 -3.975170 204.804000 1933.160000 -13 666 1 0 1.000000
-0.462189 -2.279020 0 5.265060 -4.981660 184.458000 1933.140000 -13 667 1 0 1.000000
-2.835670 -4.275320 0 6.146880 -9.846340 192.774000 1933.130000 -13 668 1 0 1.000000
-2.653290 -1.187480 0 -12.202400 -11.245000 191.503000 1933.040000 -13 669 1 0 1.000000
1.153090 -1.541410 0 -3.818820 1.840980 192.566000 1933.130000 -13 670 1 0 1.000000
1.761420 -1.817980 0 3.893260 9.922640 198.296000 1933.110000 -13 671 1 0 1.000000
0.311275 -2.574350 0 -8.785470 20.325200 189.362000 1933.250000 -13 672 1 0 1.000000
-2.063810 -2.495050 0 0.184020 -11.979300 203.204000 1933.260000 -13 673 1 0 1.000000
-2.585360 -2.030640 0 -0.049931 -13.563500 199.241000 1933.180000 -13 674 1 0 1.000000
-2.652630 1.832990 0 5.698580 -0.224156 192.082000 1933.060000 -13 675 1 0 1.000000
-1.218010 -2.299890 0 -4.435810 10.136300 200.858000 1933.280000 -13 676 1 0 1.000000
-0.672771 -0.359040 0 -18.331200 -9.994470 188.013000 1933.270000 -13 677 1 0 1.000000
-3.703060 -1.680070 0 -1.298290 -1.375970 207.766000 1933.100000 -13 678 1 0 1.000000
-1.788670 -2.275270 0 0.500708 11.690000 204.157000 1933.330000 -13 679 1 0 1.000000
-1.972670 0.398310 0 -6.612390 11.457000 212.351000 1933.220000 -13 680 1 0 1.000000
-1.748220 0.404138 0 -6.694540 -3.515740 204.209000 1933.150000 -13 681 1 0 1.000000
-2.174660 -6.182530 0 8.362570 6.059770 201.300000 1933.170000 -13 682 1 0 1.000000
0.350874 -1.195170 0 -13.407900 4.500210 183.970000 1933.180000 -13 683 1 0 1.000000
-0.066262 -1.446240 0 -2.644960 -2.706270 191.248000 1933.100000 -13 684 1 0 1.000000
-3.086510 0.908482 0 -13.949300 9.208560 201.116000 1933.160000 -13 685 1 0 1.000000
2.774640 0.244409 0 -8.376840 3.890980 199.585000 1933.290000 -13 686 1 0 1.000000
-1.354780 -1.102850 0 -11.576600 19.831900 203.997000 1933.190000 -13 687 1 0 1.000000
-4.081700 -0.542385 0 6.235040 18.261400 195.589000 1933.260000 -13 688 1 0 1.000000
-2.282150 -4.829050 0 -8.359700 -6.020180 190.577000 1933.120000 -13 689 1 0 1.000000
-1.029970 -3.148930 0 -2.993150 0.885250 194.295000 1933.140000 -13 690 1 0 1.000000
-3.798440 0.730690 0 -11.710300 -0.036675 215.737000 1933.190000 -13 691 1 0 1.000000
0.960451 -2.023580 0 5.114880 6.696890 191.913000 1933.280000 -13 692 1 0 1.000000
2.277430 -0.587387 0 -8.719970 7.341120 205.981000 1933.180000 -13 693 1 0 1.000000
0.424778 -2.572450 0 5.146360 2.683290 182.676000 1933.050000 -13 694 1 0 1.000000
-1.723930 -3.920950 0 -0.036940 -1.464340 189.598000 1933.070000 -13 695 1 0 1.000000
-1.685580 -1.122720 0 18.035000 -14.666500 187.741000 1933.280000 -13 696 1 0 1.000000
-1.174960 2.055230 0 -21.311100 0.932840 196.845000 1933.310000 -13 697 1 0 1.000000
-1.161110 -3.196470 0 -8.159050 -5.410160 187.165000 1933.220000 -13 698 1 0 1.000000
-2.560680 0.617102 0 -4.449590 -10.490400 205.563000 1933.200000 -13 699 1 0 1.000000
-1.160610 0.057042 0 11.671300 17.256500 209.045000 1933.120000 -13 700 1 0 1.000000
-1.173570 -0.843842 0 0.392005 0.520429 186.839000 1933.220000 -13 701 1 0 1.000000
-0.645750 -1.652110 0 23.131400 11.233100 201.875000 1933.140000 -13 702 1 0 1.000000
-4.247240 -3.132250 0 -1.689130 -16.275000 181.225000 1933.150000 -13 703 1 0 1.000000
-0.748058 -2.416140 0 7.064100 -16.546300 187.415000 1933.180000 -13 704 1 0 1.000000
-1.539990 -1.646020 0 7.882330 -7.800590 204.563000 1933.220000 -13 705 1 0 1.000000
0.224261 -2.159870 0 -8.930510 -13.485000 193.178000 1933.180000 -13 706 1 0 1.000000
-2.683040 -3.941480 0 -1.958230 -5.353500 198.453000 1933.110000 -13 707 1 0 1.000000
-2.690910 -1.318180 0 -17.995200 4.247740 209.720000 1933.170000 -13 708 1 0 1.000000
-3.902540 -3.267200 0 1.943420 -3.577620 202.757000 1933.130000 -13 709 1 0 1.000000
-2.466230 -2.746220 0 -2.415500 23.666900 195.725000 1933.270000 -13 710 1 0 1.000000
-0.845659 0.770672 0 7.696160 -10.729700 190.006000 1933.220000 -13 711 1 0 1.000000
-1.858770 -3.160860 0 10.248800 3.566810 193.547000 1933.190000 -13 712 1 0 1.000000
-1.350340 -1.620280 0 22.297800 -8.402740 206.669000 1933.170000 -13 713 1 0 1.000000
-1.683600 -1.866840 0 -0.758703 6.304840 187.212000 1933.230000 -13 714 1 0 1.000000
1.590500 -0.131908 0 6.399920 14.163500 193.120000 1933.170000 -13 715 1 0 1.000000
-1.583570 0.913184 0 -13.529700 -16.650200 197.113000 1933.190000 -13 716 1 0 1.000000
0.332296 -2.185660 0 -2.768410 -4.680930 197.187000 1933.240000 -13 717 1 0 1.000000
-1.156160 -3.102800 0 -7.993190 5.193850 192.070000 1933.400000 -13 718 1 0 1.000000
-4.252800 -4.111400 0 6.363190 -6.252960 204.688000 1933.170000 -13 719 1 0 1.000000
-2.085850 1.591720 0 -10.401100 -9.636090 195.093000 1933.110000 -13 720 1 0 1.000000
-2.883150 -0.743209 0 1.991750 2.743470 191.896000 1933.140000 -13 721 1 0 1.000000
0.449546 -0.157264 0 -2.056100 16.576800 188.798000 1933.230000 -13 722 1 0 1.000000
-1.305120 -0.251164 0 -5.437660 0.203540 188.058000 1933.130000 -13 723 1 0 1.000000
-2.204530 0.370996 0 -8.587790 7.913090 194.344000 1933.070000 -13 724 1 0 1.000000
-4.230880 -2.729370 0 6.586430 -6.641970 197.237000 1933.010000 -13 725 1 0 1.000000
0.387094 -3.740890 0 5.352660 9.117240 205.461000 1933.270000 -13 726 1 0 1.000000
-0.931551 -1.868090 0 -8.880970 10.683000 195.657000 1933.180000 -13 727 1 0 1.000000
0.367447 -2.399530 0 1.326730 -8.060010 202.783000 1933.150000 -13 728 1 0 1.000000
-0.184619 1.804900 0 -5.629760 10.642000 190.741000 1933.120000 -13 729 1 0 1.000000
0.357818 -2.010340 0 11.378400 -8.596700 197.299000 1933.110000 -13 730 1 0 1.000000
-1.968850 -2.035680 0 10.549100 3.327050 201.540000 1933.170000 -13 731 1 0 1.000000
1.383480 -1.497920 0 4.788580 14.330000 193.014000 1933.100000 -13 732 1 0 1.000000
-3.306410 -3.194360 0 9.887710 -13.754200 190.992000 1933.250000 -13 733 1 0 1.000000
-1.088820 -1.271330 0 2.186460 -12.579800 187.478000 1933.240000 -13 734 1 0 1.000000
-0.596105 -0.043798 0 8.313820 -0.116961 191.046000 1933.150000 -13 735 1 0 1.000000
-0.027833 -0.519099 0 -9.612140 14.588600 191.256000 1933.080000 -13 736 1 0 1.000000
-1.952250 -1.312120 0 -4.409160 -7.497810 202.130000 1933.090000 -13 737 1 0 1.000000
-2.818330 -0.084705 0 -6.511520 -8.048090 200.521000 1933.080000 -13 738 1 0 1.000000
0.561428 -2.083880 0 -10.946500 -18.377900 179.383000 1933.160000 -13 739 1 0 1.000000
1.038060 -2.326460 0 -4.129520 2.954810 205.473000 1933.040000 -13 740 1 0 1.000000
-0.826421 0.144106 0 -1.753450 4.958930 184.389000 1933.080000 -13 741 1 0 1.000000
-0.655013 -2.058160 0 -13.016500 7.861270 193.742000 1933.170000 -13 742 1 0 1.000000
-1.109980 -0.781054 0 6.401760 7.208170 199.120000 1933.210000 -13 743 1 0 1.000000
0.046187 -3.317850 0 -9.857170 16.275000 201.527000 1933.170000 -13 744 1 0 1.000000
-1.931100 -3.030110 0 -7.361560 2.587600 192.763000 1933.120000 -13 745 1 0 1.000000
-5.085440 0.034015 0 2.086970 10.373600 209.183000 1933.150000 -13 746 1 0 1.000000
0.340177 -2.661870 0 2.182580 -3.026450 194.164000 1933.170000 -13 747 1 0 1.000000
-1.090640 -0.341644 0 13.274700 6.374170 196.627000 1933.160000 -13 748 1 0 1.000000
0.822319 -2.661240 0 18.807500 -0.854163 194.991000 1933.140000 -13 749 1 0 1.000000
2.001020 -2.464630 0 13.077600 17.211400 185.817000 1933.180000 -13 750 1 0 1.000000
-2.020410 -1.105090 0 -2.060130 -4.121390 188.399000 1933.060000 -13 751 1 0 1.000000
-1.643660 -4.704420 0 19.301200 -21.738100 208.232000 1933.280000 -13 752 1 0 1.000000
-2.400410 0.069360 0 -5.128070 -7.839510 187.234000 1933.270000 -13 753 1 0 1.000000
-3.243150 -0.774680 0 3.530830 9.963530 186.899000 1933.180000 -13 754 1 0 1.000000
0.185828 -0.738922 0 7.002450 3.107500 203.791000 1933.080000 -13 755 1 0 1.000000
-2.291370 -2.995230 0 1.316040 10.775800 202.621000 1933.110000 -13 756 1 0 1.000000
-0.206236 0.562965 0 -10.763800 3.762610 190.637000 1933.100000 -13 757 1 0 1.000000
0.023204 -1.483110 0 -13.117300 -13.402100 207.269000 1933.250000 -13 758 1 0 1.000000
0.492412 -1.951480 0 -4.898430 0.493455 192.016000 1933.100000 -13 759 1 0 1.000000
-1.086410 -4.071720 0 -6.733670 -1.794350 192.731000 1933.090000 -13 760 1 0 1.000000
0.288574 -1.682480 0 -5.385610 -7.851390 193.429000 1933.230000 -13 761 1 0 1.000000
0.727494 -2.726090 0 -4.348870 8.859380 183.639000 1933.110000 -13 762 1 0 1.000000
0.739084 -3.900220 0 6.925300 -18.285900 185.110000 1933.140000 -13 763 1 0 1.000000
0.719474 -2.006020 0 -13.825600 27.084500 185.540000 1933.210000 -13 764 1 0 1.000000
-2.258190 -0.400021 0 -3.931650 2.157110 202.819000 1933.200000 -13 765 1 0 1.000000
-1.339430 0.041149 0 -4.441740 -5.974160 176.264000 1933.160000 -13 766 1 0 1.000000
-1.915100 -3.406870 0 12.716700 22.945600 199.195000 1933.060000 -13 767 1 0 1.000000
-1.729130 -3.164190 0 7.824930 13.673700 197.409000 1933.110000 -13 768 1 0 1.000000
-3.644430 -2.610800 0 -16.981100 2.126630 188.996000 1932.950000 -13 769 1 0 1.000000
1.258160 0.855256 0 4.338220 -18.306100 196.659000 1933.200000 -13 770 1 0 1.000000
-1.624850 -2.102210 0 0.904470 -4.341420 189.119000 1933.120000 -13 771 1 0 1.000000
-2.010720 0.443567 0 -13.629000 -7.738750 206.407000 1933.300000 -13 772 1 0 1.000000
-2.088210 -2.550650 0 11.736700 -0.693820 197.745000 1933.330000 -13 773 1 0 1.000000
0.253405 -3.831570 0 -11.193700 -10.284200 205.305000 1933.130000 -13 774 1 0 1.000000
-1.343810 -1.207230 0 7.204120 14.063000 200.449000 1933.320000 -13 775 1 0 1.000000
-2.536820 -0.272912 0 -3.105240 5.438980 204.852000 1933.170000 -13 776 1 0 1.000000
1.364880 -0.987726 0 4.267650 4.715720 201.372000 1933.180000 -13 777 1 0 1.000000
1.070430 -4.776300 0 13.798200 -0.696621 189.387000 1933.120000 -13 778 1 0 1.000000
-0.248398 -0.639282 0 3.447790 -13.605700 202.395000 1933.250000 -13 779 1 0 1.000000
-1.365300 -4.043190 0 2.225290 22.877800 218.653000 1933.140000 -13 780 1 0 1.000000
-4.018200 0.002810 0 -10.267000 9.448330 206.425000 1933.120000 -13 781 1 0 1.000000
-0.931026 -2.186320 0 11.703400 -8.393380 186.197000 1933.190000 -13 782 1 0 1.000000
1.710960 -2.977140 0 -5.167310 17.030000 194.773000 1933.150000 -13 783 1 0 1.000000
-0.377393 -0.466939 0 -7.414840 25.917500 207.001000 1933.360000 -13 784 1 0 1.000000
-1.853510 0.345313 0 -8.024540 2.829120 207.637000 1933.290000 -13 785 1 0 1.000000
-1.454720 0.079490 0 8.740090 -24.320200 202.687000 1933.190000 -13 786 1 0 1.000000
0.091885 -2.497360 0 11.978100 20.242000 202.672000 1933.090000 -13 787 1 0 1.000000
-1.717500 -2.053510 0 2.946400 4.933580 211.155000 1933.320000 -13 788 1 0 1.000000
0.120095 1.012370 0 -15.438400 -3.290630 198.384000 1933.240000 -13 789 1 0 1.000000
-0.809254 0.609909 0 7.245060 -1.299000 214.157000 1933.220000 -13 790 1 0 1.000000
-1.276130 0.620027 0 -0.605791 -2.501230 202.545000 1933.090000 -13 791 1 0 1.000000
-4.472560 -2.453520 0 -0.909298 -5.998150 188.487000 1933.280000 -13 792 1 0 1.000000
-0.716099 0.051301 0 -14.888400 -13.084500 214.311000 1933.210000 -13 793 1 0 1.000000
-0.253891 1.612760 0 -9.789710 2.163690 191.706000 1933.200000 -13 794 1 0 1.000000
-4.012210 -2.415300 0 -6.993230 -1.259190 206.378000 1933.100000 -13 795 1 0 1.000000
0.069543 -0.846530 0 -15.353900 2.507960 204.744000 1933.250000 -13 796 1 0 1.000000
0.078930 -2.444780 0 16.823900 4.746190 173.429000 1933.240000 -13 797 1 0 1.000000
-0.794579 -2.294300 0 -5.235220 8.528770 203.464000 1933.090000 -13 798 1 0 1.000000
-2.338400 -2.926540 0 -22.854100 -4.842780 177.398000 1933.060000 -13 799 1 0 1.000000
1.122420 -2.459290 0 -9.424040 -15.591800 196.682000 1933.020000 -13 800 1 0 1.000000
-2.739290 1.999460 0 -5.626520 -2.037010 208.779000 1933.240000 -13 801 1 0 1.000000
-0.833033 -1.020670 0 -13.721900 -8.443440 195.087000 1930.350000 -13 802 1 0 1.000000
-1.373900 -4.030560 0 -4.102470 -1.058850 195.327000 1930.530000 -13 803 1 0 1.000000
0.621387 -1.433710 0 -10.372200 -16.434900 213.024000 1930.320000 -13 804 1 0 1.000000
-2.671740 -3.184530 0 9.862080 -10.431300 195.794000 1933.100000 -13 805 1 0 1.000000
-0.586823 -1.449960 0 2.722630 -15.538600 196.693000 1933.120000 -13 806 1 0 1.000000
-3.264250 -3.516270 0 -10.937700 1.860130 201.704000 1933.210000 -13 807 1 0 1.000000
-0.091321 -3.488920 0 0.341662 -6.163290 205.094000 1933.120000 -13 808 1 0 1.000000
-1.977290 -2.778570 0 17.198900 6.890520 185.888000 1933.140000 -13 809 1 0 1.000000
0.499899 -1.335990 0 -7.559300 22.931500 187.272000 1933.150000 -13 810 1 0 1.000000
-4.690560 -4.672880 0 -12.325400 9.597360 203.566000 1933.310000 -13 811 1 0 1.000000
-1.142390 -3.525380 0 7.684780 7.686930 186.867000 1933.160000 -13 812 1 0 1.000000
-2.851540 -1.464710 0 8.717030 11.268100 199.037000 1933.160000 -13 813 1 0 1.000000
1.224290 -1.133510 0 -5.496670 12.580200 188.210000 1933.190000 -13 814 1 0 1.000000
-0.073660 -1.540750 0 19.638500 -2.504350 190.764000 1933.200000 -13 815 1 0 1.000000
-1.626600 -4.102940 0 18.460500 1.629910 209.351000 1933.130000 -13 816 1 0 1.000000
-0.811365 -4.022060 0 15.425400 -3.154980 191.658000 1933.150000 -13 817 1 0 1.000000
-4.341610 -0.788731 0 -0.535505 12.160800 196.723000 1933.340000 -13 818 1 0 1.000000
-4.100590 -0.574447 0 8.851410 21.221100 193.993000 1932.950000 -13 819 1 0 1.000000
-1.867150 -2.204550 0 14.690600 5.623640 202.976000 1933.060000 -13 820 1 0 1.000000
-3.076400 -1.706840 0 14.930000 19.408300 208.210000 1933.150000 -13 821 1 0 1.000000
-2.669190 -4.427790 0 -1.608620 4.421380 197.736000 1933.050000 -13 822 1 0 1.000000
-1.919730 -0.993537 0 2.129190 -11.782400 209.722000 1933.160000 -13 823 1 0 1.000000
-1.384830 -2.329540 0 18.970900 -8.705810 192.018000 1933.070000 -13 824 1 0 1.000000
-2.023130 -3.662840 0 -7.761220 -3.255460 203.759000 1933.160000 -13 825 1 0 1.000000
-1.309300 -1.184300 0 4.320410 -8.975070 196.102000 1933.070000 -13 826 1 0 1.000000
-0.457119 0.823291 0 8.598470 7.303760 196.797000 1933.120000 -13 827 1 0 1.000000
-2.661190 -0.246209 0 -4.300470 -12.509400 189.613000 1933.210000 -13 828 1 0 1.000000
-0.349884 -0.080877 0 13.608000 -0.406429 195.057000 1933.210000 -13 829 1 0 1.000000
-2.074560 0.497826 0 -4.960160 -2.337810 196.323000 1933.140000 -13 830 1 0 1.000000
-1.976360 -4.074100 0 6.347900 22.216300 200.075000 1933.160000 -13 831 1 0 1.000000
-1.333240 -3.472800 0 -5.573190 -3.746880 210.979000 1933.120000 -13 832 1 0 1.000000
-1.442180 -0.236464 0 -4.792610 3.265030 203.353000 1933.250000 -13 833 1 0 1.000000
-0.404786 -4.037740 0 -3.198000 -4.860300 206.909000 1933.170000 -13 834 1 0 1.000000
-2.306430 -0.653305 0 -2.194810 4.932460 197.184000 1933.030000 -13 835 1 0 1.000000
-1.533220 -0.257831 0 -9.048770 9.260190 185.387000 1933.180000 -13 836 1 0 1.000000
-4.240610 -5.151460 0 -14.575800 15.290500 196.396000 1933.180000 -13 837 1 0 1.000000
-2.599390 -1.424040 0 -2.648750 2.051140 188.221000 1933.220000 -13 838 1 0 1.000000
-2.837660 -2.121540 0 -6.011000 -12.789200 210.473000 1933.140000 -13 839 1 0 1.000000
-1.771060 -3.843600 0 24.016600 -6.705020 203.763000 1933.200000 -13 840 1 0 1.000000
-4.415530 0.466011 0 -14.051200 -8.635470 205.667000 1933.280000 -13 841 1 0 1.000000
-0.938196 -0.038500 0 -4.813660 -0.313512 208.843000 1933.220000 -13 842 1 0 1.000000
-2.716600 -0.157411 0 -4.599700 11.261300 194.139000 1933.060000 -13 843 1 0 1.000000
-1.065380 -1.706220 0 5.340310 2.447710 194.324000 1933.130000 -13 844 1 0 1.000000
-1.458770 -4.235220 0 6.168800 -9.536820 198.238000 1933.210000 -13 845 1 0 1.000000
-1.018480 -5.004630 0 5.094020 11.170400 195.001000 1933.160000 -13 846 1 0 1.000000
0.588264 -1.450740 0 -10.671300 8.933370 201.031000 1933.230000 -13 847 1 0 1.000000
-0.874484 -2.914300 0 7.793590 -20.675500 205.117000 1933.190000 -13 848 1 0 1.000000
-2.896990 -2.775360 0 5.015080 -17.617300 193.563000 1933.150000 -13 849 1 0 1.000000
-0.410131 -2.450220 0 6.389600 -4.494230 201.081000 1933.160000 -13 850 1 0 1.000000
0.121516 -2.373850 0 -1.063960 15.025100 194.588000 1933.200000 -13 851 1 0 1.000000
-1.663950 0.772324 0 -13.121300 5.636250 208.259000 1933.210000 -13 852 1 0 1.000000
-1.212700 -2.944080 0 12.105900 4.667970 195.633000 1933.080000 -13 853 1 0 1.000000
-0.884102 -2.913110 0 5.687690 -11.436500 191.299000 1933.040000 -13 854 1 0 1.000000
-1.868160 -4.143140 0 1.473730 5.318160 191.304000 1933.190000 -13 855 1 0 1.000000
-1.240130 -4.953020 0 7.353430 4.500250 197.174000 1933.250000 -13 856 1 0 1.000000
-3.422050 -3.469610 0 3.852450 15.791400 191.844000 1933.200000 -13 857 1 0 1.000000
-4.425710 -1.690760 0 1.039770 7.040820 204.031000 1933.170000 -13 858 1 0 1.000000
-2.349550 0.611379 0 -12.522600 0.697034 212.824000 1933.110000 -13 859 1 0 1.000000
-0.280130 -2.568310 0 0.492510 8.132960 208.150000 1933.240000 -13 860 1 0 1.000000
-1.129260 -1.334720 0 -6.732830 21.271800 212.741000 1933.290000 -13 861 1 0 1.000000
-1.072570 -0.043444 0 -4.407290 8.207640 189.985000 1933.170000 -13 862 1 0 1.000000
0.590586 -1.282910 0 4.382430 -3.212160 196.090000 1933.070000 -13 863 1 0 1.000000
-2.784800 -3.927090 0 8.769130 -11.076000 194.991000 1933.180000 -13 864 1 0 1.000000
-1.750420 -2.839890 0 -5.374880 16.255800 193.413000 1933.200000 -13 865 1 0 1.000000
-1.887550 -1.494400 0 8.650960 10.088800 180.924000 1933.240000 -13 866 1 0 1.000000
-1.012980 -2.391350 0 -1.186910 -6.256910 199.834000 1933.090000 -13 867 1 0 1.000000
-1.348040 -2.359070 0 5.320880 -5.815310 188.765000 1933.340000 -13 868 1 0 1.000000
1.871970 -1.714340 0 13.328800 16.176300 183.374000 1933.200000 -13 869 1 0 1.000000
-1.666690 -2.177270 0 -14.426900 13.248600 199.969000 1933.000000 -13 870 1 0 1.000000
0.835721 -3.145690 0 10.735900 11.603800 201.345000 1933.300000 -13 871 1 0 1.000000
-0.089987 -2.677880 0 -5.210200 -5.709790 206.808000 1933.270000 -13 872 1 0 1.000000
-1.589890 -2.570210 0 5.596520 -5.909960 188.855000 1933.190000 -13 873 1 0 1.000000
-1.938590 0.161557 0 -0.129175 -9.075920 197.997000 1933.150000 -13 874 1 0 1.000000
0.392634 -0.056417 0 -7.322010 9.863650 193.316000 1933.130000 -13 875 1 0 1.000000
-2.245920 -0.011802 0 -10.566700 -1.228090 209.393000 1933.320000 -13 876 1 0 1.000000
-2.578890 -1.667390 0 5.778130 0.814210 199.041000 1933.120000 -13 877 1 0 1.000000
0.506706 -0.076472 0 -11.659900 7.938660 195.871000 1933.360000 -13 878 1 0 1.000000
-1.921860 -3.214540 0 -2.802390 -7.769430 202.574000 1933.320000 -13 879 1 0 1.000000
-2.050770 -4.447630 0 11.373600 2.497110 195.887000 1933.090000 -13 880 1 0 1.000000
-1.433290 -1.960710 0 -0.421479 9.506660 190.924000 1933.280000 -13 881 1 0 1.000000
-0.824684 0.565590 0 -7.069740 7.997990 205.820000 1933.320000 -13 882 1 0 1.000000
-3.235710 -0.170786 0 12.071600 -3.125460 188.580000 1933.090000 -13 883 1 0 1.000000
-3.105220 -1.896710 0 4.969420 16.048300 199.609000 1933.070000 -13 884 1 0 1.000000
-0.644194 -3.908850 0 6.262390 8.918370 201.286000 1933.060000 -13 885 1 0 1.000000
0.526523 -2.638770 0 0.557066 19.152500 188.916000 1933.260000 -13 886 1 0 1.000000
1.317910 -0.254981 0 -3.643620 -12.900500 203.259000 1933.120000 -13 887 1 0 1.000000
-1.027040 -1.533290 0 14.283600 1.355220 190.304000 1933.210000 -13 888 1 0 1.000000
1.014120 0.035714 0 -8.119180 20.997600 193.005000 1933.100000 -13 889 1 0 1.000000
-3.279710 -2.759160 0 5.464790 11.349000 192.829000 1933.070000 -13 890 1 0 1.000000
-0.844532 -0.722379 0 -3.067100 -0.904197 201.830000 1933.200000 -13 891 1 0 1.000000
-0.520055 -1.148540 0 -4.475190 5.280920 190.460000 1933.220000 -13 892 1 0 1.000000
-0.077869 -1.824490 0 -1.136300 11.572900 206.042000 1933.320000 -13 893 1 0 1.000000
1.599250 -1.055720 0 -3.349180 4.028250 205.396000 1933.080000 -13 894 1 0 1.000000
-2.226190 -2.943070 0 15.361000 -12.682200 194.485000 1933.090000 -13 895 1 0 1.000000
-2.996210 -0.285535 0 3.895910 13.368700 194.519000 1933.080000 -13 896 1 0 1.000000
-4.109520 -2.220240 0 11.219200 11.946000 194.418000 1933.280000 -13 897 1 0 1.000000
-1.656290 0.842207 0 -14.401200 -12.676900 188.367000 1933.310000 -13 898 1 0 1.000000
0.286706 -1.487460 0 -10.066200 7.944230 211.449000 1933.250000 -13 899 1 0 1.000000
1.105340 -0.785963 0 -12.430100 -11.797300 191.526000 1933.320000 -13 900 1 0 1.000000
-2.657770 0.234480 0 5.796380 9.753770 195.049000 1933.180000 -13 901 1 0 1.000000
-4.338450 0.985645 0 -3.914820 -9.673890 201.682000 1933.190000 -13 902 1 0 1.000000
-0.202742 -1.842600 0 -0.560579 10.114800 199.786000 1933.080000 -13 903 1 0 1.000000
-2.671810 -0.821030 0 8.983020 -18.683200 189.425000 1933.060000 -13 904 1 0 1.000000
-0.553523 -3.208070 0 9.648810 -4.828040 204.127000 1933.070000 -13 905 1 0 1.000000
-2.932150 -1.634890 0 19.898400 8.217240 206.739000 1933.210000 -13 906 1 0 1.000000
2.668530 -1.804820 0 -7.746510 7.501650 182.799000 1933.270000 -13 907 1 0 1.000000
-0.907004 -1.950790 0 -8.629870 12.016500 190.995000 1933.010000 -13 908 1 0 1.000000
-2.419410 -0.971728 0 -2.798580 -2.906390 193.238000 1933.160000 -13 909 1 0 1.000000
-1.561540 -3.390200 0 10.227400 7.911730 195.171000 1933.310000 -13 910 1 0 1.000000
-0.335830 2.468980 0 -11.591500 0.029082 213.361000 1933.190000 -13 911 1 0 1.000000
-1.112360 -1.687270 0 11.341500 -3.217960 186.768000 1933.090000 -13 912 1 0 1.000000
-0.074019 -2.639770 0 4.209020 -23.728900 189.932000 1933.130000 -13 913 1 0 1.000000
-0.456526 -3.646020 0 21.719800 3.211050 194.607000 1933.090000 -13 914 1 0 1.000000
-1.607130 -1.266460 0 7.631570 -9.306040 194.363000 1933.270000 -13 915 1 0 1.000000
-0.848579 -1.602240 0 -2.630720 0.284357 186.297000 1933.420000 -13 916 1 0 1.000000
-1.420690 -2.103780 0 2.518250 -8.969130 202.855000 1933.290000 -13 917 1 0 1.000000
0.329259 -2.896860 0 -2.101850 1.058500 193.502000 1933.300000 -13 918 1 0 1.000000
-0.626505 -2.376290 0 -2.446130 -6.939680 192.885000 1933.010000 -13 919 1 0 1.000000
-2.676010 -0.988073 0 4.263660 13.246400 197.422000 1933.110000 -13 920 1 0 1.000000
-1.268600 0.123307 0 7.141510 1.029670 205.054000 1933.060000 -13 921 1 0 1.000000
-3.646350 -2.472100 0 7.266840 -0.398086 194.175000 1933.080000 -13 922 1 0 1.000000
-2.133200 1.476380 0 -6.630660 0.575155 193.379000 1933.290000 -13 923 1 0 1.000000
-2.366650 -2.798230 0 -3.205480 21.426100 192.339000 1933.180000 -13 924 1 0 1.000000
-1.548170 -0.276936 0 -0.791192 3.259060 200.007000 1933.070000 -13 925 1 0 1.000000
-0.109390 -1.757890 0 2.340640 -15.735900 201.532000 1933.120000 -13 926 1 0 1.000000
0.307328 0.021248 0 -19.421400 -16.305600 192.495000 1933.200000 -13 927 1 0 1.000000
-1.058690 -3.869730 0 14.010700 15.013300 199.103000 1933.030000 -13 928 1 0 1.000000
-3.315830 0.117951 0 7.119630 -3.989700 211.799000 1933.200000 -13 929 1 0 1.000000
-3.396640 0.767571 0 11.478400 -14.242100 195.185000 1933.240000 -13 930 1 0 1.000000
-3.959570 -4.095110 0 7.868470 -18.464600 198.544000 1933.140000 -13 931 1 0 1.000000
-1.792540 -2.984260 0 -3.035510 -9.517160 206.327000 1933.170000 -13 932 1 0 1.000000
-0.968549 0.220116 0 -5.464400 -18.382000 202.050000 1933.250000 -13 933 1 0 1.000000
-1.511760 -2.086040 0 1.706980 12.156400 199.860000 1933.140000 -13 934 1 0 1.000000
-1.224030 -3.674090 0 11.352100 4.215140 195.007000 1933.200000 -13 935 1 0 1.000000
0.512537 -1.021900 0 0.888820 -11.542300 202.388000 1933.340000 -13 936 1 0 1.000000
-2.924810 -0.896077 0 -0.344608 7.992300 202.813000 1933.270000 -13 937 1 0 1.000000
-3.383350 -0.405148 0 -7.091960 5.280720 181.267000 1933.210000 -13 938 1 0 1.000000
0.322127 -0.996632 0 -24.875100 -4.531450 197.287000 1933.170000 -13 939 1 0 1.000000
1.317350 -3.870470 0 14.554000 1.756260 196.849000 1933.220000 -13 940 1 0 1.000000
1.274650 -1.214410 0 4.725460 -10.212200 203.793000 1933.140000 -13 941 1 0 1.000000
-0.042740 -1.411750 0 -2.498970 8.659670 199.963000 1933.020000 -13 942 1 0 1.000000
-4.282130 -3.052260 0 1.572700 5.469540 197.846000 1933.120000 -13 943 1 0 1.000000
-2.188620 1.481960 0 -3.214800 0.059489 196.546000 1933.390000 -13 944 1 0 1.000000
-1.333860 -3.183670 0 0.091319 -13.559000 191.657000 1933.210000 -13 945 1 0 1.000000
-3.105610 -4.172900 0 4.301490 -9.328140 192.609000 1933.110000 -13 946 1 0 1.000000
-3.111750 -2.469850 0 7.152670 -11.758500 199.714000 1933.270000 -13 947 1 0 1.000000
-1.398650 -0.174982 0 4.880690 9.624970 188.486000 1933.060000 -13 948 1 0 1.000000
-3.001490 0.767672 0 -10.998800 16.098000 203.478000 1933.030000 -13 949 1 0 1.000000
-3.379510 -1.172100 0 -3.592590 3.389010 200.505000 1933.220000 -13 950 1 0 1.000000
1.181020 0.579796 0 -7.729800 13.588800 183.928000 1933.210000 -13 951 1 0 1.000000
1.585760 -0.630746 0 6.715730 -7.784360 190.043000 1933.200000 -13 952 1 0 1.000000
-4.306710 -0.891831 0 -1.949360 6.184750 202.737000 1933.300000 -13 953 1 0 1.000000
-0.971602 -1.809090 0 1.887500 -3.386520 191.161000 1933.140000 -13 954 1 0 1.000000
-0.157210 -1.469590 0 10.323500 -14.579600 212.402000 1933.360000 -13 955 1 0 1.000000
-1.355920 0.929051 0 6.713970 -12.398500 196.473000 1933.060000 -13 956 1 0 1.000000
-1.576220 0.534061 0 -2.265480 27.054200 198.875000 1933.140000 -13 957 1 0 1.000000
-0.523970 -3.807610 0 -3.988480 6.556180 206.232000 1933.260000 -13 958 1 0 1.000000
-1.303310 1.412580 0 16.837400 -7.033760 207.909000 1933.190000 -13 959 1 0 1.000000
-0.845519 -0.532441 0 -16.151700 -9.207440 186.835000 1933.200000 -13 960 1 0 1.000000
-3.268000 -1.911150 0 -6.972090 -14.796100 209.372000 1933.100000 -13 961 1 0 1.000000
-1.852500 -0.895462 0 12.187100 -10.584900 204.339000 1933.120000 -13 962 1 0 1.000000
-1.170490 0.045742 0 12.157000 1.184490 208.380000 1933.140000 -13 963 1 0 1.000000
-2.844530 0.599123 0 -10.497600 -3.148630 202.350000 1933.040000 -13 964 1 0 1.000000
-2.134440 -1.132060 0 21.344400 -4.501690 202.487000 1933.170000 -13 965 1 0 1.000000
-0.380007 -2.790230 0 1.021440 -8.369670 209.689000 1933.120000 -13 966 1 0 1.000000
-3.644100 -0.209332 0 0.412268 -2.836500 207.507000 1933.150000 -13 967 1 0 1.000000
-3.271740 -2.045530 0 -2.373830 -1.311720 205.118000 1933.080000 -13 968 1 0 1.000000
-2.209610 -0.849787 0 1.906350 -1.067440 188.452000 1933.120000 -13 969 1 0 1.000000
-1.317850 -0.652050 0 18.382700 14.982500 206.758000 1933.310000 -13 970 1 0 1.000000
-2.144020 -3.627000 0 -5.480440 8.141960 184.727000 1933.330000 -13 971 1 0 1.000000
-1.882230 -1.325640 0 -5.646160 -7.631700 191.275000 1933.100000 -13 972 1 0 1.000000
-2.839330 -0.183500 0 -6.211010 -14.541600 194.747000 1933.190000 -13 973 1 0 1.000000
-0.107851 1.048090 0 -2.708200 -14.487900 189.376000 1933.060000 -13 974 1 0 1.000000
0.666183 -3.087260 0 16.110200 -3.441080 175.460000 1933.190000 -13 975 1 0 1.000000
0.566833 -2.288460 0 -0.054163 5.479980 195.998000 1933.120000 -13 976 1 0 1.000000
0.889979 -5.494930 0 -0.020216 -9.941510 195.695000 1933.070000 -13 977 1 0 1.000000
-3.350270 -1.686350 0 4.547250 -5.741620 198.585000 1933.340000 -13 978 1 0 1.000000
-3.032200 -2.057030 0 6.801600 11.363000 208.429000 1933.240000 -13 979 1 0 1.000000
-1.872440 -1.277440 0 -0.320018 -2.003150 183.647000 1933.070000 -13 980 1 0 1.000000
-4.295000 -1.777040 0 -6.731420 0.828775 200.160000 1933.160000 -13 981 1 0 1.000000
-2.084130 -2.026640 0 25.360600 -12.382700 196.728000 1933.240000 -13 982 1 0 1.000000
-1.171430 0.717459 0 2.965060 2.728380 197.725000 1933.080000 -13 983 1 0 1.000000
2.059350 -1.055950 0 1.803370 15.173100 207.290000 1933.110000 -13 984 1 0 1.000000
-2.237770 -0.876546 0 2.491090 5.405710 189.137000 1933.320000 -13 985 1 0 1.000000
1.881550 -0.748629 0 -0.605916 -21.902500 198.989000 1933.210000 -13 986 1 0 1.000000
-3.032760 1.001610 0 -0.817492 0.958426 209.156000 1933.280000 -13 987 1 0 1.000000
-1.026580 -2.068930 0 -1.992390 -1.166510 194.177000 1933.120000 -13 988 1 0 1.000000
-0.250161 -2.750550 0 0.315472 20.473000 205.628000 1933.250000 -13 989 1 0 1.000000
0.568963 -1.567350 0 1.202870 18.885900 191.939000 1933.070000 -13 990 1 0 1.000000
-1.602330 -0.441250 0 2.245000 -9.965330 198.273000 1933.410000 -13 991 1 0 1.000000
-2.730580 1.221160 0 -2.158900 8.479560 195.290000 1933.080000 -13 992 1 0 1.000000
-2.768190 -2.325820 0 10.765600 -0.042194 201.033000 1933.130000 -13 993 1 0 1.000000
-1.377930 -3.910450 0 12.856100 4.497390 204.338000 1933.260000 -13 994 1 0 1.000000
-1.608120 -0.124278 0 -5.303570 -12.279500 206.527000 1933.240000 -13 995 1 0 1.000000
-1.609280 -4.846890 0 10.912100 -11.524400 184.516000 1933.200000 -13 996 1 0 1.000000
-1.620800 -3.695870 0 -3.523020 -0.534164 198.234000 1933.090000 -13 997 1 0 1.000000
-1.353830 -0.590910 0 -6.810950 0.056850 197.708000 1933.080000 -13 998 1 0 1.000000
1.060500 0.448019 0 6.892610 -2.983700 199.025000 1933.080000 -13 999 1 0 1.000000
-0.657893 -4.029280 0 5.640550 11.510800 192.937000 1933.310000 -13 1000 1 0 1.000000
-3.790610 -1.638110 0 20.198900 -13.638300 182.091000 1933.340000 -13 1001 1 0 1.000000
-0.085551 1.052660 0 8.988120 6.014540 193.313000 1933.220000 -13 1002 1 0 1.000000
-3.382260 -3.988250 0 5.480130 -5.908630 185.508000 1933.090000 -13 1003 1 0 1.000000
-1.771860 -2.189720 0 16.266700 -8.625850 186.400000 1933.310000 -13 1004 1 0 1.000000
-0.342762 -1.353700 0 11.725700 4.041250 185.954000 1933.300000 -13 1005 1 0 1.000000
-3.351850 -0.630426 0 4.539640 -4.987730 211.445000 1933.280000 -13 1006 1 0 1.000000
-2.273640 -2.110980 0 -8.234700 -17.353900 185.834000 1933.220000 -13 1007 1 0 1.000000
0.729689 -1.613130 0 -4.110010 11.601700 180.821000 1933.150000 -13 1008 1 0 1.000000
0.489746 -1.744610 0 10.288300 0.202495 194.927000 1933.250000 -13 1009 1 0 1.000000
0.582150 -1.146430 0 1.809490 -15.858200 198.380000 1933.340000 -13 1010 1 0 1.000000
-2.408360 -0.635512 0 8.471860 16.523200 202.785000 1933.180000 -13 1011 1 0 1.000000
-0.878134 1.350810 0 -19.076900 -6.407590 184.571000 1933.150000 -13 1012 1 0 1.000000
-1.974700 -0.302013 0 -5.174050 -14.846600 193.147000 1933.000000 -13 1013 1 0 1.000000
-2.026750 -1.003140 0 8.821870 -11.748000 199.787000 1933.240000 -13 1014 1 0 1.000000
-1.975620 0.245182 0 -1.516080 -2.382020 212.771000 1933.170000 -13 1015 1 0 1.000000
-1.241800 -2.699780 0 6.365160 -24.158900 199.523000 1933.130000 -13 1016 1 0 1.000000
-1.541350 -0.106763 0 6.434320 11.496200 200.395000 1933.330000 -13 1017 1 0 1.000000
0.068182 2.259310 0 -8.577540 13.469800 191.354000 1933.290000 -13 1018 1 0 1.000000
-2.116150 0.695836 0 17.373800 19.332500 186.343000 1933.160000 -13 1019 1 0 1.000000
-0.834013 -3.571380 0 11.443200 6.292580 194.146000 1933.160000 -13 1020 1 0 1.000000
-0.230486 -1.460050 0 1.702150 4.411730 185.478000 1933.190000 -13 1021 1 0 1.000000
-1.380060 -3.457860 0 1.736320 -2.103030 207.837000 1933.200000 -13 1022 1 0 1.000000
-1.863480 -2.599690 0 -7.721520 6.718550 195.426000 1933.120000 -13 1023 1 0 1.000000
-2.967630 -0.583205 0 7.444970 -12.346400 194.338000 1933.150000 -13 1024 1 0 1.000000
-0.609524 -3.057300 0 14.422200 9.350480 194.441000 1933.060000 -13 1025 1 0 1.000000
-2.696080 -1.448680 0 -6.612480 -0.213887 197.319000 1933.310000 -13 1026 1 0 1.000000
0.259960 -0.885506 0 -14.893500 21.817900 185.249000 1933.140000 -13 1027 1 0 1.000000
0.664536 -1.516920 0 -5.520880 1.837830 194.691000 1933.170000 -13 1028 1 0 1.000000
-3.306610 -0.277666 0 -2.451280 -14.710200 185.448000 1933.120000 -13 1029 1 0 1.000000
-0.559221 -2.170460 0 7.730620 -5.013990 198.133000 1933.120000 -13 1030 1 0 1.000000
-1.333200 -3.694370 0 -3.831660 1.519890 208.218000 1933.160000 -13 1031 1 0 1.000000
-1.582400 -1.808820 0 8.347150 -10.184100 185.479000 1933.160000 -13 1032 1 0 1.000000
-0.442169 -2.280500 0 7.821290 15.751000 203.377000 1933.110000 -13 1033 1 0 1.000000
-2.088380 -1.381300 0 2.617070 13.464200 190.131000 1933.220000 -13 1034 1 0 1.000000
0.408291 -2.905650 0 3.259080 4.922230 183.419000 1933.150000 -13 1035 1 0 1.000000
-2.941300 -1.977980 0 -0.559819 -12.741600 198.434000 1933.130000 -13 1036 1 0 1.000000
-0.212370 -1.007200 0 -17.651200 9.337820 216.748000 1933.210000 -13 1037 1 0 1.000000
0.580997 -0.689246 0 3.256530 2.091060 191.020000 1933.140000 -13 1038 1 0 1.000000
-1.529000 1.561830 0 -2.435570 -7.214420 203.613000 1933.150000 -13 1039 1 0 1.000000
-2.378070 -1.261490 0 6.321720 -7.708680 195.880000 1933.280000 -13 1040 1 0 1.000000
-5.126790 -4.126060 0 -16.389300 5.787990 200.060000 1933.170000 -13 1041 1 0 1.000000
0.141166 -1.848090 0 4.102430 -4.853030 207.378000 1933.150000 -13 1042 1 0 1.000000
-1.643180 0.843433 0 -9.212400 0.553502 199.863000 1933.180000 -13 1043 1 0 1.000000
-1.085020 0.336825 0 -11.926700 0.690031 191.584000 1933.240000 -13 1044 1 0 1.000000
0.038954 -2.459770 0 -4.494550 2.895320 187.527000 1933.160000 -13 1045 1 0 1.000000
-3.562710 -3.046210 0 11.881500 -3.460820 196.463000 1933.410000 -13 1046 1 0 1.000000
-1.932810 -0.089924 0 -3.521040 6.401880 194.614000 1933.250000 -13 1047 1 0 1.000000
0.007186 -3.162430 0 20.644800 6.821340 208.933000 1933.300000 -13 1048 1 0 1.000000
-4.305050 -1.420950 0 -4.233350 7.185630 208.996000 1933.220000 -13 1049 1 0 1.000000
1.545390 -0.518084 0 -4.184130 -6.041420 186.542000 1933.170000 -13 1050 1 0 1.000000
-2.399350 -2.894360 0 -10.046900 0.387103 196.793000 1933.100000 -13 1051 1 0 1.000000
-1.875510 -1.575410 0 -3.627840 5.062910 210.485000 1933.260000 -13 1052 1 0 1.000000
-2.342020 -0.069785 0 9.122880 -26.691200 186.881000 1933.170000 -13 1053 1 0 1.000000
-4.449050 -0.015287 0 5.037070 -18.827300 194.675000 1933.200000 -13 1054 1 0 1.000000
-2.987690 -1.803300 0 -2.137650 -7.953730 183.230000 1933.220000 -13 1055 1 0 1.000000
-2.538740 -0.737723 0 -1.083100 -1.274770 201.597000 1933.070000 -13 1056 1 0 1.000000
-2.071480 -0.915381 0 1.081360 -1.793550 194.041000 1933.200000 -13 1057 1 0 1.000000
-1.265820 -0.779912 0 9.876410 -8.207860 194.382000 1933.140000 -13 1058 1 0 1.000000
-1.200150 -4.225110 0 14.569100 17.741200 185.241000 1933.180000 -13 1059 1 0 1.000000
-0.367448 -1.334790 0 -13.117000 10.535400 182.262000 1933.060000 -13 1060 1 0 1.000000
-2.241840 -1.896730 0 -2.698660 -18.389700 189.593000 1933.120000 -13 1061 1 0 1.000000
-3.128450 -0.324788 0 3.566770 -2.801300 202.946000 1933.100000 -13 1062 1 0 1.000000
-0.901554 -2.044870 0 0.660845 -10.299600 198.087000 1933.140000 -13 1063 1 0 1.000000
-2.864930 -0.060580 0 -7.008440 9.048280 200.308000 1933.090000 -13 1064 1 0 1.000000
-1.393350 -0.936464 0 -5.401900 3.408150 199.023000 1933.010000 -13 1065 1 0 1.000000
0.305519 -2.432320 0 -10.664200 -5.897760 192.599000 1933.180000 -13 1066 1 0 1.000000
1.837740 -3.749080 0 14.112500 -8.585380 190.674000 1933.120000 -13 1067 1 0 1.000000
-1.371400 -3.446590 0 -9.788850 11.562200 192.110000 1933.250000 -13 1068 1 0 1.000000
-0.499467 -0.970089 0 -9.921430 -4.406320 185.183000 1933.040000 -13 1069 1 0 1.000000
-1.897150 -3.249250 0 7.165530 -5.851920 199.072000 1933.160000 -13 1070 1 0 1.000000
1.668290 0.350150 0 1.361010 20.672400 187.108000 1933.130000 -13 1071 1 0 1.000000
-0.812100 -3.163640 0 13.009300 11.686400 185.031000 1933.240000 -13 1072 1 0 1.000000
-1.473360 -0.548562 0 -4.230950 -8.409620 191.684000 1933.230000 -13 1073 1 0 1.000000
-3.558100 -2.024180 0 1.668390 -10.470100 201.964000 1933.390000 -13 1074 1 0 1.000000
