#BLTrackFile solenoid_cooling_channel
#x y z Px Py Pz t PDGid EvNum TrkId Parent weight
-1.011640 -1.638660 0 0.000000 0.000000 193.000000 1933.190000 -13 1 1 0 1.000000
-0.618305 -1.276690 0 -2.852430 -4.917260 193.547000 1933.180000 -13 2 1 0 1.000000
-1.086730 -0.740059 0 -8.971970 10.988600 190.608000 1933.170000 -13 3 1 0 1.000000
-3.207390 -2.774810 0 5.483110 -14.141700 196.380000 1933.160000 -13 4 1 0 1.000000
-4.631470 -1.096920 0 -3.061940 -8.721720 202.247000 1933.130000 -13 5 1 0 1.000000
-0.132400 -1.516360 0 16.607000 9.244500 187.092000 1933.260000 -13 6 1 0 1.000000
-0.371835 -0.784629 0 -9.141670 5.351490 188.058000 1933.030000 -13 7 1 0 1.000000
-1.456320 -2.032240 0 -6.056790 6.942480 187.790000 1933.070000 -13 8 1 0 1.000000
-2.663410 -2.129760 0 20.181200 -3.479750 188.672000 1933.320000 -13 9 1 0 1.000000
-0.888386 -2.569270 0 -7.171920 4.586990 192.256000 1933.190000 -13 10 1 0 1.000000
-1.346610 0.385212 0 -9.017270 -5.455450 188.139000 1933.160000 -13 11 1 0 1.000000
-0.005477 0.541698 0 17.006200 1.974300 189.933000 1933.070000 -13 12 1 0 1.000000
-1.883460 0.176077 0 -3.586090 -2.428400 190.278000 1933.150000 -13 13 1 0 1.000000
-1.554420 -2.493940 0 19.338800 1.643640 185.792000 1933.390000 -13 14 1 0 1.000000
-0.357336 0.841815 0 -7.026830 6.536770 181.007000 1933.170000 -13 15 1 0 1.000000
-1.356490 -1.455460 0 -0.921703 24.885400 204.278000 1933.210000 -13 16 1 0 1.000000
-1.627610 -2.649130 0 -1.249130 5.115500 186.312000 1933.210000 -13 17 1 0 1.000000
-2.146960 0.001515 0 -0.605610 -6.026940 210.053000 1933.280000 -13 18 1 0 1.000000
-0.372334 -1.622260 0 -16.940600 -7.514110 187.620000 1933.170000 -13 19 1 0 1.000000
-3.175140 -5.777790 0 5.759030 -4.247580 200.719000 1933.170000 -13 20 1 0 1.000000
-0.822099 -0.643128 0 -5.605480 -7.276620 195.527000 1933.130000 -13 21 1 0 1.000000
-2.083700 -0.724474 0 -0.811253 -21.219400 203.910000 1933.170000 -13 22 1 0 1.000000
-1.558840 -2.255490 0 -4.923020 10.645600 188.454000 1933.160000 -13 23 1 0 1.000000
-3.638280 -0.895843 0 2.634440 4.850070 203.013000 1933.240000 -13 24 1 0 1.000000
-0.716256 -0.772303 0 -17.330100 -5.608110 187.677000 1932.990000 -13 25 1 0 1.000000
-4.616850 -1.738650 0 -2.105400 10.461500 205.207000 1933.320000 -13 26 1 0 1.000000
-2.268020 -1.517670 0 -0.065088 -15.044800 197.611000 1933.190000 -13 27 1 0 1.000000
-2.201800 -0.572959 0 -2.145630 19.716800 194.410000 1933.150000 -13 28 1 0 1.000000
0.843982 -2.686080 0 -3.506580 12.573700 178.294000 1933.180000 -13 29 1 0 1.000000
-1.634780 1.376200 0 -6.329350 5.731300 190.413000 1933.180000 -13 30 1 0 1.000000
-3.195890 0.617506 0 2.655880 -10.458400 201.349000 1933.120000 -13 31 1 0 1.000000
-0.793149 -2.587300 0 -5.312250 8.130210 187.600000 1933.100000 -13 32 1 0 1.000000
-2.705980 -1.649900 0 3.998510 -8.817090 205.490000 1933.250000 -13 33 1 0 1.000000
-3.781970 -1.783050 0 3.982770 -0.558159 193.423000 1933.200000 -13 34 1 0 1.000000
-3.280020 -3.433410 0 13.624000 -10.157800 206.559000 1933.330000 -13 35 1 0 1.000000
-2.582220 -2.167440 0 -1.333290 2.501560 204.403000 1933.220000 -13 36 1 0 1.000000
-0.067056 -2.118500 0 -4.044620 -5.313580 182.167000 1933.250000 -13 37 1 0 1.000000
-1.306480 -1.426580 0 1.778560 -6.495060 196.208000 1933.060000 -13 38 1 0 1.000000
-0.326617 -1.699280 0 -14.357500 -23.292500 193.267000 1933.230000 -13 39 1 0 1.000000
-2.432090 -2.928550 0 13.134300 -18.273200 193.187000 1933.130000 -13 40 1 0 1.000000
-2.123760 -1.710350 0 1.756140 -1.369450 202.044000 1933.190000 -13 41 1 0 1.000000
-1.085060 -0.079700 0 -9.965720 -10.595200 193.327000 1933.280000 -13 42 1 0 1.000000
-2.247270 -4.059780 0 10.897500 -17.209300 192.961000 1933.160000 -13 43 1 0 1.000000
-1.779940 0.086540 0 -14.389800 2.952510 190.922000 1933.040000 -13 44 1 0 1.000000
-1.516940 -0.240518 0 -3.249850 -17.017200 183.668000 1933.150000 -13 45 1 0 1.000000
0.254065 -2.140880 0 -0.953061 13.070400 208.319000 1933.310000 -13 46 1 0 1.000000
-1.247210 -2.698810 0 -22.112500 -0.775200 198.381000 1933.410000 -13 47 1 0 1.000000
-2.495310 0.375149 0 -2.198450 -0.951547 195.173000 1933.040000 -13 48 1 0 1.000000
0.023064 -4.441470 0 13.957700 20.965200 200.206000 1933.220000 -13 49 1 0 1.000000
-3.151240 -3.701760 0 -15.583800 -0.168699 189.433000 1933.250000 -13 50 1 0 1.000000
-4.606770 -2.980990 0 -1.271020 2.865810 203.960000 1933.230000 -13 51 1 0 1.000000
1.601030 1.241580 0 -1.538570 -0.377336 204.242000 1933.190000 -13 52 1 0 1.000000
-2.602810 0.392466 0 2.202350 12.804300 201.568000 1933.090000 -13 53 1 0 1.000000
-0.527969 0.535844 0 -7.289930 4.927110 192.535000 1933.160000 -13 54 1 0 1.000000
-1.178320 -2.588610 0 2.708690 3.469200 198.891000 1933.070000 -13 55 1 0 1.000000
-0.660617 -2.622250 0 1.809550 29.669800 187.134000 1933.170000 -13 56 1 0 1.000000
-0.923852 -1.346810 0 -14.849300 10.426900 183.249000 1933.190000 -13 57 1 0 1.000000
-1.450090 -2.430900 0 2.517190 -1.467190 191.031000 1933.300000 -13 58 1 0 1.000000
-2.752180 -2.090100 0 10.188600 -8.824640 201.436000 1933.160000 -13 59 1 0 1.000000
-1.801880 -1.116060 0 -2.726570 -4.050120 198.581000 1933.090000 -13 60 1 0 1.000000
1.586970 -1.842150 0 -7.488030 -0.898089 187.874000 1933.190000 -13 61 1 0 1.000000
-2.613010 -0.327102 0 -3.778780 0.182338 185.716000 1933.290000 -13 62 1 0 1.000000
0.820901 0.165448 0 7.461890 16.436600 190.273000 1933.180000 -13 63 1 0 1.000000
-2.286310 -1.126720 0 -3.672270 0.020258 186.951000 1933.220000 -13 64 1 0 1.000000
-1.631590 -3.750680 0 0.267000 -9.011000 198.347000 1933.150000 -13 65 1 0 1.000000
0.174088 -2.118800 0 -11.640300 9.779650 199.620000 1933.170000 -13 66 1 0 1.000000
-2.775700 -2.885090 0 6.799070 19.366200 193.336000 1933.240000 -13 67 1 0 1.000000
-2.763910 -0.980566 0 10.740100 -0.377716 201.573000 1933.160000 -13 68 1 0 1.000000
-2.025710 -1.378910 0 3.159800 -2.705280 200.156000 1933.280000 -13 69 1 0 1.000000
-4.669070 -1.297350 0 -2.822180 -16.811700 206.832000 1933.290000 -13 70 1 0 1.000000
0.133253 -3.560940 0 -6.702910 12.791500 206.646000 1933.090000 -13 71 1 0 1.000000
-0.555496 -0.904068 0 -0.881467 -14.869800 178.471000 1933.290000 -13 72 1 0 1.000000
0.414327 -1.900490 0 8.766300 -1.993240 193.200000 1933.150000 -13 73 1 0 1.000000
0.788575 -2.366800 0 -13.979100 4.037570 200.131000 1933.110000 -13 74 1 0 1.000000
-2.986520 1.734340 0 -10.512700 11.034700 184.859000 1933.250000 -13 75 1 0 1.000000
-0.182719 -3.628160 0 -12.154100 -3.635290 179.414000 1933.230000 -13 76 1 0 1.000000
0.199674 0.153191 0 -6.593360 -0.266136 202.921000 1933.370000 -13 77 1 0 1.000000
-3.319550 -2.820450 0 5.061030 -7.694030 187.732000 1933.280000 -13 78 1 0 1.000000
-1.405690 0.679465 0 -10.595800 14.512600 192.646000 1933.350000 -13 79 1 0 1.000000
-0.468848 -0.196195 0 -9.358640 26.918400 207.597000 1933.120000 -13 80 1 0 1.000000
-1.009230 -0.474428 0 -12.657100 -20.938200 195.784000 1933.150000 -13 81 1 0 1.000000
-0.064952 -4.578390 0 1.327030 -1.410020 186.177000 1933.190000 -13 82 1 0 1.000000
-0.206881 -0.290483 0 0.915720 -11.648300 189.718000 1933.130000 -13 83 1 0 1.000000
0.110559 2.072770 0 12.105400 -6.559400 200.998000 1933.240000 -13 84 1 0 1.000000
-2.484670 -2.289220 0 5.178570 4.312110 205.591000 1933.220000 -13 85 1 0 1.000000
2.059620 -1.199640 0 19.744700 2.672560 188.554000 1933.090000 -13 86 1 0 1.000000
-2.290320 -1.615130 0 -0.572197 7.975820 183.872000 1933.270000 -13 87 1 0 1.000000
0.422579 -0.008884 0 6.352660 -7.823100 188.555000 1933.190000 -13 88 1 0 1.000000
-1.642440 -3.430620 0 25.130200 -0.930496 198.994000 1933.180000 -13 89 1 0 1.000000
-2.014020 -0.941851 0 -6.376850 -0.354364 205.953000 1933.230000 -13 90 1 0 1.000000
-1.086600 -1.781400 0 -12.618900 -8.844280 202.581000 1933.120000 -13 91 1 0 1.000000
0.776209 -1.211770 0 -8.695970 17.581500 196.923000 1933.120000 -13 92 1 0 1.000000
0.819028 -0.836777 0 -3.545610 -0.070238 188.165000 1933.250000 -13 93 1 0 1.000000
-4.313770 -2.726370 0 5.664370 5.036360 188.671000 1933.250000 -13 94 1 0 1.000000
-2.014940 -1.424480 0 2.767400 9.385290 194.739000 1933.200000 -13 95 1 0 1.000000
-2.628690 -0.213589 0 4.511380 -16.648800 201.053000 1933.310000 -13 96 1 0 1.000000
-0.914004 0.229636 0 7.615970 2.472060 185.434000 1933.250000 -13 97 1 0 1.000000
-2.049040 -0.616446 0 -2.981820 1.707150 190.416000 1933.360000 -13 98 1 0 1.000000
1.003980 -3.235090 0 4.236730 -16.732700 202.933000 1933.220000 -13 99 1 0 1.000000
-0.789073 -3.234250 0 15.207500 -5.814940 190.119000 1933.260000 -13 100 1 0 1.000000
-1.206160 -2.077150 0 2.680240 -5.559860 180.355000 1933.340000 -13 101 1 0 1.000000
-2.191990 -3.460990 0 -1.147590 11.508800 185.508000 1933.180000 -13 102 1 0 1.000000
-0.869626 -1.309940 0 -14.872300 5.645380 195.325000 1933.190000 -13 103 1 0 1.000000
-0.308804 -3.776180 0 7.353440 -12.374400 190.807000 1933.090000 -13 104 1 0 1.000000
-2.394580 -1.147330 0 11.983600 15.870000 195.055000 1933.260000 -13 105 1 0 1.000000
1.044330 -0.386519 0 -7.849090 -24.559100 192.902000 1933.280000 -13 106 1 0 1.000000
-0.978640 -0.700830 0 0.241876 -3.837800 192.090000 1933.290000 -13 107 1 0 1.000000
1.309270 -2.427960 0 -3.221870 -14.973500 204.206000 1933.100000 -13 108 1 0 1.000000
-2.270910 -0.226694 0 5.363550 9.313160 193.977000 1933.080000 -13 109 1 0 1.000000
-0.560008 0.052714 0 19.074200 -0.030076 208.522000 1933.180000 -13 110 1 0 1.000000
-1.005410 -1.099030 0 5.173600 -7.074140 188.979000 1933.260000 -13 111 1 0 1.000000
-2.396920 -2.223600 0 9.616290 -2.023030 198.490000 1933.250000 -13 112 1 0 1.000000
0.516982 -1.823010 0 15.174500 5.092450 203.929000 1933.140000 -13 113 1 0 1.000000
-0.795783 -0.585267 0 -2.430070 16.722900 209.982000 1933.160000 -13 114 1 0 1.000000
-2.014640 0.608861 0 0.267695 -4.729250 201.432000 1933.160000 -13 115 1 0 1.000000
-0.131641 -3.869360 0 23.700900 8.342560 200.622000 1933.310000 -13 116 1 0 1.000000
-0.256602 0.534183 0 -1.263640 -0.976934 187.293000 1933.090000 -13 117 1 0 1.000000
-1.047580 -1.779410 0 -14.755600 -19.944100 195.839000 1933.340000 -13 118 1 0 1.000000
-0.353807 -5.105740 0 6.816220 12.327900 193.224000 1933.160000 -13 119 1 0 1.000000
-0.765636 1.675430 0 -19.696100 4.057080 192.673000 1933.100000 -13 120 1 0 1.000000
-3.116660 -3.020130 0 -4.547370 5.549540 214.758000 1933.150000 -13 121 1 0 1.000000
-0.537060 -2.786970 0 -8.602540 14.795100 204.648000 1933.230000 -13 122 1 0 1.000000
-0.883024 -2.082460 0 4.044760 -2.698490 192.823000 1933.210000 -13 123 1 0 1.000000
-1.984740 -1.350870 0 -12.647400 11.932500 185.441000 1933.050000 -13 124 1 0 1.000000
-1.214820 -2.408120 0 -10.975200 14.008900 188.614000 1933.170000 -13 125 1 0 1.000000
-0.245098 0.425884 0 -2.952700 22.250900 188.586000 1933.160000 -13 126 1 0 1.000000
1.416420 -3.671330 0 9.444690 4.472700 182.054000 1933.190000 -13 127 1 0 1.000000
-2.020990 -0.385844 0 -8.437670 5.717370 198.780000 1933.200000 -13 128 1 0 1.000000
0.091551 -1.642860 0 -2.944980 16.555900 177.183000 1933.240000 -13 129 1 0 1.000000
0.230218 -0.825795 0 6.894920 26.087200 198.418000 1933.070000 -13 130 1 0 1.000000
-4.051940 -0.669307 0 -0.027166 -2.889570 190.446000 1933.060000 -13 131 1 0 1.000000
-2.799650 -2.755580 0 15.611300 -0.415669 207.118000 1933.130000 -13 132 1 0 1.000000
-0.792389 -3.165410 0 5.156280 -17.657200 187.952000 1933.160000 -13 133 1 0 1.000000
-2.953590 -0.549349 0 2.116360 -6.673940 200.417000 1933.190000 -13 134 1 0 1.000000
1.743670 -0.818542 0 -1.214560 -11.934500 186.015000 1933.160000 -13 135 1 0 1.000000
-3.056750 -1.000210 0 -3.857770 -3.914480 199.088000 1933.030000 -13 136 1 0 1.000000
-1.965430 -0.932936 0 -5.422480 5.972220 203.380000 1933.230000 -13 137 1 0 1.000000
-3.717250 -2.360560 0 5.517450 -30.871400 177.529000 1933.260000 -13 138 1 0 1.000000
0.163357 -2.745680 0 15.907900 2.349460 184.047000 1933.380000 -13 139 1 0 1.000000
-1.935470 0.937709 0 5.956080 -17.848900 196.070000 1933.220000 -13 140 1 0 1.000000
-1.502660 -2.116210 0 1.587270 16.011200 194.832000 1933.150000 -13 141 1 0 1.000000
1.468540 -0.156790 0 7.409260 13.469700 185.792000 1933.360000 -13 142 1 0 1.000000
-2.007800 0.014293 0 -9.918490 10.328800 190.155000 1933.140000 -13 143 1 0 1.000000
-2.312940 -2.216900 0 -1.872410 -9.034200 207.242000 1933.220000 -13 144 1 0 1.000000
0.355169 -3.704050 0 4.704070 4.970640 195.653000 1933.120000 -13 145 1 0 1.000000
0.648983 -1.707270 0 -1.485640 10.230400 190.108000 1933.300000 -13 146 1 0 1.000000
-0.890732 -0.445416 0 -7.061050 12.301200 191.728000 1933.130000 -13 147 1 0 1.000000
-3.309240 0.499514 0 5.518550 -7.843100 191.421000 1933.060000 -13 148 1 0 1.000000
-2.627350 0.757946 0 -0.053922 -13.201600 181.500000 1933.220000 -13 149 1 0 1.000000
-1.421580 -0.087267 0 14.432200 -3.954760 182.921000 1933.100000 -13 150 1 0 1.000000
0.139878 -4.560260 0 2.565690 -4.513190 185.259000 1933.230000 -13 151 1 0 1.000000
0.543479 -0.859032 0 5.365730 -6.491400 178.184000 1933.120000 -13 152 1 0 1.000000
-1.228910 -3.480760 0 -11.099200 -0.395148 189.285000 1933.150000 -13 153 1 0 1.000000
-2.196090 -3.428420 0 0.957992 -5.428030 186.289000 1933.120000 -13 154 1 0 1.000000
-1.147100 -1.309670 0 -17.962700 6.413010 204.042000 1933.220000 -13 155 1 0 1.000000
-1.382800 -2.075250 0 13.111500 4.949980 198.341000 1933.060000 -13 156 1 0 1.000000
-0.575820 -2.965670 0 -0.606609 21.527700 207.133000 1933.140000 -13 157 1 0 1.000000
-1.232310 0.914123 0 -0.999927 -9.164450 188.287000 1933.180000 -13 158 1 0 1.000000
0.521266 -2.839680 0 -2.229650 3.932650 186.483000 1933.080000 -13 159 1 0 1.000000
-0.638008 -1.111330 0 9.491770 -7.229450 194.910000 1933.150000 -13 160 1 0 1.000000
-3.025520 -4.888430 0 6.995340 -15.921200 195.388000 1933.220000 -13 161 1 0 1.000000
-1.705120 -1.847820 0 -5.034640 -0.713460 193.013000 1933.170000 -13 162 1 0 1.000000
-0.636602 -2.765620 0 6.178420 -0.174628 200.367000 1933.120000 -13 163 1 0 1.000000
0.820681 -0.930080 0 3.896690 -9.713690 203.196000 1933.090000 -13 164 1 0 1.000000
-1.402860 1.167480 0 -12.279800 16.851300 179.344000 1933.140000 -13 165 1 0 1.000000
-0.535462 -1.565570 0 -2.274030 18.815800 179.936000 1933.150000 -13 166 1 0 1.000000
-0.943022 -1.823310 0 0.923568 3.079330 190.389000 1933.140000 -13 167 1 0 1.000000
-1.493420 -3.794510 0 5.372400 11.691000 187.096000 1933.260000 -13 168 1 0 1.000000
-1.346920 -3.529560 0 -1.502110 -0.681472 200.225000 1933.180000 -13 169 1 0 1.000000
-1.969340 -2.332270 0 11.036000 5.540680 187.650000 1933.190000 -13 170 1 0 1.000000
-1.397610 -1.275120 0 -18.276900 11.770300 190.334000 1933.190000 -13 171 1 0 1.000000
0.497143 -3.145280 0 -6.352910 -4.073500 198.050000 1933.140000 -13 172 1 0 1.000000
-0.858539 0.181492 0 -17.655300 1.243780 180.419000 1933.120000 -13 173 1 0 1.000000
-2.127640 0.518129 0 -2.181760 1.140670 200.653000 1933.180000 -13 174 1 0 1.000000
0.341220 -2.693180 0 -11.847700 3.577010 185.403000 1933.170000 -13 175 1 0 1.000000
0.149509 -2.775400 0 -0.945997 -4.031360 200.985000 1933.170000 -13 176 1 0 1.000000
2.242210 -3.348590 0 10.352200 12.172500 184.059000 1933.330000 -13 177 1 0 1.000000
-1.192550 -1.644550 0 11.817600 -23.002000 194.726000 1933.340000 -13 178 1 0 1.000000
0.356743 -4.883280 0 -5.344530 5.262120 195.145000 1933.170000 -13 179 1 0 1.000000
-0.702159 -0.307844 0 1.130340 7.670770 203.678000 1933.110000 -13 180 1 0 1.000000
-1.445720 -0.146001 0 -1.962470 1.523910 206.845000 1933.180000 -13 181 1 0 1.000000
-1.249670 -1.064160 0 -8.684090 -2.151690 196.566000 1933.150000 -13 182 1 0 1.000000
-1.016820 -3.183900 0 8.617390 -2.128390 182.448000 1933.160000 -13 183 1 0 1.000000
-0.804816 -0.372650 0 6.514460 -11.919600 210.135000 1933.170000 -13 184 1 0 1.000000
0.628943 -3.709830 0 4.762170 -5.027220 190.866000 1933.030000 -13 185 1 0 1.000000
0.285360 -3.990980 0 6.670330 -9.251690 186.833000 1933.150000 -13 186 1 0 1.000000
-0.446471 -3.525830 0 3.316370 -4.664260 207.401000 1933.260000 -13 187 1 0 1.000000
-2.659020 -1.265820 0 -8.738650 -8.684250 205.142000 1933.300000 -13 188 1 0 1.000000
-1.504900 -3.844460 0 10.509400 5.159450 197.858000 1933.210000 -13 189 1 0 1.000000
-0.455414 -4.020900 0 20.811800 3.941050 190.290000 1933.120000 -13 190 1 0 1.000000
-3.032590 0.741567 0 9.433540 3.468560 220.485000 1933.190000 -13 191 1 0 1.000000
-2.372760 -0.550379 0 7.156780 -20.713800 183.643000 1933.110000 -13 192 1 0 1.000000
-0.549920 -3.054020 0 -0.367449 8.487260 187.576000 1933.160000 -13 193 1 0 1.000000
0.549614 -2.198830 0 3.132670 0.425127 192.142000 1933.240000 -13 194 1 0 1.000000
-0.805419 -1.384140 0 0.052990 9.568690 194.585000 1933.120000 -13 195 1 0 1.000000
-1.560970 -0.880864 0 17.065100 12.753800 187.860000 1933.310000 -13 196 1 0 1.000000
-1.643290 -2.994880 0 12.676100 12.586400 187.976000 1933.110000 -13 197 1 0 1.000000
-1.445530 -4.211280 0 4.089090 10.328600 206.058000 1933.140000 -13 198 1 0 1.000000
-1.269210 -0.817849 0 5.876830 6.541820 194.548000 1933.210000 -13 199 1 0 1.000000
-2.985330 -2.564450 0 3.539500 -9.054100 210.462000 1933.210000 -13 200 1 0 1.000000
-2.381950 -0.427776 0 -4.723120 -5.675840 187.289000 1933.170000 -13 201 1 0 1.000000
1.250580 -1.242590 0 -4.145030 20.654000 181.197000 1933.090000 -13 202 1 0 1.000000
-1.912430 -4.073230 0 1.378650 7.842520 209.294000 1933.230000 -13 203 1 0 1.000000
-0.693110 -1.239950 0 18.671000 -3.592070 186.681000 1933.190000 -13 204 1 0 1.000000
-3.063060 -0.473666 0 -10.668000 -19.374900 190.105000 1933.190000 -13 205 1 0 1.000000
-0.860114 -1.189220 0 14.017500 -5.577020 194.914000 1933.030000 -13 206 1 0 1.000000
-1.629320 -1.732660 0 3.601170 -6.845320 200.108000 1933.160000 -13 207 1 0 1.000000
-0.959995 -4.755780 0 21.007100 12.958600 202.730000 1933.110000 -13 208 1 0 1.000000
-0.833681 -0.706579 0 -16.828800 -3.625930 196.841000 1933.030000 -13 209 1 0 1.000000
-1.349070 -1.710440 0 9.839770 23.532700 200.973000 1933.240000 -13 210 1 0 1.000000
0.207576 -3.274030 0 22.388500 9.724220 195.533000 1933.090000 -13 211 1 0 1.000000
-0.218916 -1.149270 0 -14.750500 15.349500 197.090000 1933.300000 -13 212 1 0 1.000000
-1.058980 0.378042 0 -4.222470 -7.176960 182.974000 1933.130000 -13 213 1 0 1.000000
-0.476886 -2.744840 0 1.752560 1.073810 190.706000 1933.210000 -13 214 1 0 1.000000
-2.485400 0.698254 0 10.145400 -1.846020 194.352000 1933.100000 -13 215 1 0 1.000000
-1.009850 -1.503710 0 6.553430 -4.426300 197.422000 1933.200000 -13 216 1 0 1.000000
0.773646 -3.567700 0 -14.523300 1.315610 178.431000 1933.240000 -13 217 1 0 1.000000
-1.544030 -0.795359 0 -4.409650 10.451100 194.454000 1933.250000 -13 218 1 0 1.000000
1.954140 -1.317290 0 -8.536730 7.877940 206.520000 1933.220000 -13 219 1 0 1.000000
-1.221320 -2.943290 0 12.350500 24.428000 184.562000 1933.220000 -13 220 1 0 1.000000
-2.115710 -0.635430 0 0.180565 16.189000 201.320000 1933.080000 -13 221 1 0 1.000000
-1.980810 0.476052 0 -3.075720 4.654360 197.873000 1933.260000 -13 222 1 0 1.000000
-0.563264 -1.614110 0 -6.186190 -13.827100 179.415000 1933.190000 -13 223 1 0 1.000000
-2.328320 0.045337 0 10.755000 -6.875930 203.556000 1933.050000 -13 224 1 0 1.000000
0.156950 0.130906 0 -10.000200 -1.446070 204.547000 1933.370000 -13 225 1 0 1.000000
-2.360920 -1.192330 0 -11.652100 -12.918500 200.018000 1933.270000 -13 226 1 0 1.000000
-1.396690 -2.349870 0 3.325680 -4.701160 187.901000 1933.120000 -13 227 1 0 1.000000
-2.888480 -2.860010 0 6.092070 -12.266700 194.390000 1933.200000 -13 228 1 0 1.000000
-1.080760 -3.227340 0 4.254420 -6.716840 190.165000 1933.150000 -13 229 1 0 1.000000
-1.550680 -3.273130 0 4.998760 -13.875000 201.812000 1933.240000 -13 230 1 0 1.000000
-1.508190 0.421409 0 3.322930 -14.888000 206.036000 1933.140000 -13 231 1 0 1.000000
-1.154380 0.216958 0 -11.532400 22.487900 197.160000 1933.140000 -13 232 1 0 1.000000
-2.436050 1.245010 0 -3.119510 -12.240000 189.936000 1933.080000 -13 233 1 0 1.000000
-2.505940 -1.101810 0 -4.076950 9.087280 191.289000 1933.080000 -13 234 1 0 1.000000
-2.200790 -1.509120 0 1.706130 -5.316590 187.849000 1933.200000 -13 235 1 0 1.000000
-1.762380 0.101590 0 -3.062870 2.141000 194.172000 1933.130000 -13 236 1 0 1.000000
-2.558500 -0.335485 0 16.074400 3.325280 197.514000 1933.100000 -13 237 1 0 1.000000
-2.374600 -1.805590 0 10.704500 -11.210600 189.886000 1933.150000 -13 238 1 0 1.000000
-0.654857 -0.966863 0 11.804900 -3.634700 202.590000 1933.240000 -13 239 1 0 1.000000
0.120287 -1.686370 0 1.836030 13.857000 198.940000 1933.300000 -13 240 1 0 1.000000
-1.434990 -3.384450 0 -0.121113 10.135900 196.439000 1933.170000 -13 241 1 0 1.000000
-3.744100 0.589367 0 -10.366700 -5.710870 179.457000 1933.160000 -13 242 1 0 1.000000
1.095950 -2.267770 0 3.964440 10.206900 188.641000 1933.230000 -13 243 1 0 1.000000
-2.485110 0.354077 0 -2.303570 -1.609520 186.236000 1933.250000 -13 244 1 0 1.000000
-0.898459 -1.974520 0 1.925910 -12.564400 194.925000 1933.160000 -13 245 1 0 1.000000
-2.210500 -0.000149 0 -9.865650 8.265430 203.231000 1933.260000 -13 246 1 0 1.000000
0.385725 -0.886762 0 19.243800 9.487360 193.740000 1933.120000 -13 247 1 0 1.000000
-1.441730 -1.345270 0 -6.203630 4.638360 195.571000 1933.100000 -13 248 1 0 1.000000
-1.566970 -0.798265 0 8.001190 17.112800 187.612000 1933.160000 -13 249 1 0 1.000000
-1.104840 -3.807770 0 2.156670 2.098120 197.603000 1933.210000 -13 250 1 0 1.000000
-2.172490 -0.182742 0 -9.817160 -14.208300 190.252000 1933.160000 -13 251 1 0 1.000000
-2.917600 -3.561370 0 -0.268156 -11.309700 200.335000 1933.060000 -13 252 1 0 1.000000
0.525686 -2.504370 0 9.166470 -2.175200 198.276000 1933.130000 -13 253 1 0 1.000000
-0.966705 0.392694 0 -5.714360 13.564600 194.316000 1933.140000 -13 254 1 0 1.000000
0.403041 2.150080 0 5.594910 9.265590 201.877000 1933.190000 -13 255 1 0 1.000000
2.019340 -1.303380 0 -7.552840 30.441200 202.069000 1933.120000 -13 256 1 0 1.000000
-1.138840 -0.642796 0 20.450100 12.102100 191.553000 1933.080000 -13 257 1 0 1.000000
-1.951460 -1.165720 0 -5.604530 -4.411920 198.993000 1933.110000 -13 258 1 0 1.000000
-0.125695 -1.903730 0 -5.301130 -9.431600 189.350000 1933.170000 -13 259 1 0 1.000000
1.999820 0.676117 0 -2.507400 13.767900 190.765000 1933.140000 -13 260 1 0 1.000000
-3.797490 0.220873 0 13.406800 6.819060 193.250000 1933.070000 -13 261 1 0 1.000000
-1.315000 -0.601753 0 13.686000 -4.857670 191.090000 1933.160000 -13 262 1 0 1.000000
0.234254 -1.696620 0 -3.444580 14.010500 194.144000 1933.070000 -13 263 1 0 1.000000
0.989470 -3.746950 0 13.360400 18.492600 206.059000 1933.230000 -13 264 1 0 1.000000
-0.323206 -1.289510 0 -14.501900 17.615100 189.236000 1933.120000 -13 265 1 0 1.000000
-0.299626 1.809950 0 -11.824300 4.225530 206.026000 1933.030000 -13 266 1 0 1.000000
-3.005160 -2.122810 0 3.784300 -13.522000 188.834000 1933.150000 -13 267 1 0 1.000000
0.244212 -2.501380 0 7.058900 -16.776100 185.350000 1933.200000 -13 268 1 0 1.000000
-0.009080 -0.901816 0 -5.968530 -10.373700 186.769000 1933.260000 -13 269 1 0 1.000000
0.454849 -0.521558 0 -13.616700 19.265200 204.601000 1933.090000 -13 270 1 0 1.000000
-0.324610 -3.766920 0 -3.181810 4.059420 194.583000 1933.090000 -13 271 1 0 1.000000
-0.583183 -2.397880 0 -9.477820 3.236250 194.101000 1933.110000 -13 272 1 0 1.000000
-0.052496 -1.471430 0 -2.985630 5.832470 184.117000 1933.090000 -13 273 1 0 1.000000
-0.999290 0.612168 0 -10.836500 15.150800 189.996000 1933.170000 -13 274 1 0 1.000000
-3.083790 -4.542040 0 6.307180 -11.974200 197.328000 1933.080000 -13 275 1 0 1.000000
-1.289000 -4.244470 0 -21.216400 -1.846990 185.961000 1933.050000 -13 276 1 0 1.000000
1.425270 -2.331290 0 -4.918200 19.383800 183.802000 1933.180000 -13 277 1 0 1.000000
0.077223 -2.821230 0 4.137250 3.054590 200.423000 1933.330000 -13 278 1 0 1.000000
-0.680692 -0.707582 0 -7.556740 22.220400 191.636000 1933.090000 -13 279 1 0 1.000000
-1.163730 -0.725022 0 16.160600 7.876610 185.728000 1933.120000 -13 280 1 0 1.000000
-1.187880 0.494827 0 -1.995280 10.920300 189.248000 1933.040000 -13 281 1 0 1.000000
-1.585230 -1.479700 0 7.234180 17.397900 193.391000 1933.270000 -13 282 1 0 1.000000
-1.784830 0.491878 0 -0.056330 13.894400 204.504000 1933.130000 -13 283 1 0 1.000000
-1.563850 0.780496 0 -12.448200 5.620700 199.220000 1933.160000 -13 284 1 0 1.000000
-3.012700 1.013830 0 1.801850 1.217510 199.645000 1933.340000 -13 285 1 0 1.000000
-2.454380 -2.884360 0 -14.176700 -0.273886 194.282000 1933.370000 -13 286 1 0 1.000000
-1.655280 -2.304110 0 -1.412540 -8.763910 198.694000 1933.240000 -13 287 1 0 1.000000
-0.575602 -1.519380 0 -13.428200 11.325800 185.124000 1933.130000 -13 288 1 0 1.000000
0.455246 0.569460 0 -11.111100 -7.872630 186.634000 1933.180000 -13 289 1 0 1.000000
-1.449660 -1.787260 0 -8.704600 -0.357011 195.123000 1933.370000 -13 290 1 0 1.000000
0.073934 -3.697090 0 -1.869860 -2.836980 187.241000 1933.100000 -13 291 1 0 1.000000
-2.146820 -1.912920 0 -17.995300 4.024940 196.909000 1933.240000 -13 292 1 0 1.000000
1.143720 -4.034740 0 5.011680 20.399600 208.151000 1933.230000 -13 293 1 0 1.000000
-0.779649 -1.842020 0 -5.834750 21.383100 203.782000 1933.120000 -13 294 1 0 1.000000
-2.764660 -2.210910 0 4.663810 -15.952800 183.044000 1933.250000 -13 295 1 0 1.000000
0.392013 -2.716580 0 4.821530 2.788570 195.164000 1933.130000 -13 296 1 0 1.000000
-1.026610 0.284619 0 -7.843290 -3.587410 195.094000 1933.230000 -13 297 1 0 1.000000
-2.685110 -3.890750 0 13.851700 -10.889000 204.523000 1933.130000 -13 298 1 0 1.000000
-1.345980 -1.119980 0 -2.287070 -10.317000 200.136000 1933.190000 -13 299 1 0 1.000000
-0.251021 -2.178050 0 -14.203800 23.700600 185.394000 1933.190000 -13 300 1 0 1.000000
-0.711684 0.057520 0 4.440240 10.187900 188.594000 1933.090000 -13 301 1 0 1.000000
-2.112240 -1.586350 0 2.700660 -9.704420 207.995000 1933.100000 -13 302 1 0 1.000000
-3.155420 -1.334750 0 -10.002500 0.892644 191.022000 1933.200000 -13 303 1 0 1.000000
-0.078029 -2.122610 0 -6.340600 4.540790 189.625000 1933.220000 -13 304 1 0 1.000000
-0.345696 -3.711340 0 0.021977 4.506650 194.875000 1933.130000 -13 305 1 0 1.000000
0.980088 -0.374660 0 2.290740 12.286500 192.253000 1933.190000 -13 306 1 0 1.000000
-2.790330 -3.265370 0 -2.253820 -4.428880 194.913000 1933.130000 -13 307 1 0 1.000000
-0.525136 -0.661256 0 -9.112450 2.791400 203.786000 1933.150000 -13 308 1 0 1.000000
-1.864430 -1.258300 0 5.962430 -7.639550 201.528000 1933.260000 -13 309 1 0 1.000000
-1.316120 0.102880 0 1.282780 -0.107114 202.423000 1933.320000 -13 310 1 0 1.000000
-2.088260 0.015005 0 6.537750 7.108580 209.531000 1933.200000 -13 311 1 0 1.000000
-4.554170 -1.463440 0 8.048960 -15.923100 192.597000 1933.150000 -13 312 1 0 1.000000
0.605131 -1.139370 0 -8.127690 -15.768500 187.732000 1933.310000 -13 313 1 0 1.000000
-1.078570 -3.962110 0 10.880600 -0.831139 206.483000 1933.260000 -13 314 1 0 1.000000
-0.950433 0.639248 0 -1.524760 -17.778400 196.658000 1933.190000 -13 315 1 0 1.000000
1.337360 -4.050550 0 5.439710 6.394740 191.122000 1932.950000 -13 316 1 0 1.000000
0.968525 0.122111 0 -6.012680 7.976080 199.278000 1933.240000 -13 317 1 0 1.000000
-2.431850 -3.504080 0 7.149210 4.564130 191.601000 1933.080000 -13 318 1 0 1.000000
-2.514430 -1.041740 0 0.952896 -5.993480 207.514000 1933.280000 -13 319 1 0 1.000000
-0.054725 -2.689010 0 -0.875275 -0.134050 188.182000 1933.200000 -13 320 1 0 1.000000
-0.786430 -1.676530 0 -10.288600 -12.147000 188.861000 1933.150000 -13 321 1 0 1.000000
-2.617400 -0.242607 0 -6.353320 -10.816300 197.731000 1933.110000 -13 322 1 0 1.000000
-1.995400 -3.854440 0 11.109800 -5.253630 186.977000 1933.170000 -13 323 1 0 1.000000
-2.095640 -2.341580 0 -12.947700 16.108400 189.920000 1933.150000 -13 324 1 0 1.000000
-0.855486 -1.332390 0 9.017800 -11.046100 192.832000 1933.150000 -13 325 1 0 1.000000
0.139838 -2.169490 0 -5.174050 9.081880 210.856000 1933.160000 -13 326 1 0 1.000000
-1.681580 1.086190 0 -20.285200 -5.471140 195.515000 1933.130000 -13 327 1 0 1.000000
-0.866475 -3.468960 0 -0.189830 8.248040 194.012000 1933.270000 -13 328 1 0 1.000000
-1.973770 -1.117030 0 17.078900 22.052800 193.097000 1933.190000 -13 329 1 0 1.000000
-1.254080 1.114200 0 -4.919260 -16.558500 195.669000 1933.060000 -13 330 1 0 1.000000
-1.443850 -0.419126 0 0.072082 -5.201310 204.783000 1933.170000 -13 331 1 0 1.000000
-1.777100 -1.145300 0 0.658580 -15.633800 195.111000 1933.090000 -13 332 1 0 1.000000
2.459170 -1.068840 0 6.500610 14.239200 179.755000 1933.190000 -13 333 1 0 1.000000
1.794050 -1.843990 0 14.575800 17.886500 186.161000 1933.250000 -13 334 1 0 1.000000
-2.428140 -4.871540 0 2.779950 -13.537600 190.952000 1933.150000 -13 335 1 0 1.000000
-1.907500 -0.526413 0 -6.964850 2.740260 198.484000 1933.370000 -13 336 1 0 1.000000
1.886460 -1.138000 0 5.981730 10.424900 186.855000 1933.290000 -13 337 1 0 1.000000
-1.546250 1.551410 0 -3.913640 -11.593300 182.847000 1933.210000 -13 338 1 0 1.000000
1.481530 -2.037120 0 -13.945900 20.034200 199.844000 1933.160000 -13 339 1 0 1.000000
1.343480 -2.438690 0 -8.655070 0.692866 184.702000 1933.050000 -13 340 1 0 1.000000
-1.823800 -1.517660 0 -17.647600 14.494600 190.125000 1933.130000 -13 341 1 0 1.000000
-0.843464 -1.722160 0 -1.379260 -6.057280 191.082000 1933.090000 -13 342 1 0 1.000000
-0.085760 -2.995290 0 10.850600 10.429500 179.233000 1933.250000 -13 343 1 0 1.000000
-2.300320 -1.283580 0 -11.591600 -9.234440 199.453000 1933.060000 -13 344 1 0 1.000000
-2.325210 -0.702059 0 -14.005400 7.399400 192.562000 1933.160000 -13 345 1 0 1.000000
-2.555810 -3.304030 0 12.184400 12.382400 183.048000 1933.220000 -13 346 1 0 1.000000
-2.680090 -1.033890 0 -12.632700 17.559100 185.801000 1933.110000 -13 347 1 0 1.000000
0.722051 -2.804640 0 -13.612600 -23.375300 189.349000 1933.170000 -13 348 1 0 1.000000
-3.759070 -0.850010 0 -2.311060 -6.038360 212.248000 1933.180000 -13 349 1 0 1.000000
0.519876 -1.792880 0 6.117790 8.360410 191.862000 1933.170000 -13 350 1 0 1.000000
-2.896800 -2.045960 0 5.709910 8.005750 189.896000 1933.150000 -13 351 1 0 1.000000
-3.360330 -3.961480 0 -12.683900 8.760160 207.915000 1933.140000 -13 352 1 0 1.000000
-2.269190 -2.109210 0 -12.240900 -1.711240 186.225000 1933.150000 -13 353 1 0 1.000000
-1.882530 0.341926 0 -27.063800 10.528400 203.160000 1933.200000 -13 354 1 0 1.000000
-3.730370 -2.313300 0 6.920090 -17.168900 210.174000 1933.230000 -13 355 1 0 1.000000
-4.148720 -2.995380 0 11.622800 -7.162020 208.006000 1933.150000 -13 356 1 0 1.000000
-1.241640 -2.547700 0 4.871170 -12.227200 204.114000 1933.270000 -13 357 1 0 1.000000
-1.008630 -1.078390 0 -2.634920 14.315800 178.705000 1933.110000 -13 358 1 0 1.000000
-1.543710 -2.736460 0 -1.704020 13.442800 203.885000 1933.200000 -13 359 1 0 1.000000
-0.915572 0.263085 0 -3.511760 8.289520 193.596000 1933.250000 -13 360 1 0 1.000000
-2.601270 1.382810 0 -0.527925 -3.863430 182.664000 1933.130000 -13 361 1 0 1.000000
1.914450 -1.092860 0 -9.301490 14.422200 191.848000 1933.150000 -13 362 1 0 1.000000
1.291690 -1.522860 0 4.683540 0.956754 188.188000 1933.020000 -13 363 1 0 1.000000
-1.233340 -2.331680 0 18.297400 8.189680 196.328000 1933.160000 -13 364 1 0 1.000000
-2.992960 1.142360 0 -14.343800 1.448990 195.780000 1933.220000 -13 365 1 0 1.000000
-4.825800 -3.273710 0 9.083360 -11.347900 200.797000 1933.240000 -13 366 1 0 1.000000
0.560462 -2.132100 0 -8.676380 5.215190 196.708000 1933.100000 -13 367 1 0 1.000000
-2.027390 -1.665810 0 -0.131388 17.122700 203.347000 1933.240000 -13 368 1 0 1.000000
1.263140 -1.817450 0 7.349160 2.258330 182.087000 1933.130000 -13 369 1 0 1.000000
-0.953437 -2.770110 0 -14.215000 0.357278 195.758000 1933.240000 -13 370 1 0 1.000000
-0.633737 -1.620250 0 18.357600 8.902160 198.153000 1933.100000 -13 371 1 0 1.000000
-0.414647 -4.745970 0 19.391400 -11.613200 186.007000 1933.150000 -13 372 1 0 1.000000
-2.419310 -3.291630 0 23.792700 -8.588240 192.287000 1933.250000 -13 373 1 0 1.000000
-4.205850 -3.328980 0 -1.347840 -15.148200 202.841000 1933.220000 -13 374 1 0 1.000000
-1.728660 -0.290397 0 -13.245600 -13.084600 190.634000 1932.980000 -13 375 1 0 1.000000
-2.116000 -1.855060 0 -13.291600 -0.265212 208.556000 1933.200000 -13 376 1 0 1.000000
1.973560 -3.555650 0 -4.381490 0.847339 188.955000 1933.240000 -13 377 1 0 1.000000
0.251733 -1.518200 0 10.854300 8.506180 187.871000 1933.120000 -13 378 1 0 1.000000
-0.569456 -0.614622 0 0.533671 8.895110 184.014000 1933.200000 -13 379 1 0 1.000000
0.514515 -0.549329 0 0.311975 12.876800 203.719000 1933.200000 -13 380 1 0 1.000000
0.102945 -2.336530 0 -10.954400 12.455700 196.248000 1933.070000 -13 381 1 0 1.000000
-2.024510 -3.909390 0 10.934700 0.634788 205.154000 1933.080000 -13 382 1 0 1.000000
-1.378290 -0.963676 0 1.387270 -3.769750 208.443000 1933.230000 -13 383 1 0 1.000000
-1.965480 -2.232460 0 0.067852 -6.809080 209.258000 1933.170000 -13 384 1 0 1.000000
-2.144610 -1.428480 0 4.398470 2.131350 188.748000 1933.110000 -13 385 1 0 1.000000
-2.997370 -3.003430 0 10.808400 -16.170200 189.036000 1933.120000 -13 386 1 0 1.000000
-2.063740 -1.293390 0 7.703310 -9.698350 186.002000 1933.090000 -13 387 1 0 1.000000
-2.147350 -0.956755 0 -7.862440 -5.113240 188.897000 1933.200000 -13 388 1 0 1.000000
-3.090660 -1.745160 0 -13.309200 9.863410 205.046000 1933.110000 -13 389 1 0 1.000000
-2.923310 -1.057790 0 5.740000 -6.172430 211.194000 1933.240000 -13 390 1 0 1.000000
-3.595230 -1.933010 0 -6.310280 2.651810 204.471000 1933.120000 -13 391 1 0 1.000000
1.264110 -2.347900 0 -17.602800 -23.184500 180.331000 1933.170000 -13 392 1 0 1.000000
-0.848478 -2.812010 0 12.153200 -4.675350 183.084000 1933.090000 -13 393 1 0 1.000000
-0.787978 -0.930219 0 6.747330 -5.247760 192.001000 1933.250000 -13 394 1 0 1.000000
-2.342070 -1.048940 0 -14.601700 -9.798180 190.294000 1933.170000 -13 395 1 0 1.000000
-0.800251 -2.109060 0 -3.897570 9.865190 209.597000 1933.210000 -13 396 1 0 1.000000
0.560300 -2.820460 0 -9.233330 -16.199300 193.125000 1933.070000 -13 397 1 0 1.000000
-0.486061 -3.221830 0 11.087800 21.929800 193.170000 1933.400000 -13 398 1 0 1.000000
-3.814300 2.691130 0 -19.122500 -11.577700 200.925000 1933.120000 -13 399 1 0 1.000000
-2.089190 -0.223086 0 0.858810 11.425400 200.354000 1933.270000 -13 400 1 0 1.000000
1.032950 0.373930 0 -21.444700 2.368930 195.679000 1933.180000 -13 401 1 0 1.000000
1.204590 -2.458400 0 -2.135750 13.143900 195.018000 1933.250000 -13 402 1 0 1.000000
-3.914900 -2.734490 0 14.050700 7.493100 202.474000 1933.220000 -13 403 1 0 1.000000
-1.331400 -1.420610 0 7.270190 -13.183100 203.226000 1933.140000 -13 404 1 0 1.000000
-1.128340 0.613072 0 -2.483420 0.295798 193.162000 1933.190000 -13 405 1 0 1.000000
-1.425890 -1.060290 0 -3.738410 -13.822700 186.587000 1933.350000 -13 406 1 0 1.000000
-2.740060 0.395605 0 -0.732949 -11.089600 185.242000 1933.040000 -13 407 1 0 1.000000
-0.121043 -2.396770 0 -8.823390 -17.731000 184.173000 1933.160000 -13 408 1 0 1.000000
-1.509540 -3.925070 0 9.938570 -6.506850 203.783000 1933.220000 -13 409 1 0 1.000000
-2.648050 0.834182 0 -10.839900 -2.309800 193.834000 1933.270000 -13 410 1 0 1.000000
-1.158610 0.664170 0 -12.611500 10.162800 204.007000 1933.200000 -13 411 1 0 1.000000
-4.071320 -2.167630 0 -13.530800 -5.650630 199.136000 1933.150000 -13 412 1 0 1.000000
-1.617990 -0.212163 0 13.667400 -25.297800 184.052000 1933.260000 -13 413 1 0 1.000000
-0.916927 -2.176760 0 -13.697100 9.906040 181.232000 1933.150000 -13 414 1 0 1.000000
-1.185620 -0.518935 0 -22.276800 1.475240 185.543000 1933.090000 -13 415 1 0 1.000000
-1.896630 -2.771950 0 5.851490 -14.078000 198.121000 1933.110000 -13 416 1 0 1.000000
-0.511439 -2.115970 0 -2.352830 9.169120 191.747000 1933.120000 -13 417 1 0 1.000000
-2.064400 -1.038730 0 23.253900 -2.756730 202.245000 1933.100000 -13 418 1 0 1.000000
-0.919101 -0.133586 0 -0.569516 5.338300 189.446000 1933.210000 -13 419 1 0 1.000000
1.055560 -2.486690 0 9.235070 8.269610 193.210000 1933.160000 -13 420 1 0 1.000000
-2.057010 0.084041 0 -11.347200 -4.558590 205.786000 1933.070000 -13 421 1 0 1.000000
-1.149320 0.196723 0 -8.814800 24.117700 201.131000 1933.160000 -13 422 1 0 1.000000
-0.174624 -0.772196 0 -12.499000 15.212700 196.194000 1933.150000 -13 423 1 0 1.000000
-0.334972 -0.588274 0 1.605270 9.201370 188.123000 1933.360000 -13 424 1 0 1.000000
-3.186730 -0.798652 0 -2.122700 4.233870 201.223000 1933.210000 -13 425 1 0 1.000000
-0.737597 -2.828990 0 3.035100 -1.781160 203.052000 1933.030000 -13 426 1 0 1.000000
-0.216314 -0.086831 0 -5.124390 -8.287520 208.615000 1933.140000 -13 427 1 0 1.000000
0.483920 1.500640 0 -2.900770 9.780650 190.434000 1933.310000 -13 428 1 0 1.000000
-0.648991 -1.388940 0 -5.682230 30.008900 193.423000 1933.030000 -13 429 1 0 1.000000
-1.870000 1.161490 0 -13.549900 4.916610 192.254000 1933.170000 -13 430 1 0 1.000000
-2.886090 -1.345480 0 -1.890920 8.338970 203.198000 1933.280000 -13 431 1 0 1.000000
-1.149520 -3.651560 0 -3.903320 7.274340 189.002000 1933.290000 -13 432 1 0 1.000000
-1.824280 -1.454950 0 -6.389720 3.844070 189.951000 1933.170000 -13 433 1 0 1.000000
-0.250989 -3.038660 0 -10.728400 -14.218400 190.251000 1933.270000 -13 434 1 0 1.000000
0.499198 -1.352380 0 -6.172990 -5.736690 192.673000 1933.160000 -13 435 1 0 1.000000
0.584401 -0.046800 0 1.232260 -5.127150 194.133000 1933.190000 -13 436 1 0 1.000000
-3.111960 -0.435737 0 1.018960 5.074000 190.545000 1933.190000 -13 437 1 0 1.000000
0.217765 -0.893665 0 7.600620 18.833900 216.119000 1933.240000 -13 438 1 0 1.000000
0.719998 -0.377712 0 4.958470 0.856809 185.860000 1933.180000 -13 439 1 0 1.000000
-2.057080 -3.277710 0 -23.878000 4.090130 186.661000 1933.070000 -13 440 1 0 1.000000
-2.951710 0.175251 0 -11.033900 -8.894880 198.671000 1933.140000 -13 441 1 0 1.000000
-1.989110 -5.126510 0 17.889000 2.661630 192.423000 1933.120000 -13 442 1 0 1.000000
-0.415647 -1.153230 0 -1.180120 -15.038700 205.511000 1933.110000 -13 443 1 0 1.000000
-2.021120 -0.176578 0 3.824630 -1.887600 192.995000 1933.080000 -13 444 1 0 1.000000
-0.617763 -1.684570 0 -5.088380 -2.669290 188.412000 1932.980000 -13 445 1 0 1.000000
-2.853470 0.623742 0 3.239800 -8.019130 201.009000 1933.190000 -13 446 1 0 1.000000
-2.078430 -2.076950 0 3.379850 6.028350 192.436000 1933.130000 -13 447 1 0 1.000000
-0.440975 -0.923274 0 -0.812321 -4.880040 187.555000 1933.230000 -13 448 1 0 1.000000
-1.417370 -3.071160 0 3.725150 -17.915800 193.574000 1933.190000 -13 449 1 0 1.000000
-0.979727 -2.059780 0 -25.657300 1.132340 181.433000 1933.090000 -13 450 1 0 1.000000
0.817256 -4.217860 0 -5.689020 -4.538630 187.037000 1933.250000 -13 451 1 0 1.000000
-0.013693 -2.123300 0 7.437730 -0.767187 185.240000 1933.100000 -13 452 1 0 1.000000
-2.271650 1.054550 0 -8.656650 -2.482060 194.250000 1933.230000 -13 453 1 0 1.000000
-3.590560 -0.818841 0 19.993200 -21.090900 210.588000 1933.260000 -13 454 1 0 1.000000
-2.097860 0.336195 0 1.452860 -12.399200 203.124000 1933.120000 -13 455 1 0 1.000000
-0.647620 0.144400 0 11.234500 -6.411380 193.359000 1933.250000 -13 456 1 0 1.000000
-1.468780 1.654420 0 -4.131680 8.146650 188.879000 1933.230000 -13 457 1 0 1.000000
-0.677829 0.656344 0 -1.692580 -9.348680 185.434000 1933.190000 -13 458 1 0 1.000000
-0.705386 -0.989433 0 4.227780 5.497190 188.296000 1933.070000 -13 459 1 0 1.000000
1.458010 -0.891451 0 -2.383360 13.023900 192.209000 1933.160000 -13 460 1 0 1.000000
-1.051670 -3.695140 0 8.748970 -8.812040 182.527000 1933.180000 -13 461 1 0 1.000000
-1.414650 -2.194850 0 10.730200 -9.675070 203.860000 1933.230000 -13 462 1 0 1.000000
-1.548690 -0.333605 0 8.524460 -20.478300 194.551000 1933.050000 -13 463 1 0 1.000000
-1.331590 -1.450280 0 11.722500 5.891830 185.631000 1933.060000 -13 464 1 0 1.000000
-3.658630 -3.529500 0 -2.875620 12.060700 209.726000 1933.280000 -13 465 1 0 1.000000
-2.277790 -0.605812 0 -4.726800 -18.620700 188.725000 1933.160000 -13 466 1 0 1.000000
-1.539840 1.639850 0 -9.673080 11.149000 201.596000 1933.270000 -13 467 1 0 1.000000
-1.734420 -4.809130 0 0.086649 1.254450 199.949000 1933.410000 -13 468 1 0 1.000000
-0.821670 -2.988250 0 -3.038590 9.513140 203.051000 1933.080000 -13 469 1 0 1.000000
-1.124950 -3.465650 0 -10.332400 3.556320 195.986000 1933.090000 -13 470 1 0 1.000000
-1.228080 -4.491420 0 -13.583200 -7.434040 180.121000 1933.160000 -13 471 1 0 1.000000
1.728730 -0.064615 0 -12.679800 -3.197570 199.243000 1933.340000 -13 472 1 0 1.000000
1.967790 -3.501730 0 -6.676930 3.081510 184.037000 1933.340000 -13 473 1 0 1.000000
-1.398770 -1.996770 0 5.743430 -9.037950 199.001000 1933.090000 -13 474 1 0 1.000000
0.090166 -1.652660 0 -8.578930 19.376500 194.639000 1933.170000 -13 475 1 0 1.000000
1.812110 -1.030320 0 -6.592050 -1.271410 205.206000 1933.070000 -13 476 1 0 1.000000
-1.802990 -1.077070 0 -0.354983 3.345850 195.075000 1933.410000 -13 477 1 0 1.000000
0.924930 -1.675450 0 -1.390690 -13.120800 195.496000 1933.230000 -13 478 1 0 1.000000
-1.583530 -2.385070 0 10.387300 -7.793760 198.563000 1933.270000 -13 479 1 0 1.000000
-0.447873 -2.913590 0 -10.843900 -14.028200 192.598000 1933.280000 -13 480 1 0 1.000000
1.614840 -2.267610 0 9.363630 13.478700 201.061000 1933.300000 -13 481 1 0 1.000000
-1.323470 -1.146150 0 9.343190 -2.850230 192.131000 1933.170000 -13 482 1 0 1.000000
-1.502570 -0.029570 0 2.211150 4.663110 198.714000 1933.180000 -13 483 1 0 1.000000
-0.510278 -3.375470 0 2.158760 -6.217520 186.237000 1933.060000 -13 484 1 0 1.000000
-1.190780 1.391570 0 -2.358730 13.691000 208.288000 1933.140000 -13 485 1 0 1.000000
-2.873770 0.093698 0 2.014160 12.600900 188.242000 1933.150000 -13 486 1 0 1.000000
1.019380 -2.762070 0 -10.940000 -11.535700 204.987000 1933.190000 -13 487 1 0 1.000000
-3.490490 -4.121110 0 2.237090 6.243550 194.247000 1933.100000 -13 488 1 0 1.000000
-2.105170 -3.227070 0 9.025560 -18.668000 205.140000 1933.270000 -13 489 1 0 1.000000
-0.452314 -3.601710 0 4.707690 5.601250 188.977000 1933.260000 -13 490 1 0 1.000000
-1.921710 -0.829853 0 -2.800230 18.324200 187.746000 1933.170000 -13 491 1 0 1.000000
-1.869040 -1.971390 0 11.893800 0.151777 190.526000 1933.120000 -13 492 1 0 1.000000
-1.772800 -2.384280 0 -2.540450 -8.800450 194.182000 1933.200000 -13 493 1 0 1.000000
0.090541 -0.671309 0 -8.009460 17.278900 181.874000 1933.260000 -13 494 1 0 1.000000
2.071730 -1.246860 0 -5.687700 16.038400 194.308000 1933.150000 -13 495 1 0 1.000000
-0.064003 -2.603980 0 12.515300 3.946570 183.465000 1933.270000 -13 496 1 0 1.000000
-0.091346 -1.962860 0 -10.710900 -5.886540 200.796000 1933.090000 -13 497 1 0 1.000000
-3.986510 0.013365 0 -4.466390 1.725880 193.836000 1933.230000 -13 498 1 0 1.000000
-0.644533 1.620480 0 -9.363120 0.274851 200.933000 1933.050000 -13 499 1 0 1.000000
-1.579140 0.003920 0 20.395900 -8.072940 213.261000 1933.210000 -13 500 1 0 1.000000
-1.111520 0.356060 0 -13.546000 -6.215930 192.469000 1933.330000 -13 501 1 0 1.000000
-2.949650 0.874392 0 -3.302390 8.744970 201.065000 1933.050000 -13 502 1 0 1.000000
-1.044970 -1.531350 0 -6.681880 16.651400 191.342000 1933.110000 -13 503 1 0 1.000000
-3.252450 -0.742440 0 -9.073980 7.537110 189.526000 1933.180000 -13 504 1 0 1.000000
-1.266570 -2.094400 0 -2.320030 13.477400 194.412000 1933.070000 -13 505 1 0 1.000000
-0.105409 -3.261370 0 -17.793300 -16.641200 193.037000 1933.220000 -13 506 1 0 1.000000
1.512920 0.181664 0 10.112800 0.720876 196.318000 1933.040000 -13 507 1 0 1.000000
-0.193458 -2.635950 0 12.035500 28.485300 178.068000 1933.220000 -13 508 1 0 1.000000
-4.202710 -2.466700 0 10.877300 -13.867400 200.265000 1933.170000 -13 509 1 0 1.000000
-1.570600 -0.417968 0 6.946470 -3.121470 202.411000 1933.240000 -13 510 1 0 1.000000
0.980508 -1.437510 0 -1.705470 11.336500 210.996000 1933.220000 -13 511 1 0 1.000000
0.926790 -2.412410 0 4.903440 12.896800 192.358000 1933.150000 -13 512 1 0 1.000000
-1.605070 -2.846440 0 -13.337700 -17.841100 187.711000 1933.140000 -13 513 1 0 1.000000
-2.896780 -1.225610 0 0.750924 -2.345260 193.529000 1933.310000 -13 514 1 0 1.000000
1.482040 -0.945769 0 -19.600200 5.345430 194.055000 1933.160000 -13 515 1 0 1.000000
-0.152706 -0.159664 0 -1.058820 -9.000750 181.274000 1933.110000 -13 516 1 0 1.000000
-0.478875 0.428284 0 5.393690 8.114140 211.619000 1933.140000 -13 517 1 0 1.000000
-4.445440 -3.243850 0 2.224670 -4.835320 198.478000 1933.250000 -13 518 1 0 1.000000
-0.623729 0.083211 0 -10.241300 -13.543700 201.590000 1933.200000 -13 519 1 0 1.000000
0.609210 -1.096250 0 2.589450 8.063780 201.421000 1933.050000 -13 520 1 0 1.000000
-1.858640 1.809390 0 -12.044100 8.137200 183.288000 1933.070000 -13 521 1 0 1.000000
-0.899881 1.281110 0 -9.493530 11.938700 208.986000 1933.120000 -13 522 1 0 1.000000
-1.960910 -0.816491 0 0.554096 8.295540 192.495000 1933.080000 -13 523 1 0 1.000000
-2.029530 -3.455900 0 -6.867080 -11.126400 196.446000 1933.140000 -13 524 1 0 1.000000
-2.592160 0.205425 0 -0.312593 12.159500 187.981000 1933.090000 -13 525 1 0 1.000000
1.039290 -2.577470 0 -2.279680 0.965416 184.056000 1933.170000 -13 526 1 0 1.000000
-0.161841 -3.270040 0 0.349121 7.882220 192.875000 1933.310000 -13 527 1 0 1.000000
-1.834780 -3.940980 0 4.853770 7.482140 186.619000 1933.170000 -13 528 1 0 1.000000
-0.528443 0.898979 0 -1.962070 7.595160 198.728000 1933.190000 -13 529 1 0 1.000000
-4.379210 -0.453677 0 -0.467280 0.483821 191.611000 1933.060000 -13 530 1 0 1.000000
1.023230 -0.313545 0 6.452530 -5.771100 187.170000 1933.130000 -13 531 1 0 1.000000
-2.743120 -2.421050 0 -11.286700 -1.565870 199.106000 1933.080000 -13 532 1 0 1.000000
-1.759170 -1.903970 0 -7.435720 -6.084430 190.077000 1933.130000 -13 533 1 0 1.000000
-0.764497 -5.172690 0 0.562463 15.850700 196.864000 1933.290000 -13 534 1 0 1.000000
-0.515051 -4.944520 0 16.786100 -17.545300 183.808000 1933.170000 -13 535 1 0 1.000000
-2.163590 -1.714480 0 -11.380300 5.338180 189.725000 1933.240000 -13 536 1 0 1.000000
-1.901680 -4.680430 0 6.591950 2.325300 196.503000 1933.240000 -13 537 1 0 1.000000
-0.257291 -2.262960 0 1.577960 -0.894036 204.692000 1933.170000 -13 538 1 0 1.000000
-1.381450 0.153527 0 -8.415030 6.101160 185.866000 1933.220000 -13 539 1 0 1.000000
-0.092324 -3.110980 0 -14.220200 -0.220496 188.350000 1933.040000 -13 540 1 0 1.000000
-2.310110 -2.270220 0 25.515600 -5.932950 183.381000 1933.120000 -13 541 1 0 1.000000
-2.897650 0.304050 0 23.311500 -15.235100 185.039000 1933.230000 -13 542 1 0 1.000000
-2.076970 -3.815920 0 -10.809100 4.509790 188.360000 1933.150000 -13 543 1 0 1.000000
-0.872868 -3.769860 0 5.742340 -2.469280 193.778000 1933.100000 -13 544 1 0 1.000000
-4.387340 -0.567647 0 3.341800 -2.884180 198.029000 1933.120000 -13 545 1 0 1.000000
-1.761970 0.733693 0 -4.110210 -9.404170 184.674000 1933.070000 -13 546 1 0 1.000000
-1.599340 0.615569 0 -20.098200 7.026670 196.154000 1933.310000 -13 547 1 0 1.000000
-1.379920 -0.970562 0 2.997330 -2.897260 183.730000 1933.170000 -13 548 1 0 1.000000
1.312870 -3.431670 0 8.562160 6.564040 190.040000 1933.080000 -13 549 1 0 1.000000
-1.480960 -0.965986 0 2.696540 17.549600 192.922000 1933.050000 -13 550 1 0 1.000000
-1.266390 -0.141193 0 0.204986 3.038260 193.778000 1933.090000 -13 551 1 0 1.000000
-2.528130 -2.909470 0 3.869050 -4.347770 192.726000 1933.170000 -13 552 1 0 1.000000
-3.693650 0.393153 0 15.262300 6.256420 193.741000 1933.320000 -13 553 1 0 1.000000
-2.225790 -1.703440 0 12.339900 -12.358700 189.739000 1933.070000 -13 554 1 0 1.000000
0.773125 -2.118350 0 9.467680 15.784400 201.159000 1933.150000 -13 555 1 0 1.000000
0.910139 0.645281 0 -4.207010 -4.139480 207.826000 1933.180000 -13 556 1 0 1.000000
-3.212620 -0.926811 0 -16.724700 6.244880 197.234000 1933.240000 -13 557 1 0 1.000000
-0.397475 0.060675 0 -11.680000 7.205650 199.479000 1933.090000 -13 558 1 0 1.000000
-2.552900 -0.452670 0 9.794730 1.074880 190.425000 1933.200000 -13 559 1 0 1.000000
1.439270 -0.954034 0 -16.173100 11.599700 207.449000 1933.300000 -13 560 1 0 1.000000
-0.342995 -0.917410 0 -11.918700 17.392200 176.601000 1933.220000 -13 561 1 0 1.000000
-1.628730 0.253323 0 5.507140 -9.992470 209.494000 1933.160000 -13 562 1 0 1.000000
-0.164408 -3.284620 0 16.134900 3.403350 192.958000 1933.240000 -13 563 1 0 1.000000
0.269312 -0.928108 0 12.630600 -10.242200 182.088000 1933.110000 -13 564 1 0 1.000000
-3.667090 -2.139920 0 6.057460 12.212100 193.164000 1933.070000 -13 565 1 0 1.000000
-0.428673 -1.567060 0 -13.315200 5.260410 188.460000 1933.210000 -13 566 1 0 1.000000
-4.054030 -4.033140 0 9.029710 -4.125720 188.393000 1933.180000 -13 567 1 0 1.000000
-0.603102 -4.086420 0 7.247710 -4.255670 195.680000 1933.200000 -13 568 1 0 1.000000
-1.400260 -1.991730 0 -15.726300 -2.099330 193.859000 1933.250000 -13 569 1 0 1.000000
-1.041600 -1.302480 0 7.143290 -0.892864 208.990000 1933.290000 -13 570 1 0 1.000000
0.324708 -1.884060 0 -14.286800 -17.766200 197.882000 1933.170000 -13 571 1 0 1.000000
-2.121850 -1.132320 0 1.729770 -5.801220 197.401000 1933.220000 -13 572 1 0 1.000000
-3.832880 -2.610770 0 10.048600 17.429400 183.342000 1933.070000 -13 573 1 0 1.000000
-1.932100 1.434490 0 -11.627800 0.903157 200.636000 1933.120000 -13 574 1 0 1.000000
-0.091406 -2.990580 0 12.245200 -6.309650 195.503000 1933.070000 -13 575 1 0 1.000000
-0.691157 1.069950 0 -3.098120 -1.623560 194.696000 1933.020000 -13 576 1 0 1.000000
-2.659200 -0.688207 0 -1.575610 0.869125 189.566000 1933.250000 -13 577 1 0 1.000000
-0.545645 -1.022300 0 -9.884000 24.893700 188.934000 1933.230000 -13 578 1 0 1.000000
-1.727030 -3.326540 0 0.930838 -3.740000 188.190000 1933.110000 -13 579 1 0 1.000000
0.469212 -1.284040 0 -17.184900 6.233710 197.597000 1933.350000 -13 580 1 0 1.000000
0.003064 -0.938693 0 2.747910 21.057800 185.135000 1933.140000 -13 581 1 0 1.000000
-1.537280 -4.379100 0 10.968400 1.874850 194.984000 1933.360000 -13 582 1 0 1.000000
-1.451740 1.608620 0 -7.891050 5.058910 208.661000 1933.210000 -13 583 1 0 1.000000
-0.833554 0.876669 0 -3.677370 -3.397140 201.510000 1933.340000 -13 584 1 0 1.000000
-0.042247 0.792632 0 -7.740140 21.530700 193.439000 1933.140000 -13 585 1 0 1.000000
3.343570 -1.215230 0 -1.393800 11.725500 194.173000 1933.230000 -13 586 1 0 1.000000
1.585120 -0.983668 0 10.593600 15.287400 184.585000 1933.160000 -13 587 1 0 1.000000
-0.322922 -0.475418 0 7.424770 19.958300 190.577000 1933.150000 -13 588 1 0 1.000000
-1.408220 -0.624202 0 -3.438590 7.506060 186.424000 1933.170000 -13 589 1 0 1.000000
-1.874190 -0.117160 0 -11.613100 -8.850810 192.842000 1933.140000 -13 590 1 0 1.000000
-1.728630 0.084903 0 -18.798200 -18.316600 197.993000 1933.110000 -13 591 1 0 1.000000
-1.417740 -2.723080 0 -3.086800 -14.546700 192.120000 1933.250000 -13 592 1 0 1.000000
-0.495813 -0.272086 0 10.716700 -8.941430 179.221000 1933.130000 -13 593 1 0 1.000000
0.339447 -1.600300 0 -16.810500 9.881070 198.169000 1933.120000 -13 594 1 0 1.000000
-0.063931 -1.325320 0 19.791900 9.968140 178.623000 1933.110000 -13 595 1 0 1.000000
-0.535376 -0.608668 0 6.179710 -6.154180 207.183000 1933.170000 -13 596 1 0 1.000000
-1.048580 -1.770030 0 -3.079580 -9.837820 189.321000 1933.100000 -13 597 1 0 1.000000
-1.762720 1.500930 0 -3.261060 -2.358160 191.973000 1933.220000 -13 598 1 0 1.000000
-4.167860 -3.148510 0 -18.258000 0.273677 206.814000 1933.070000 -13 599 1 0 1.000000
0.172711 -2.985590 0 5.896820 -6.837760 207.133000 1933.440000 -13 600 1 0 1.000000
-1.653930 -0.106067 0 17.320200 6.501730 180.217000 1933.200000 -13 601 1 0 1.000000
-2.236040 -4.153550 0 -13.574200 10.080200 202.181000 1933.190000 -13 602 1 0 1.000000
-2.487870 -3.271040 0 20.244000 -7.887280 202.510000 1933.190000 -13 603 1 0 1.000000
-0.422815 -0.611297 0 -12.268500 6.561020 195.327000 1933.270000 -13 604 1 0 1.000000
-0.217653 0.635942 0 -0.366565 0.496489 182.056000 1933.180000 -13 605 1 0 1.000000
-1.044460 -2.407450 0 -5.107910 -2.824370 196.451000 1933.040000 -13 606 1 0 1.000000
-3.364020 -1.425150 0 13.036900 -16.477900 186.864000 1933.210000 -13 607 1 0 1.000000
-3.299290 -0.394937 0 -4.521300 -7.207400 201.043000 1933.200000 -13 608 1 0 1.000000
0.662691 -2.957180 0 -5.375020 -2.761270 198.873000 1933.180000 -13 609 1 0 1.000000
0.541852 -3.481540 0 10.068500 7.059890 204.139000 1933.180000 -13 610 1 0 1.000000
-1.231300 -2.743760 0 9.237370 -7.684490 187.292000 1933.190000 -13 611 1 0 1.000000
-1.414260 -0.073958 0 -0.306452 -7.080830 188.200000 1933.190000 -13 612 1 0 1.000000
-1.567690 0.002424 0 -11.584200 -0.594286 204.482000 1933.090000 -13 613 1 0 1.000000
-0.312749 -1.711920 0 9.434210 7.704660 199.631000 1933.070000 -13 614 1 0 1.000000
-1.635110 -2.112340 0 -0.312583 -12.897800 197.869000 1933.310000 -13 615 1 0 1.000000
-2.260090 -1.367320 0 -0.004302 2.228850 205.594000 1933.220000 -13 616 1 0 1.000000
-1.832710 -2.328890 0 8.606970 4.963190 200.783000 1933.230000 -13 617 1 0 1.000000
-0.510793 1.575590 0 -10.879100 6.983670 194.780000 1933.200000 -13 618 1 0 1.000000
-1.442470 -2.415500 0 18.654200 -15.155300 196.571000 1933.260000 -13 619 1 0 1.000000
-2.736400 -1.063570 0 0.982551 -12.774100 205.469000 1933.160000 -13 620 1 0 1.000000
-2.888630 0.172604 0 -7.577970 -14.070600 188.459000 1933.300000 -13 621 1 0 1.000000
0.073610 -1.385520 0 -2.228530 -0.120885 195.342000 1933.150000 -13 622 1 0 1.000000
-4.545410 -2.944950 0 -6.982930 9.166810 191.997000 1933.150000 -13 623 1 0 1.000000
-1.476900 -3.547180 0 22.775500 3.916450 203.455000 1933.080000 -13 624 1 0 1.000000
-1.285010 -4.867460 0 4.208420 -2.355800 198.759000 1933.270000 -13 625 1 0 1.000000
-1.711510 -2.634170 0 4.641990 -11.361400 195.105000 1933.170000 -13 626 1 0 1.000000
-2.090080 -2.677220 0 -11.988400 -1.965110 199.499000 1933.090000 -13 627 1 0 1.000000
-0.500344 -2.931130 0 -18.184200 -4.154660 191.532000 1933.100000 -13 628 1 0 1.000000
-1.681170 -3.034330 0 -3.844240 15.069800 198.278000 1933.190000 -13 629 1 0 1.000000
-0.919702 -3.580560 0 2.760210 4.576370 189.324000 1933.190000 -13 630 1 0 1.000000
0.613687 -3.134580 0 -10.476300 -2.738710 188.799000 1933.040000 -13 631 1 0 1.000000
1.073840 -1.404960 0 -7.431440 2.584830 187.331000 1933.260000 -13 632 1 0 1.000000
-2.966080 1.894920 0 14.122000 10.071000 193.214000 1933.190000 -13 633 1 0 1.000000
-0.816705 -0.942388 0 -6.073380 -10.701600 175.038000 1933.130000 -13 634 1 0 1.000000
-1.030840 1.058170 0 -10.373600 -13.972100 195.542000 1933.210000 -13 635 1 0 1.000000
-1.362970 -0.356900 0 -3.514730 -2.691580 186.779000 1933.280000 -13 636 1 0 1.000000
-1.024810 -2.087560 0 -6.578510 -7.641800 192.055000 1933.060000 -13 637 1 0 1.000000
-1.348210 -0.730874 0 -1.482760 -3.116210 181.589000 1933.100000 -13 638 1 0 1.000000
-0.037231 -2.362030 0 19.582600 -12.125200 188.903000 1933.210000 -13 639 1 0 1.000000
-0.517004 -0.422637 0 4.745740 12.257700 194.254000 1933.220000 -13 640 1 0 1.000000
-0.605097 -1.968990 0 5.523990 -1.749730 205.717000 1933.260000 -13 641 1 0 1.000000
-2.090600 -0.631029 0 4.311110 -10.239100 192.101000 1933.180000 -13 642 1 0 1.000000
1.222320 -2.481910 0 -8.126560 3.336790 183.416000 1933.270000 -13 643 1 0 1.000000
1.015340 -0.987143 0 -0.598077 -6.386060 199.216000 1933.160000 -13 644 1 0 1.000000
-1.494830 -0.986815 0 1.432840 19.505200 185.419000 1933.060000 -13 645 1 0 1.000000
0.482717 -1.832610 0 -6.477430 27.086300 193.031000 1933.120000 -13 646 1 0 1.000000
-3.203520 -3.428440 0 6.491470 -12.459000 196.323000 1933.040000 -13 647 1 0 1.000000
-0.349211 -2.241650 0 -0.735041 11.450800 192.809000 1933.250000 -13 648 1 0 1.000000
-1.234680 -2.570430 0 -2.843170 -6.364350 191.652000 1933.210000 -13 649 1 0 1.000000
-2.262870 -0.278875 0 12.694400 2.973490 192.371000 1933.130000 -13 650 1 0 1.000000
-1.665120 -2.949860 0 12.985800 -4.048950 181.574000 1933.210000 -13 651 1 0 1.000000
-0.427301 -0.952914 0 -5.420660 15.817100 200.810000 1933.200000 -13 652 1 0 1.000000
1.535320 -1.248640 0 -4.111780 -18.612000 195.037000 1933.140000 -13 653 1 0 1.000000
-3.132870 -0.787096 0 1.387080 6.309230 202.464000 1933.180000 -13 654 1 0 1.000000
-0.744703 -0.650341 0 24.428500 -0.179650 191.699000 1933.130000 -13 655 1 0 1.000000
-0.161948 -1.990880 0 -4.434060 -3.894390 200.455000 1933.390000 -13 656 1 0 1.000000
0.425249 -1.169390 0 -1.060480 12.743800 197.276000 1933.290000 -13 657 1 0 1.000000
-3.055220 2.096310 0 4.587790 -16.089400 198.980000 1933.210000 -13 658 1 0 1.000000
-1.179740 -1.637710 0 -19.727000 25.536400 201.493000 1933.100000 -13 659 1 0 1.000000
-1.395060 -2.525270 0 2.133620 -0.407255 183.795000 1933.230000 -13 660 1 0 1.000000
-3.061530 -1.739700 0 -6.158280 4.053610 190.524000 1933.260000 -13 661 1 0 1.000000
-1.634260 -1.808620 0 -6.073860 -3.724780 193.765000 1933.120000 -13 662 1 0 1.000000
-1.557540 -3.818840 0 10.173800 0.103853 201.011000 1933.330000 -13 663 1 0 1.000000
0.437627 -1.276080 0 -9.436310 -0.657112 196.473000 1933.240000 -13 664 1 0 1.000000
-2.318110 -1.896690 0 7.127720 15.537200 182.230000 1933.060000 -13 665 1 0 1.000000
-0.244636 -2.215650 0 -3.781630 13.784200 203.461000 1933.370000 -13 666 1 0 1.000000
0.155638 -1.362850 0 -9.771230 -0.380444 196.250000 1933.130000 -13 667 1 0 1.000000
1.280670 -1.784430 0 -1.177810 17.806500 189.785000 1933.080000 -13 668 1 0 1.000000
-1.980350 -0.094436 0 12.734000 9.200780 187.755000 1933.070000 -13 669 1 0 1.000000
1.385790 -0.427852 0 -2.960050 22.332300 193.056000 1933.110000 -13 670 1 0 1.000000
0.741868 1.125280 0 0.589704 1.705010 200.999000 1933.190000 -13 671 1 0 1.000000
0.659197 -1.277860 0 -9.185510 -2.605080 191.952000 1933.110000 -13 672 1 0 1.000000
-1.643480 -0.180398 0 5.513020 -3.781100 186.793000 1933.370000 -13 673 1 0 1.000000
-0.094022 -0.030378 0 -10.514600 18.705800 184.761000 1933.100000 -13 674 1 0 1.000000
-1.108560 -4.452630 0 -0.856833 -4.715580 200.613000 1933.190000 -13 675 1 0 1.000000
-0.433019 -0.994952 0 -14.413900 4.118420 204.482000 1933.230000 -13 676 1 0 1.000000
-0.070126 -3.318780 0 -3.040600 -3.916870 185.420000 1933.180000 -13 677 1 0 1.000000
-1.084620 -2.183330 0 -8.796780 1.733160 183.782000 1933.100000 -13 678 1 0 1.000000
-3.396560 0.066071 0 -11.197100 -5.307510 189.092000 1933.210000 -13 679 1 0 1.000000
-0.464645 -3.231210 0 -6.232310 2.774540 185.811000 1933.320000 -13 680 1 0 1.000000
-2.453010 -1.240300 0 -2.997960 -1.634310 192.543000 1933.210000 -13 681 1 0 1.000000
-3.595640 -2.091680 0 8.040390 -12.914000 200.787000 1933.130000 -13 682 1 0 1.000000
-1.432080 -5.165990 0 -8.849300 7.805780 192.169000 1933.220000 -13 683 1 0 1.000000
-0.455343 -2.522380 0 -12.203200 20.381700 178.876000 1933.270000 -13 684 1 0 1.000000
-0.349840 0.903270 0 -3.957390 3.630740 187.064000 1933.200000 -13 685 1 0 1.000000
-0.739414 -1.398890 0 -3.666370 -2.554360 193.785000 1933.220000 -13 686 1 0 1.000000
-0.077102 -4.293920 0 3.190630 -17.931500 187.180000 1933.250000 -13 687 1 0 1.000000
-2.026470 -3.730340 0 19.148500 3.972790 191.823000 1933.350000 -13 688 1 0 1.000000
-0.162943 -1.892440 0 3.871320 -3.984720 195.875000 1933.180000 -13 689 1 0 1.000000
0.713307 -1.869500 0 7.573210 -9.672170 206.506000 1933.180000 -13 690 1 0 1.000000
-0.744062 -4.097480 0 21.665800 0.733582 196.258000 1933.240000 -13 691 1 0 1.000000
0.161784 -1.382310 0 26.571100 -5.351630 180.709000 1933.090000 -13 692 1 0 1.000000
-1.883230 -3.046770 0 -6.481270 6.016400 194.880000 1933.080000 -13 693 1 0 1.000000
0.208403 -3.694170 0 5.524910 -2.716850 189.567000 1933.200000 -13 694 1 0 1.000000
-0.396499 -2.204820 0 -4.370070 11.129900 186.625000 1933.170000 -13 695 1 0 1.000000
-0.456949 -2.156140 0 9.580380 4.003900 210.326000 1933.180000 -13 696 1 0 1.000000
-3.601970 -1.660090 0 7.316300 -5.105940 189.802000 1933.160000 -13 697 1 0 1.000000
0.844583 -1.599860 0 -2.116810 9.265860 188.310000 1933.170000 -13 698 1 0 1.000000
-0.031396 -2.899850 0 6.249640 -7.426860 190.577000 1933.170000 -13 699 1 0 1.000000
-0.499539 -2.564950 0 18.928900 -10.971000 201.170000 1933.120000 -13 700 1 0 1.000000
-2.851490 1.022160 0 -7.900620 -9.005530 199.254000 1933.190000 -13 701 1 0 1.000000
1.713600 -0.984277 0 14.194300 -3.559370 195.093000 1933.240000 -13 702 1 0 1.000000
-1.318960 -3.283330 0 0.924061 -0.674031 202.963000 1933.190000 -13 703 1 0 1.000000
-1.812070 -3.654050 0 10.824800 3.860390 208.506000 1933.240000 -13 704 1 0 1.000000
-0.961402 3.109300 0 -7.678110 6.370870 197.300000 1933.220000 -13 705 1 0 1.000000
1.051330 -3.562380 0 0.471608 0.352519 183.419000 1933.130000 -13 706 1 0 1.000000
0.872889 -1.804950 0 -12.915800 13.005900 180.454000 1933.300000 -13 707 1 0 1.000000
-1.990540 -1.428740 0 6.585480 0.494814 191.620000 1933.190000 -13 708 1 0 1.000000
-1.105860 -2.364040 0 -2.359030 1.751670 199.949000 1933.240000 -13 709 1 0 1.000000
-1.751980 0.187098 0 -7.883220 8.539720 211.086000 1933.260000 -13 710 1 0 1.000000
0.629538 -1.142140 0 -4.220040 11.099600 184.500000 1933.230000 -13 711 1 0 1.000000
-1.748840 -2.426100 0 -4.837710 1.372440 188.547000 1933.070000 -13 712 1 0 1.000000
-1.501890 -4.432860 0 7.653250 -6.957970 192.184000 1933.170000 -13 713 1 0 1.000000
-0.565417 -0.879596 0 -11.482000 -25.528700 190.497000 1933.150000 -13 714 1 0 1.000000
-0.756318 -2.033370 0 -9.604770 0.175409 182.913000 1933.220000 -13 715 1 0 1.000000
-1.906980 -1.930410 0 -0.991159 -10.786600 197.338000 1933.120000 -13 716 1 0 1.000000
-1.338510 0.410082 0 -10.952100 2.055390 183.903000 1933.120000 -13 717 1 0 1.000000
-1.643160 -3.415680 0 -4.394210 1.544980 186.078000 1933.350000 -13 718 1 0 1.000000
-3.583780 -0.105797 0 -6.749920 6.239120 201.389000 1933.220000 -13 719 1 0 1.000000
-2.426370 -0.241406 0 7.155750 17.562500 188.527000 1933.300000 -13 720 1 0 1.000000
-1.094810 1.574490 0 -6.188770 4.929970 195.072000 1933.150000 -13 721 1 0 1.000000
-0.360268 0.024891 0 -2.131440 -12.910800 197.102000 1933.060000 -13 722 1 0 1.000000
0.446466 -1.818180 0 -3.718510 8.477670 195.475000 1933.090000 -13 723 1 0 1.000000
0.573152 -3.190520 0 6.083610 13.583500 191.914000 1933.150000 -13 724 1 0 1.000000
-2.273160 -2.117840 0 -2.358990 8.915270 191.225000 1933.080000 -13 725 1 0 1.000000
-4.044260 1.301710 0 -16.919800 4.686290 206.799000 1933.100000 -13 726 1 0 1.000000
-1.977920 -0.365039 0 -11.787400 -3.613420 198.986000 1933.080000 -13 727 1 0 1.000000
-2.312660 -2.618810 0 -2.934490 -3.551830 192.996000 1933.220000 -13 728 1 0 1.000000
-2.688310 -0.197652 0 6.952920 9.621200 186.045000 1933.270000 -13 729 1 0 1.000000
-1.822480 1.169430 0 -15.831900 3.008740 199.591000 1933.330000 -13 730 1 0 1.000000
-1.751500 -3.855280 0 15.420700 11.137500 192.678000 1933.290000 -13 731 1 0 1.000000
-1.627630 0.066264 0 -1.508460 -5.668640 190.545000 1933.180000 -13 732 1 0 1.000000
-1.928300 -1.642300 0 7.401820 -18.182200 185.507000 1933.150000 -13 733 1 0 1.000000
-2.866470 -1.276160 0 3.599470 7.390640 177.912000 1933.110000 -13 734 1 0 1.000000
-5.569300 -0.905583 0 -5.270780 1.763090 200.918000 1933.260000 -13 735 1 0 1.000000
-3.013470 -2.598250 0 16.677000 11.485300 209.192000 1933.170000 -13 736 1 0 1.000000
-1.073670 -3.527100 0 -8.171150 3.787190 199.433000 1933.080000 -13 737 1 0 1.000000
-3.575750 -2.223730 0 9.581620 3.868040 202.313000 1933.110000 -13 738 1 0 1.000000
-4.256960 -0.606579 0 1.278990 -29.412600 192.258000 1933.080000 -13 739 1 0 1.000000
-3.480000 0.435021 0 -2.982470 -10.788700 189.993000 1933.170000 -13 740 1 0 1.000000
-0.199021 -1.631890 0 14.003100 -1.051920 197.649000 1933.160000 -13 741 1 0 1.000000
-0.487622 -4.368950 0 5.547730 9.027650 192.130000 1933.210000 -13 742 1 0 1.000000
-2.365050 1.605340 0 -2.343490 -10.016900 206.863000 1933.260000 -13 743 1 0 1.000000
-0.070704 -1.243410 0 -7.106340 15.411800 193.314000 1933.090000 -13 744 1 0 1.000000
0.795236 -3.075900 0 6.174420 14.302600 203.850000 1933.160000 -13 745 1 0 1.000000
-3.634670 -3.167790 0 19.241200 6.960600 199.282000 1933.290000 -13 746 1 0 1.000000
-2.121570 0.898206 0 -14.377900 3.750240 195.354000 1933.070000 -13 747 1 0 1.000000
-2.661480 -1.746380 0 7.082710 -5.675610 190.720000 1933.180000 -13 748 1 0 1.000000
0.139365 -0.559749 0 0.848174 -9.962470 197.841000 1933.120000 -13 749 1 0 1.000000
0.060372 -3.876340 0 -0.919332 9.836560 193.020000 1933.220000 -13 750 1 0 1.000000
0.629779 -0.703252 0 -5.241430 11.967700 182.026000 1933.120000 -13 751 1 0 1.000000
-0.076519 -3.885710 0 4.648390 -4.427050 199.312000 1933.300000 -13 752 1 0 1.000000
-0.307505 -0.975219 0 3.196420 17.042500 187.388000 1933.220000 -13 753 1 0 1.000000
0.069363 -2.024570 0 -1.781780 -1.243530 190.235000 1933.080000 -13 754 1 0 1.000000
-2.201950 -0.037733 0 6.919630 -4.418090 195.096000 1933.150000 -13 755 1 0 1.000000
-1.440330 -2.272630 0 8.767360 -11.970100 195.655000 1933.340000 -13 756 1 0 1.000000
-1.463130 -1.995870 0 1.347940 -7.808430 199.919000 1933.320000 -13 757 1 0 1.000000
-3.349070 -3.481460 0 -8.930750 3.751130 201.127000 1933.150000 -13 758 1 0 1.000000
-0.569278 -1.295190 0 4.551990 -2.967970 180.442000 1933.180000 -13 759 1 0 1.000000
-1.151600 -0.894388 0 9.069850 -6.740420 200.885000 1933.220000 -13 760 1 0 1.000000
-2.318000 -0.452527 0 11.266300 -6.153570 198.339000 1933.110000 -13 761 1 0 1.000000
-0.840991 -0.978350 0 4.229410 -2.712120 196.768000 1933.180000 -13 762 1 0 1.000000
-0.346306 -1.572180 0 5.459480 -0.601387 202.438000 1933.310000 -13 763 1 0 1.000000
0.328240 -1.941550 0 21.242200 13.447200 208.374000 1933.280000 -13 764 1 0 1.000000
-2.863720 -1.915690 0 6.944600 -23.979200 185.610000 1933.230000 -13 765 1 0 1.000000
0.314222 -3.229200 0 14.679800 -9.003140 187.255000 1933.250000 -13 766 1 0 1.000000
-2.811920 0.295266 0 8.653090 -12.401900 191.715000 1933.230000 -13 767 1 0 1.000000
0.129151 -2.256070 0 5.212630 -4.663400 190.056000 1933.160000 -13 768 1 0 1.000000
-2.649840 0.592172 0 -12.565900 -1.460550 193.989000 1933.160000 -13 769 1 0 1.000000
-1.067270 0.286338 0 0.170193 12.010400 179.347000 1933.180000 -13 770 1 0 1.000000
-2.383430 -0.471444 0 -2.942320 -0.309470 198.655000 1933.170000 -13 771 1 0 1.000000
-1.861020 1.243530 0 5.769000 2.808970 206.237000 1933.190000 -13 772 1 0 1.000000
1.656320 -1.459300 0 -7.612580 -6.938050 194.667000 1933.240000 -13 773 1 0 1.000000
-2.340710 -1.262720 0 9.397930 -6.963340 184.964000 1933.070000 -13 774 1 0 1.000000
-1.129300 -1.723760 0 5.411140 10.357900 194.423000 1933.100000 -13 775 1 0 1.000000
-1.084510 -1.328800 0 0.274698 13.899900 181.448000 1933.160000 -13 776 1 0 1.000000
0.480814 0.628388 0 -7.113790 -11.242600 180.851000 1933.240000 -13 777 1 0 1.000000
-1.645600 -2.513500 0 6.710280 -2.950490 189.952000 1933.330000 -13 778 1 0 1.000000
0.197955 -0.925270 0 4.058470 14.471400 209.480000 1933.180000 -13 779 1 0 1.000000
-1.076130 1.010220 0 -13.537400 -1.873560 194.312000 1933.150000 -13 780 1 0 1.000000
-2.205120 -2.056730 0 14.510700 5.436320 199.144000 1933.250000 -13 781 1 0 1.000000
-2.427380 -2.386430 0 -9.576750 -9.347480 210.705000 1933.130000 -13 782 1 0 1.000000
0.614879 -1.203220 0 6.476630 25.753400 201.774000 1933.190000 -13 783 1 0 1.000000
-1.219760 -2.542700 0 16.464400 10.299400 191.611000 1933.200000 -13 784 1 0 1.000000
-3.512910 -3.938080 0 -4.492260 9.069440 190.478000 1933.140000 -13 785 1 0 1.000000
-0.940405 -3.718030 0 13.452500 -5.183890 187.458000 1933.240000 -13 786 1 0 1.000000
-0.138853 -1.486250 0 -2.107390 -6.450440 197.323000 1933.140000 -13 787 1 0 1.000000
-0.541444 0.029915 0 14.055100 -8.085460 191.045000 1933.240000 -13 788 1 0 1.000000
-0.530532 1.055750 0 -12.505800 -5.975750 194.876000 1933.260000 -13 789 1 0 1.000000
1.526860 -1.325170 0 8.957320 -5.882580 194.130000 1933.090000 -13 790 1 0 1.000000
-0.557578 -4.447020 0 -3.786630 -10.492600 212.134000 1933.230000 -13 791 1 0 1.000000
-4.318550 -2.478900 0 9.854270 -8.452750 204.647000 1933.260000 -13 792 1 0 1.000000
-1.953340 -1.635690 0 1.569000 -6.056360 197.299000 1933.090000 -13 793 1 0 1.000000
0.608134 -0.633891 0 7.204030 10.332200 187.249000 1933.230000 -13 794 1 0 1.000000
-1.305650 -4.825160 0 -14.182500 -11.385800 198.206000 1933.080000 -13 795 1 0 1.000000
-4.042610 -1.493680 0 -6.547520 5.593350 193.065000 1933.120000 -13 796 1 0 1.000000
-1.892120 -1.324050 0 -6.414360 13.679700 206.801000 1933.200000 -13 797 1 0 1.000000
-2.094570 -0.859681 0 4.247500 3.918230 194.774000 1933.130000 -13 798 1 0 1.000000
0.539525 -1.585410 0 -4.512090 11.667400 191.935000 1933.170000 -13 799 1 0 1.000000
-0.151211 -4.034020 0 -9.317880 -6.142890 201.076000 1933.210000 -13 800 1 0 1.000000
-2.608210 -1.501710 0 -3.652390 -1.856660 194.559000 1933.130000 -13 801 1 0 1.000000
-1.098020 -5.000010 0 -6.580860 14.306400 195.610000 1933.050000 -13 802 1 0 1.000000
-1.867580 -2.301630 0 4.989310 15.460200 197.089000 1933.080000 -13 803 1 0 1.000000
-1.197930 -0.620619 0 6.597670 2.435070 181.807000 1933.130000 -13 804 1 0 1.000000
0.754254 1.356450 0 -5.795380 2.685710 190.616000 1933.050000 -13 805 1 0 1.000000
-3.655560 -0.563218 0 -0.253758 7.842470 186.484000 1933.130000 -13 806 1 0 1.000000
-0.679697 -3.432190 0 8.177570 -5.786260 193.218000 1933.150000 -13 807 1 0 1.000000
-1.115320 0.410693 0 2.922260 -2.747490 183.305000 1933.250000 -13 808 1 0 1.000000
-1.134650 -2.009650 0 -8.391490 -5.250440 196.874000 1933.210000 -13 809 1 0 1.000000
-2.027810 -1.130370 0 6.222600 0.141758 193.615000 1933.170000 -13 810 1 0 1.000000
-0.564181 -1.807020 0 -2.776790 19.558300 186.861000 1933.130000 -13 811 1 0 1.000000
-3.251680 -3.251690 0 -7.388960 0.367003 192.990000 1933.140000 -13 812 1 0 1.000000
-1.817370 -5.811830 0 9.930980 -6.206720 193.574000 1933.350000 -13 813 1 0 1.000000
-0.584286 1.200180 0 -11.394800 -0.699668 185.449000 1933.140000 -13 814 1 0 1.000000
-1.715670 -0.293988 0 7.522380 8.509850 185.741000 1933.260000 -13 815 1 0 1.000000
-0.067184 -2.370320 0 0.385575 -1.556140 191.006000 1933.190000 -13 816 1 0 1.000000
-3.479920 1.552340 0 -1.578770 -12.622600 204.048000 1933.180000 -13 817 1 0 1.000000
-3.862460 -2.511740 0 12.874700 -30.567300 212.397000 1933.230000 -13 818 1 0 1.000000
1.446550 -2.182140 0 -6.448790 -0.026686 192.088000 1933.080000 -13 819 1 0 1.000000
-2.934950 0.162269 0 -7.396430 -4.333020 204.414000 1933.220000 -13 820 1 0 1.000000
-1.554020 1.270570 0 -11.443600 11.111200 208.116000 1933.140000 -13 821 1 0 1.000000
-0.977567 -1.033020 0 9.520330 -5.620530 183.849000 1933.260000 -13 822 1 0 1.000000
-1.418000 -3.809250 0 2.058730 -1.706480 202.638000 1933.230000 -13 823 1 0 1.000000
-0.924885 -5.119060 0 22.314600 -5.364620 195.977000 1933.110000 -13 824 1 0 1.000000
-2.107480 -0.860282 0 1.874590 -14.606000 210.528000 1933.200000 -13 825 1 0 1.000000
-0.868243 -3.835980 0 9.238040 -0.378667 200.430000 1933.380000 -13 826 1 0 1.000000
-0.842628 0.128312 0 -4.088070 4.277400 184.546000 1933.150000 -13 827 1 0 1.000000
-1.784620 -3.120100 0 -10.846800 -7.379730 194.550000 1933.220000 -13 828 1 0 1.000000
-2.002300 -4.212930 0 3.380420 1.160590 196.387000 1933.140000 -13 829 1 0 1.000000
-3.506260 -2.249470 0 -8.812190 -21.679100 208.773000 1933.130000 -13 830 1 0 1.000000
0.565028 -2.409200 0 9.977700 -0.998155 194.317000 1933.180000 -13 831 1 0 1.000000
-0.125279 -2.347700 0 13.923800 16.454900 183.305000 1933.200000 -13 832 1 0 1.000000
0.448822 -1.922420 0 -6.478320 12.539500 206.843000 1933.080000 -13 833 1 0 1.000000
-0.816456 -3.361730 0 20.294500 -6.133370 189.552000 1933.170000 -13 834 1 0 1.000000
1.235670 -3.245380 0 -1.342240 0.800331 186.627000 1933.250000 -13 835 1 0 1.000000
-2.224540 0.332925 0 23.096600 16.599100 189.863000 1933.160000 -13 836 1 0 1.000000
-1.137480 1.236150 0 5.050140 -6.662860 186.451000 1933.180000 -13 837 1 0 1.000000
-0.325970 -0.909898 0 3.776980 -8.043450 206.540000 1933.330000 -13 838 1 0 1.000000
1.422350 -0.165606 0 7.369110 0.141646 196.061000 1933.190000 -13 839 1 0 1.000000
-0.451012 -1.420230 0 -9.722920 -11.876500 196.790000 1933.140000 -13 840 1 0 1.000000
1.207850 0.326214 0 -11.442200 -4.434310 203.485000 1933.180000 -13 841 1 0 1.000000
-0.144312 -0.529913 0 3.000130 -23.466900 208.507000 1933.140000 -13 842 1 0 1.000000
-0.771957 -2.511750 0 -1.409100 3.653650 174.446000 1930.250000 -13 843 1 0 1.000000
1.391350 -2.782430 0 6.929050 -11.568600 201.440000 1933.120000 -13 844 1 0 1.000000
-0.456570 -2.501300 0 6.484450 3.563950 188.749000 1933.230000 -13 845 1 0 1.000000
-2.586590 -0.946683 0 7.878300 -16.860000 181.797000 1933.180000 -13 846 1 0 1.000000
1.925860 -3.674470 0 7.648210 3.840640 197.758000 1933.130000 -13 847 1 0 1.000000
-0.111418 -0.446111 0 -1.144800 4.284040 189.372000 1933.220000 -13 848 1 0 1.000000
-1.378490 -2.202830 0 16.007200 -1.042710 184.404000 1933.190000 -13 849 1 0 1.000000
-0.678097 -0.322503 0 5.468850 9.935320 196.545000 1933.180000 -13 850 1 0 1.000000
-0.691634 -2.742460 0 -0.347333 -0.673452 183.061000 1933.170000 -13 851 1 0 1.000000
-0.325386 -1.583390 0 1.983710 -7.828460 186.771000 1933.170000 -13 852 1 0 1.000000
-1.323620 -0.816416 0 8.715770 27.569400 186.513000 1933.000000 -13 853 1 0 1.000000
0.158535 1.144730 0 1.294500 -2.895190 203.170000 1933.120000 -13 854 1 0 1.000000
-3.106380 -2.164880 0 4.419920 4.536220 195.847000 1933.270000 -13 855 1 0 1.000000
-1.144520 -1.900790 0 1.725880 -3.187030 199.871000 1933.130000 -13 856 1 0 1.000000
-2.228020 -0.819720 0 -15.323900 -10.811100 199.699000 1933.410000 -13 857 1 0 1.000000
-1.715710 0.985474 0 2.270960 15.479000 199.882000 1933.040000 -13 858 1 0 1.000000
-1.507910 -1.424260 0 15.182000 1.539800 196.219000 1933.230000 -13 859 1 0 1.000000
-2.209380 -0.321454 0 2.859450 20.439100 188.844000 1933.090000 -13 860 1 0 1.000000
-3.166340 -1.105020 0 -3.859530 -7.735390 205.167000 1933.080000 -13 861 1 0 1.000000
-0.792188 0.210600 0 8.829860 -12.199000 188.013000 1933.290000 -13 862 1 0 1.000000
-3.204900 -0.384786 0 -5.900550 -14.369100 191.950000 1933.240000 -13 863 1 0 1.000000
-0.029141 0.050046 0 -11.111700 -0.163466 203.527000 1933.350000 -13 864 1 0 1.000000
-3.871570 0.772965 0 -8.979540 -2.605450 211.790000 1933.190000 -13 865 1 0 1.000000
0.172269 -2.859620 0 2.676020 3.168290 204.209000 1933.180000 -13 866 1 0 1.000000
-1.017950 -2.176010 0 19.238400 1.025650 193.754000 1933.210000 -13 867 1 0 1.000000
-1.445360 -0.219120 0 13.052800 -8.601640 191.815000 1933.350000 -13 868 1 0 1.000000
-1.476410 -4.194320 0 12.257200 -7.706320 201.136000 1933.390000 -13 869 1 0 1.000000
-1.693990 1.559500 0 -0.172947 9.487400 204.887000 1933.140000 -13 870 1 0 1.000000
-0.072612 -3.724410 0 6.945540 -3.637740 195.792000 1933.230000 -13 871 1 0 1.000000
-2.496400 -3.370830 0 10.558800 -1.309950 194.088000 1933.130000 -13 872 1 0 1.000000
-0.654877 -3.152900 0 -0.396651 3.375970 203.414000 1933.340000 -13 873 1 0 1.000000
0.808308 -3.141550 0 6.383630 2.457030 186.722000 1933.140000 -13 874 1 0 1.000000
-3.987520 -3.205950 0 2.170030 -18.819400 189.086000 1933.180000 -13 875 1 0 1.000000
-0.233191 -1.748470 0 -5.831300 9.361920 192.744000 1933.080000 -13 876 1 0 1.000000
-4.413100 -2.737200 0 -1.657630 3.835790 185.955000 1933.210000 -13 877 1 0 1.000000
-4.078100 -2.456990 0 7.627410 1.391660 202.274000 1933.120000 -13 878 1 0 1.000000
0.647385 -2.057590 0 -3.747800 10.052800 193.062000 1933.150000 -13 879 1 0 1.000000
-1.026810 1.416190 0 5.662100 -2.275380 186.598000 1933.140000 -13 880 1 0 1.000000
-2.299460 -1.587380 0 -17.453800 -4.445380 184.887000 1933.140000 -13 881 1 0 1.000000
-1.301560 -2.099630 0 -11.978000 -2.373670 190.279000 1933.160000 -13 882 1 0 1.000000
-1.434160 -2.143520 0 11.994800 -14.060000 196.136000 1933.220000 -13 883 1 0 1.000000
-0.930986 -2.844330 0 17.673700 -1.599060 190.779000 1933.140000 -13 884 1 0 1.000000
0.665238 -3.753980 0 -1.287170 11.566700 193.000000 1933.200000 -13 885 1 0 1.000000
0.933961 -3.157720 0 3.392260 9.633820 194.814000 1933.280000 -13 886 1 0 1.000000
-1.701870 -0.132854 0 -14.683400 -14.422400 196.121000 1933.150000 -13 887 1 0 1.000000
-2.639230 -0.847098 0 -7.847780 -11.915100 197.171000 1933.140000 -13 888 1 0 1.000000
-2.293860 -2.330850 0 12.182600 -16.034300 195.578000 1933.080000 -13 889 1 0 1.000000
-1.224530 -3.957610 0 7.528310 -12.772500 192.596000 1933.140000 -13 890 1 0 1.000000
-0.201035 -0.785625 0 -12.824700 -6.181680 198.598000 1933.160000 -13 891 1 0 1.000000
1.599860 -0.037437 0 -4.559560 16.390600 181.380000 1933.140000 -13 892 1 0 1.000000
-1.015960 -0.602427 0 -7.407780 -18.021200 200.828000 1933.160000 -13 893 1 0 1.000000
-0.287678 0.370669 0 -10.421000 -1.273250 188.177000 1933.280000 -13 894 1 0 1.000000
-0.680996 -3.064020 0 0.472820 12.294700 191.627000 1933.300000 -13 895 1 0 1.000000
0.016371 -4.053210 0 12.840600 -12.962900 188.739000 1933.090000 -13 896 1 0 1.000000
1.403090 -3.142400 0 -10.044800 9.869280 182.092000 1933.140000 -13 897 1 0 1.000000
0.630437 0.996285 0 -2.418840 4.995600 196.090000 1933.190000 -13 898 1 0 1.000000
1.464610 0.397190 0 -1.803760 -18.480200 197.277000 1933.270000 -13 899 1 0 1.000000
-2.567850 -2.681140 0 -0.645616 -2.636710 210.732000 1933.120000 -13 900 1 0 1.000000
0.632202 -0.805566 0 -6.777200 6.601560 183.030000 1933.190000 -13 901 1 0 1.000000
-2.405800 -2.248230 0 -1.268000 -2.254660 194.056000 1933.070000 -13 902 1 0 1.000000
-2.011330 -1.142810 0 -5.798840 -14.135100 199.633000 1933.150000 -13 903 1 0 1.000000
-1.555780 -1.175730 0 -5.573480 -11.501900 188.813000 1933.170000 -13 904 1 0 1.000000
-2.266860 -1.812980 0 -0.557532 1.232440 188.717000 1933.200000 -13 905 1 0 1.000000
1.443390 -2.568360 0 4.392050 -3.809120 188.128000 1933.230000 -13 906 1 0 1.000000
-2.525290 -1.162160 0 -5.438140 -11.046600 189.064000 1933.180000 -13 907 1 0 1.000000
0.042848 -1.122740 0 7.002380 2.849190 187.404000 1933.230000 -13 908 1 0 1.000000
0.262275 0.809121 0 -16.411300 1.348620 196.807000 1933.210000 -13 909 1 0 1.000000
-2.713200 -2.493180 0 11.302900 -2.057450 190.657000 1933.140000 -13 910 1 0 1.000000
-2.518950 -1.623010 0 8.331170 17.776800 190.948000 1933.280000 -13 911 1 0 1.000000
-0.649191 -2.066710 0 7.838910 0.341508 183.449000 1933.170000 -13 912 1 0 1.000000
-1.935780 -2.034090 0 -2.817180 -5.156710 208.156000 1933.210000 -13 913 1 0 1.000000
0.161392 -0.722012 0 -23.699300 11.554100 209.311000 1933.280000 -13 914 1 0 1.000000
-1.795030 0.565471 0 -9.466450 -7.186510 187.957000 1933.030000 -13 915 1 0 1.000000
0.451198 -3.808240 0 -2.999650 14.729700 179.900000 1933.390000 -13 916 1 0 1.000000
-1.567150 -3.625290 0 6.455220 3.303660 199.741000 1933.270000 -13 917 1 0 1.000000
-2.454440 -3.012210 0 9.821450 -13.601900 187.605000 1933.240000 -13 918 1 0 1.000000
-2.202950 0.188729 0 0.480401 -17.778200 210.256000 1933.160000 -13 919 1 0 1.000000
-3.457240 -2.837910 0 1.414930 14.057800 202.402000 1933.330000 -13 920 1 0 1.000000
0.558309 -2.907760 0 -6.340650 11.084300 197.493000 1933.320000 -13 921 1 0 1.000000
-2.568110 -3.257960 0 -1.651980 -3.011630 193.150000 1933.250000 -13 922 1 0 1.000000
0.026593 -1.909960 0 1.151030 21.732000 190.593000 1933.130000 -13 923 1 0 1.000000
0.104092 -2.055480 0 -9.972950 17.868800 206.631000 1933.280000 -13 924 1 0 1.000000
-2.462440 -1.118240 0 -1.537580 -9.289630 198.189000 1933.240000 -13 925 1 0 1.000000
-1.574270 -2.209610 0 5.458460 -15.833800 198.985000 1933.170000 -13 926 1 0 1.000000
-1.329090 -2.170740 0 -14.653500 -1.438670 200.510000 1933.200000 -13 927 1 0 1.000000
-0.133061 -2.330070 0 -27.210600 6.893790 174.758000 1933.170000 -13 928 1 0 1.000000
0.750681 -0.533804 0 -9.545950 4.893060 205.476000 1933.200000 -13 929 1 0 1.000000
-1.512760 -4.166890 0 -11.741100 -16.008900 185.138000 1933.070000 -13 930 1 0 1.000000
1.345110 1.934240 0 -8.687730 -13.700900 192.400000 1933.080000 -13 931 1 0 1.000000
-3.459920 -1.242580 0 5.136820 9.699670 193.346000 1933.280000 -13 932 1 0 1.000000
-0.286732 -0.365814 0 -1.418430 17.139700 199.241000 1933.210000 -13 933 1 0 1.000000
-2.717520 -2.736840 0 -0.211855 -14.708800 201.293000 1933.110000 -13 934 1 0 1.000000
-0.318698 -1.222850 0 12.593500 -5.106940 178.260000 1933.230000 -13 935 1 0 1.000000
-2.127180 1.248940 0 -1.550670 16.065700 188.458000 1933.120000 -13 936 1 0 1.000000
0.032500 -1.267380 0 2.982070 -11.389700 184.466000 1933.260000 -13 937 1 0 1.000000
-1.451350 -1.314970 0 19.941600 2.696330 190.269000 1933.100000 -13 938 1 0 1.000000
-1.620210 -1.590320 0 22.641800 -6.745140 181.749000 1933.220000 -13 939 1 0 1.000000
-0.562721 -1.279570 0 -11.869800 -11.657000 183.053000 1933.220000 -13 940 1 0 1.000000
-3.030150 -4.748670 0 -3.051910 9.251260 194.492000 1933.090000 -13 941 1 0 1.000000
-1.819730 -4.874650 0 -6.270870 2.481670 195.668000 1933.200000 -13 942 1 0 1.000000
-4.158310 -2.159840 0 7.548630 2.535370 192.327000 1933.150000 -13 943 1 0 1.000000
-3.429420 -0.071082 0 -7.386280 -8.157880 203.982000 1933.180000 -13 944 1 0 1.000000
-0.828684 0.996713 0 5.485230 -3.549200 195.082000 1933.100000 -13 945 1 0 1.000000
-2.005230 -0.735523 0 5.585980 -3.549340 184.283000 1933.110000 -13 946 1 0 1.000000
0.329591 -3.428490 0 -2.048790 6.278510 191.862000 1933.130000 -13 947 1 0 1.000000
0.054804 -2.179600 0 -3.018200 -1.389570 185.216000 1933.170000 -13 948 1 0 1.000000
-0.553159 0.483661 0 -9.948350 7.184430 198.893000 1933.120000 -13 949 1 0 1.000000
-2.418330 -0.463585 0 -6.718920 8.675000 190.887000 1933.040000 -13 950 1 0 1.000000
-1.162200 -3.317890 0 2.555900 -7.457580 207.193000 1933.130000 -13 951 1 0 1.000000
-2.074780 -0.255482 0 9.874100 4.207060 203.093000 1933.250000 -13 952 1 0 1.000000
-1.012560 -4.258450 0 7.873060 -13.252700 184.353000 1933.250000 -13 953 1 0 1.000000
-3.423190 -1.343240 0 13.913200 -2.864770 192.428000 1933.170000 -13 954 1 0 1.000000
-2.952470 -2.501530 0 2.692620 -14.842400 185.305000 1933.210000 -13 955 1 0 1.000000
0.625827 1.764180 0 -10.014500 -3.630610 200.455000 1933.100000 -13 956 1 0 1.000000
0.439249 -1.922770 0 -11.141400 -4.162170 191.134000 1933.130000 -13 957 1 0 1.000000
-2.990460 -0.865344 0 7.184190 -6.882740 208.635000 1933.230000 -13 958 1 0 1.000000
-0.073141 -1.480830 0 -1.091200 9.278050 188.126000 1933.250000 -13 959 1 0 1.000000
-0.725013 -3.215970 0 4.157150 1.650160 202.703000 1933.160000 -13 960 1 0 1.000000
-3.882740 -0.593485 0 -4.812660 8.420530 184.467000 1933.250000 -13 961 1 0 1.000000
-1.393920 1.178030 0 2.816070 -12.024700 188.771000 1933.190000 -13 962 1 0 1.000000
-0.585346 -1.516990 0 6.324330 16.894000 203.448000 1933.130000 -13 963 1 0 1.000000
1.733860 -3.345060 0 -5.566180 -0.159809 197.542000 1933.280000 -13 964 1 0 1.000000
0.708138 -0.924683 0 1.047860 16.230600 184.400000 1933.230000 -13 965 1 0 1.000000
-2.953680 -0.069328 0 11.130800 -0.100215 199.715000 1933.070000 -13 966 1 0 1.000000
0.644095 -3.268320 0 -4.490800 0.024363 187.305000 1933.070000 -13 967 1 0 1.000000
-0.725426 -1.437790 0 12.384100 -5.269500 184.034000 1933.230000 -13 968 1 0 1.000000
-2.915020 -0.123184 0 -4.179060 -12.181200 188.196000 1933.170000 -13 969 1 0 1.000000
0.502860 -4.157110 0 4.501340 10.041700 194.935000 1933.170000 -13 970 1 0 1.000000
2.432500 -2.383730 0 2.338540 17.042100 181.621000 1933.170000 -13 971 1 0 1.000000
-0.797377 -0.215881 0 -7.134580 6.534760 205.217000 1933.190000 -13 972 1 0 1.000000
-0.467679 -1.492510 0 -14.012200 -7.850280 190.443000 1933.170000 -13 973 1 0 1.000000
0.567595 -3.193490 0 -2.990990 1.506040 199.100000 1933.270000 -13 974 1 0 1.000000
-2.080700 -0.523622 0 1.529530 -10.997000 188.704000 1933.160000 -13 975 1 0 1.000000
-0.352826 -0.732095 0 7.136180 4.510600 191.422000 1933.050000 -13 976 1 0 1.000000
-3.966100 -0.103972 0 4.688270 -15.471600 208.806000 1933.290000 -13 977 1 0 1.000000
-0.019285 -2.678090 0 2.045920 9.021710 203.348000 1933.090000 -13 978 1 0 1.000000
0.454626 -0.839223 0 -9.929830 -8.685580 212.384000 1933.280000 -13 979 1 0 1.000000
-1.680160 -0.686315 0 -10.612100 -3.865750 188.313000 1933.240000 -13 980 1 0 1.000000
1.163590 -3.739450 0 3.094720 0.116773 196.447000 1933.220000 -13 981 1 0 1.000000
-1.170770 0.921175 0 -15.589800 -3.399180 187.990000 1933.110000 -13 982 1 0 1.000000
-1.628700 -1.499320 0 3.268650 -17.827800 203.337000 1933.210000 -13 983 1 0 1.000000
-4.410330 -1.207630 0 -4.335550 8.528580 200.472000 1933.150000 -13 984 1 0 1.000000
-2.853720 -0.470549 0 -0.917311 6.173590 204.291000 1933.320000 -13 985 1 0 1.000000
-1.450200 -1.024900 0 -6.656280 15.724300 181.671000 1933.070000 -13 986 1 0 1.000000
0.178456 -0.582920 0 -12.216500 -6.775910 198.273000 1933.330000 -13 987 1 0 1.000000
-2.206600 -1.158560 0 -5.803680 -3.324490 195.910000 1933.090000 -13 988 1 0 1.000000
-1.836770 -2.424340 0 -9.367940 2.160030 189.778000 1933.240000 -13 989 1 0 1.000000
-1.187050 -4.897190 0 10.677300 -10.368200 194.568000 1933.130000 -13 990 1 0 1.000000
0.268637 -3.360700 0 -8.738110 15.389700 197.505000 1933.210000 -13 991 1 0 1.000000
-3.017820 -3.623430 0 -0.628539 10.842400 199.635000 1933.160000 -13 992 1 0 1.000000
0.204153 -1.573200 0 19.035800 18.800600 185.721000 1933.190000 -13 993 1 0 1.000000
-0.857414 -1.057390 0 4.890710 -13.015500 204.840000 1933.110000 -13 994 1 0 1.000000
1.546850 -2.696140 0 2.405540 17.009800 196.450000 1933.290000 -13 995 1 0 1.000000
0.546887 -3.674170 0 4.636420 2.534880 209.666000 1933.300000 -13 996 1 0 1.000000
-1.123800 -0.987595 0 6.514660 -5.674260 198.585000 1933.290000 -13 997 1 0 1.000000
-2.586890 -2.933210 0 -10.943600 -13.497300 204.165000 1933.120000 -13 998 1 0 1.000000
-0.333740 1.903030 0 -7.319260 -13.139400 197.939000 1933.130000 -13 999 1 0 1.000000
-2.947500 -0.663968 0 12.501700 19.716400 207.464000 1933.150000 -13 1000 1 0 1.000000
-0.860541 -1.895260 0 -4.478710 5.041070 190.457000 1933.190000 -13 1001 1 0 1.000000
-3.676400 0.733046 0 -2.555790 -19.650200 188.951000 1933.170000 -13 1002 1 0 1.000000
0.541025 -0.537881 0 16.775400 2.426300 195.225000 1933.270000 -13 1003 1 0 1.000000
-2.612920 -3.812560 0 9.200210 -7.094100 195.340000 1933.050000 -13 1004 1 0 1.000000
-1.126940 -1.254540 0 6.062710 -15.538800 198.596000 1933.200000 -13 1005 1 0 1.000000
-1.394230 -0.313275 0 -12.934900 -11.856600 186.748000 1933.290000 -13 1006 1 0 1.000000
0.287758 -2.517040 0 16.139700 -6.854220 193.022000 1933.050000 -13 1007 1 0 1.000000
0.194557 -2.115000 0 -1.950490 0.979789 175.737000 1933.160000 -13 1008 1 0 1.000000
-2.114990 -2.939380 0 -1.053540 2.499250 198.495000 1933.150000 -13 1009 1 0 1.000000
-2.920200 1.281460 0 -4.241630 -7.439640 208.872000 1933.180000 -13 1010 1 0 1.000000
-4.459610 0.423423 0 2.220590 2.302630 199.234000 1933.230000 -13 1011 1 0 1.000000
0.282177 0.115156 0 3.583250 -9.860550 191.235000 1933.170000 -13 1012 1 0 1.000000
-2.802510 -1.038300 0 -1.774520 17.161900 193.151000 1933.210000 -13 1013 1 0 1.000000
-2.450670 -3.556490 0 -19.780000 -1.343920 200.771000 1933.170000 -13 1014 1 0 1.000000
-3.956240 0.454790 0 -0.802176 5.017460 200.448000 1933.190000 -13 1015 1 0 1.000000
0.367536 -1.059300 0 -17.998600 -3.022220 179.580000 1933.190000 -13 1016 1 0 1.000000
0.599577 -1.795770 0 -1.036250 -10.890300 185.359000 1933.170000 -13 1017 1 0 1.000000
-0.176907 -4.260580 0 -3.289900 2.774240 188.579000 1933.050000 -13 1018 1 0 1.000000
2.216230 -2.093880 0 -7.389890 10.264700 197.918000 1933.160000 -13 1019 1 0 1.000000
-2.112790 -3.840010 0 1.224650 -6.003000 203.665000 1933.240000 -13 1020 1 0 1.000000
-0.679597 -6.099650 0 8.235800 9.489490 201.249000 1933.380000 -13 1021 1 0 1.000000
-0.305612 -2.531130 0 -2.581970 18.160500 207.188000 1933.260000 -13 1022 1 0 1.000000
-0.225038 -0.724874 0 -26.012800 -8.944080 177.397000 1933.160000 -13 1023 1 0 1.000000
-0.275173 -0.544893 0 -10.982500 7.069710 195.414000 1933.080000 -13 1024 1 0 1.000000
0.536959 -3.127180 0 7.279820 21.721900 194.847000 1933.160000 -13 1025 1 0 1.000000
-1.001540 -2.300560 0 1.845790 -15.497400 194.466000 1933.120000 -13 1026 1 0 1.000000
-0.029023 -0.267651 0 -13.770400 5.916530 207.811000 1933.250000 -13 1027 1 0 1.000000
-0.410562 -1.949400 0 1.049960 0.394392 191.718000 1933.390000 -13 1028 1 0 1.000000
0.456518 -0.936161 0 2.109310 22.690500 202.454000 1933.130000 -13 1029 1 0 1.000000
-1.874750 -2.793640 0 0.552036 -6.203940 201.887000 1933.110000 -13 1030 1 0 1.000000
1.137390 -2.608330 0 -9.308270 11.229800 195.290000 1933.340000 -13 1031 1 0 1.000000
0.327956 -5.263950 0 0.237221 -4.557780 196.204000 1933.230000 -13 1032 1 0 1.000000
0.573798 -1.766050 0 -3.252450 13.258000 206.288000 1933.140000 -13 1033 1 0 1.000000
-1.359130 -0.974970 0 6.427050 -0.457328 193.761000 1933.190000 -13 1034 1 0 1.000000
-2.636230 -1.780210 0 4.550450 18.243900 184.473000 1933.250000 -13 1035 1 0 1.000000
-1.519080 0.610917 0 -9.326220 6.114290 192.933000 1933.090000 -13 1036 1 0 1.000000
-5.087200 -1.900310 0 4.902830 22.457000 211.093000 1933.160000 -13 1037 1 0 1.000000
-0.925632 -2.679750 0 6.762210 -6.033550 193.364000 1933.110000 -13 1038 1 0 1.000000
-1.190810 0.377890 0 7.237000 16.795500 192.491000 1933.010000 -13 1039 1 0 1.000000
-2.157190 -1.696130 0 8.481530 1.940380 193.279000 1933.190000 -13 1040 1 0 1.000000
-3.478020 -1.988410 0 17.606600 -25.003100 189.992000 1933.130000 -13 1041 1 0 1.000000
-1.674070 -2.307300 0 5.748830 -7.518470 200.199000 1933.100000 -13 1042 1 0 1.000000
-0.705852 -2.599610 0 1.577550 -3.603010 192.222000 1933.200000 -13 1043 1 0 1.000000
-3.281180 -0.676015 0 -6.833650 -0.602621 200.304000 1933.240000 -13 1044 1 0 1.000000
-0.767465 -0.183940 0 1.779940 -8.410450 182.997000 1933.130000 -13 1045 1 0 1.000000
-4.885460 -1.648300 0 6.544300 7.568860 201.093000 1933.120000 -13 1046 1 0 1.000000
-0.646871 -1.890090 0 -4.238540 -7.989470 192.958000 1933.230000 -13 1047 1 0 1.000000
-1.929750 -0.190066 0 -0.091007 16.045900 199.026000 1933.110000 -13 1048 1 0 1.000000
-0.251636 -3.043280 0 -0.556510 -6.160650 194.517000 1933.130000 -13 1049 1 0 1.000000
-0.950663 -3.713310 0 25.792000 6.781140 201.783000 1933.120000 -13 1050 1 0 1.000000
-2.814660 -3.233360 0 19.234800 -5.783270 193.382000 1933.220000 -13 1051 1 0 1.000000
-1.809630 -1.123460 0 -15.204300 -7.768400 185.238000 1933.220000 -13 1052 1 0 1.000000
-1.331840 -1.677170 0 -21.971800 4.151930 196.829000 1933.110000 -13 1053 1 0 1.000000
0.163699 0.817342 0 0.686184 -15.077800 201.000000 1933.320000 -13 1054 1 0 1.000000
0.060182 -0.795219 0 -0.600514 0.690598 205.664000 1933.150000 -13 1055 1 0 1.000000
-2.130620 -0.821807 0 -2.379600 -0.111778 190.023000 1933.140000 -13 1056 1 0 1.000000
0.244432 2.196860 0 -14.444000 -0.561505 203.695000 1933.140000 -13 1057 1 0 1.000000
-3.614080 -2.301390 0 7.556450 -16.979200 203.655000 1933.130000 -13 1058 1 0 1.000000
-2.200150 -2.565350 0 -5.850220 7.291420 203.099000 1933.240000 -13 1059 1 0 1.000000
-0.402279 1.233160 0 14.646900 -10.382100 185.335000 1933.230000 -13 1060 1 0 1.000000
-0.189586 -3.759410 0 -1.203830 9.860700 208.331000 1933.170000 -13 1061 1 0 1.000000
-0.189003 -1.951540 0 2.818830 -16.950400 192.087000 1933.180000 -13 1062 1 0 1.000000
-3.466400 0.118817 0 7.301260 -18.921600 194.834000 1933.150000 -13 1063 1 0 1.000000
-0.591567 0.421559 0 -2.227030 12.580400 200.316000 1933.110000 -13 1064 1 0 1.000000
-1.405920 -1.040830 0 4.933760 -1.045010 185.217000 1933.250000 -13 1065 1 0 1.000000
-4.532770 -3.999370 0 4.146310 -10.944200 194.600000 1933.240000 -13 1066 1 0 1.000000
-1.543010 -0.035663 0 3.855980 24.193500 190.126000 1933.090000 -13 1067 1 0 1.000000
1.413700 -2.648540 0 11.377600 4.703070 193.264000 1933.090000 -13 1068 1 0 1.000000
-1.932780 -1.904300 0 2.552650 0.962784 197.108000 1933.160000 -13 1069 1 0 1.000000
-2.312910 -3.316850 0 1.894750 -13.147500 206.082000 1933.410000 -13 1070 1 0 1.000000
0.210223 -2.044080 0 -22.611200 15.653700 183.865000 1933.350000 -13 1071 1 0 1.000000
-2.672600 -1.917930 0 6.618830 -16.390400 200.216000 1933.210000 -13 1072 1 0 1.000000
-2.761990 0.958821 0 -12.820800 -11.165300 194.202000 1933.140000 -13 1073 1 0 1.000000
-0.033131 -4.086550 0 8.714060 6.199570 204.753000 1933.060000 -13 1074 1 0 1.000000
-0.215347 -2.975170 0 5.991710 4.329310 195.044000 1933.220000 -13 1075 1 0 1.000000
-1.864940 0.639590 0 -4.683350 -6.998690 181.211000 1933.110000 -13 1076 1 0 1.000000
-0.259790 0.440836 0 -10.399900 9.218920 199.889000 1933.170000 -13 1077 1 0 1.000000
-1.369320 -1.451310 0 -12.922100 11.019800 183.780000 1932.950000 -13 1078 1 0 1.000000
-0.870763 -0.635506 0 8.235250 -23.141700 195.522000 1933.080000 -13 1079 1 0 1.000000
-1.183080 -2.348850 0 -10.409700 3.841270 200.619000 1933.170000 -13 1080 1 0 1.000000
-2.652050 -0.983563 0 1.450640 17.526100 201.663000 1933.190000 -13 1081 1 0 1.000000
-1.049620 -1.009900 0 -5.168550 17.679900 192.289000 1933.150000 -13 1082 1 0 1.000000
0.785311 -2.005700 0 -2.311650 -1.240520 181.961000 1933.060000 -13 1083 1 0 1.000000
-1.819770 0.061738 0 3.405040 -15.927600 188.760000 1933.210000 -13 1084 1 0 1.000000
-0.053093 -2.000930 0 -8.678440 2.200310 181.129000 1933.060000 -13 1085 1 0 1.000000
-0.857266 1.392980 0 -6.284140 16.711300 201.455000 1933.070000 -13 1086 1 0 1.000000
0.272200 -1.969280 0 -7.698340 9.205070 203.240000 1933.150000 -13 1087 1 0 1.000000
-1.581850 -2.855320 0 1.022350 13.622900 196.476000 1933.080000 -13 1088 1 0 1.000000
0.793582 -0.519178 0 -5.527480 -11.063100 198.402000 1933.080000 -13 1089 1 0 1.000000
-4.207370 -3.989470 0 5.582300 2.095800 190.508000 1933.290000 -13 1090 1 0 1.000000
-0.877143 -2.362500 0 -4.420760 -8.271110 181.346000 1933.210000 -13 1091 1 0 1.000000
-0.918446 -4.009830 0 -1.214460 -10.462500 187.114000 1933.130000 -13 1092 1 0 1.000000
1.017690 0.489860 0 -8.499130 2.358160 181.131000 1933.120000 -13 1093 1 0 1.000000
0.913501 1.239430 0 3.385720 -8.504250 192.170000 1933.050000 -13 1094 1 0 1.000000
-1.291550 0.281232 0 -0.088023 -11.920900 206.934000 1933.200000 -13 1095 1 0 1.000000
-0.760800 0.411265 0 -5.933860 -10.011200 193.992000 1933.270000 -13 1096 1 0 1.000000
-2.725360 -2.977450 0 2.406100 -12.425600 201.770000 1933.210000 -13 1097 1 0 1.000000
-1.499690 -1.572150 0 16.262700 -16.685000 189.903000 1933.180000 -13 1098 1 0 1.000000
-1.859180 -1.837200 0 0.688058 15.343600 178.008000 1933.170000 -13 1099 1 0 1.000000
-4.095890 -4.439910 0 14.321100 -14.563600 195.063000 1933.190000 -13 1100 1 0 1.000000
-0.755715 -3.725800 0 14.867500 17.456700 205.029000 1933.110000 -13 1101 1 0 1.000000
-0.855657 -1.197000 0 9.109320 -3.988330 199.006000 1933.090000 -13 1102 1 0 1.000000
-2.848320 0.588397 0 9.421470 3.167570 190.507000 1933.150000 -13 1103 1 0 1.000000
-2.388860 -2.698500 0 -10.621300 -12.214200 186.282000 1933.030000 -13 1104 1 0 1.000000
-0.629567 -2.975830 0 -1.706210 11.868000 183.599000 1933.200000 -13 1105 1 0 1.000000
1.154840 -0.282347 0 6.838440 18.683700 183.767000 1933.190000 -13 1106 1 0 1.000000
-2.796740 -2.312960 0 1.835280 -6.676520 205.348000 1933.130000 -13 1107 1 0 1.000000
-2.378610 -4.505790 0 -18.131800 8.033130 188.950000 1933.130000 -13 1108 1 0 1.000000
-2.194650 -2.378670 0 -9.065230 8.916090 194.719000 1933.290000 -13 1109 1 0 1.000000
-1.426780 -2.431710 0 13.777300 -7.467000 187.456000 1933.120000 -13 1110 1 0 1.000000
-3.235660 -0.317753 0 -12.324200 -10.774200 190.704000 1933.160000 -13 1111 1 0 1.000000
-1.680420 -3.647470 0 22.422300 -21.442800 194.738000 1933.140000 -13 1112 1 0 1.000000
-3.020050 -1.551710 0 10.517700 -2.663340 199.684000 1933.230000 -13 1113 1 0 1.000000
-3.185300 -3.572770 0 -16.612600 -6.258280 207.111000 1933.270000 -13 1114 1 0 1.000000
-1.024400 1.957010 0 -8.123680 8.221250 200.737000 1933.190000 -13 1115 1 0 1.000000
-0.211746 -1.015590 0 6.151600 -7.341480 203.569000 1933.280000 -13 1116 1 0 1.000000
-3.339900 -2.798040 0 -0.976537 -16.236500 207.116000 1933.170000 -13 1117 1 0 1.000000
-3.214190 -2.535850 0 4.110590 -1.180150 212.881000 1933.170000 -13 1118 1 0 1.000000
-1.549860 -1.701920 0 13.848100 -0.266108 206.252000 1933.280000 -13 1119 1 0 1.000000
-3.901160 -3.559190 0 2.317960 -0.044647 187.494000 1933.180000 -13 1120 1 0 1.000000
0.146096 -3.983740 0 2.121500 3.340940 207.693000 1933.150000 -13 1121 1 0 1.000000
-1.579990 -2.294140 0 5.333020 -10.046500 184.884000 1933.110000 -13 1122 1 0 1.000000
-0.279190 -2.934200 0 10.046400 4.440240 200.190000 1933.260000 -13 1123 1 0 1.000000
-1.829010 -3.137840 0 8.784180 7.956960 195.003000 1933.270000 -13 1124 1 0 1.000000
-0.725459 -2.040690 0 1.580790 -10.568400 189.886000 1933.010000 -13 1125 1 0 1.000000
-0.663499 0.101910 0 -0.703313 0.686192 192.240000 1933.050000 -13 1126 1 0 1.000000
-0.650025 0.433064 0 -10.985800 17.215900 193.771000 1933.200000 -13 1127 1 0 1.000000
