 #NTuple/Z0                                                                      
 output from Ecalc9f version   2.09
  settings: 
    particle type:  2
    pzmin/pzmax:   0./  100.
    transverse cuts:   0.  0.
    longitudinal cut:   0.
    RF frequency (MHz):   704.
    sigma cut:   4.
    subtract out amplitude correlation
    wrnew9 =  F

regn #   Z           Bz          eperp       elong       e6D         Ldim        Pzavg       beta        alpha       betaL       alphaL      n0          n1          n2          Lcan(eVs)   sigmaE      sigmaT      corrE       corrT       sigmaE_c    xavg        yavg        Dx          Dy          Dr          Dr2
     1  0.0000E+00  0.0000E+00  0.1905E-03  0.1713E-02  0.6230E-10  0.1920E+00  0.1945E+00  0.3465E-01  0.3628E-01  0.5643E+00  0.2121E-01  0.1853E+04  0.1853E+04  0.1853E+04  0.2672E-03  0.7032E-02  0.8700E-10  0.2152E+01 -0.9858E-09  0.6941E-02 -0.1007E-02 -0.1649E-02 -0.7361E-02 -0.1833E-02  0.7526E-02  0.3773E-02
     2  0.7800E+00  0.0000E+00  0.1858E-03  0.1709E-02  0.5834E-10  0.1858E+00  0.1946E+00  0.2769E-01  0.4958E-01  0.5492E+00  0.5973E-01  0.1814E+04  0.1814E+04  0.1814E+04  0.2844E-03  0.7085E-02  0.8568E-10  0.1572E+01 -0.2651E-08  0.7041E-02 -0.1232E-02 -0.1573E-02 -0.8864E-02  0.8598E-03  0.6118E-02  0.3962E-02
     3  0.1560E+01  0.0000E+00  0.1792E-03  0.1692E-02  0.5402E-10  0.1839E+00  0.1951E+00  0.3060E-01 -0.2000E-01  0.5319E+00  0.6713E-01  0.1771E+04  0.1771E+04  0.1771E+04  0.1953E-03  0.7171E-02  0.8376E-10  0.1536E+01 -0.2466E-09  0.7136E-02 -0.1287E-02 -0.1594E-02 -0.6012E-02 -0.1408E-02  0.4689E-02  0.4070E-02
     4  0.2340E+01  0.0000E+00  0.1750E-03  0.1670E-02  0.5079E-10  0.1831E+00  0.1954E+00  0.3073E-01  0.5691E-01  0.5137E+00  0.5159E-01  0.1743E+04  0.1743E+04  0.1743E+04  0.1881E-03  0.7238E-02  0.8166E-10  0.1277E+01  0.1288E-08  0.7215E-02 -0.1112E-02 -0.1607E-02 -0.6115E-02  0.1649E-02  0.3867E-02  0.3641E-02
     5  0.3120E+01  0.0000E+00  0.1724E-03  0.1671E-02  0.4878E-10  0.1733E+00  0.1957E+00  0.2872E-01  0.1145E-01  0.5031E+00  0.1539E-01  0.1722E+04  0.1722E+04  0.1722E+04  0.2318E-03  0.7302E-02  0.8076E-10  0.8710E+00  0.3146E-08  0.7292E-02 -0.1166E-02 -0.1654E-02 -0.8141E-02  0.7273E-03  0.4029E-02  0.3844E-02
     6  0.3900E+01  0.0000E+00  0.1714E-03  0.1663E-02  0.4786E-10  0.1733E+00  0.1960E+00  0.3172E-01  0.1585E-01  0.5079E+00 -0.2049E-01  0.1716E+04  0.1716E+04  0.1716E+04  0.2172E-03  0.7261E-02  0.8091E-10  0.9550E+00  0.7381E-08  0.7250E-02 -0.1270E-02 -0.1589E-02 -0.9779E-02 -0.2107E-02  0.6101E-02  0.3950E-02
     7  0.4680E+01  0.0000E+00  0.1684E-03  0.1661E-02  0.4692E-10  0.1855E+00  0.1960E+00  0.2984E-01  0.1309E-01  0.5205E+00 -0.4407E-01  0.1705E+04  0.1705E+04  0.1705E+04  0.1994E-03  0.7170E-02  0.8187E-10  0.7359E+00  0.7960E-08  0.7163E-02 -0.1146E-02 -0.1528E-02 -0.4983E-02 -0.2437E-03  0.3726E-02  0.3560E-02
     8  0.5460E+01  0.0000E+00  0.1688E-03  0.1654E-02  0.4679E-10  0.1875E+00  0.1960E+00  0.3020E-01  0.1793E-01  0.5389E+00 -0.4496E-01  0.1695E+04  0.1695E+04  0.1695E+04  0.2300E-03  0.7037E-02  0.8326E-10  0.1012E+01  0.1287E-07  0.7024E-02 -0.1219E-02 -0.1639E-02 -0.6338E-02 -0.1102E-03  0.3428E-02  0.4223E-02
     9  0.6240E+01  0.0000E+00  0.1692E-03  0.1640E-02  0.4627E-10  0.1842E+00  0.1958E+00  0.3059E-01  0.9152E-02  0.5536E+00 -0.1747E-01  0.1685E+04  0.1685E+04  0.1685E+04  0.2103E-03  0.6918E-02  0.8404E-10  0.1456E+01  0.1081E-07  0.6890E-02 -0.1283E-02 -0.1661E-02 -0.1016E-01  0.7487E-03  0.5934E-02  0.4615E-02
    10  0.7020E+01  0.0000E+00  0.1659E-03  0.1640E-02  0.4490E-10  0.1817E+00  0.1954E+00  0.3010E-01  0.2611E-01  0.5552E+00  0.1169E-01  0.1675E+04  0.1675E+04  0.1675E+04  0.1974E-03  0.6904E-02  0.8428E-10  0.1626E+01  0.1082E-07  0.6869E-02 -0.1109E-02 -0.1551E-02 -0.6453E-02 -0.1155E-02  0.5226E-02  0.3813E-02
    11  0.7800E+01  0.0000E+00  0.1646E-03  0.1636E-02  0.4417E-10  0.1914E+00  0.1950E+00  0.3079E-01 -0.1878E-01  0.5457E+00  0.4760E-01  0.1662E+04  0.1662E+04  0.1662E+04  0.2362E-03  0.6972E-02  0.8358E-10  0.2085E+01  0.1151E-07  0.6917E-02 -0.1148E-02 -0.1535E-02 -0.7140E-02 -0.2796E-02  0.6763E-02  0.3778E-02
    12  0.8580E+01  0.0000E+00  0.1635E-03  0.1645E-02  0.4377E-10  0.1869E+00  0.1944E+00  0.2982E-01  0.3751E-01  0.5266E+00  0.6365E-01  0.1650E+04  0.1650E+04  0.1650E+04  0.1788E-03  0.7085E-02  0.8247E-10  0.1558E+01  0.9368E-08  0.7054E-02 -0.1270E-02 -0.1626E-02 -0.5854E-02  0.1570E-02  0.3340E-02  0.4198E-02
    13  0.9360E+01  0.0000E+00  0.1612E-03  0.1640E-02  0.4232E-10  0.1888E+00  0.1940E+00  0.2929E-01 -0.1834E-01  0.5095E+00  0.5246E-01  0.1640E+04  0.1640E+04  0.1640E+04  0.1716E-03  0.7191E-02  0.8113E-10  0.1986E+01  0.9711E-08  0.7145E-02 -0.1157E-02 -0.1695E-02 -0.5983E-02  0.3405E-03  0.3837E-02  0.4021E-02
    14  0.1014E+02  0.0000E+00  0.1616E-03  0.1630E-02  0.4184E-10  0.1837E+00  0.1937E+00  0.3113E-01  0.3219E-01  0.4954E+00  0.2359E-01  0.1631E+04  0.1631E+04  0.1631E+04  0.2069E-03  0.7277E-02  0.7983E-10  0.2454E+01  0.8870E-08  0.7205E-02 -0.1053E-02 -0.1556E-02 -0.1058E-01  0.2334E-02  0.5767E-02  0.3297E-02
    15  0.1092E+02  0.0000E+00  0.1601E-03  0.1638E-02  0.4163E-10  0.1790E+00  0.1934E+00  0.2903E-01 -0.6686E-03  0.4955E+00 -0.1918E-01  0.1628E+04  0.1628E+04  0.1628E+04  0.2079E-03  0.7273E-02  0.8015E-10  0.2230E+01  0.1033E-07  0.7216E-02 -0.1080E-02 -0.1565E-02 -0.7134E-02 -0.4813E-03  0.5105E-02  0.3373E-02
    16  0.1170E+02  0.0000E+00  0.1596E-03  0.1626E-02  0.4139E-10  0.1855E+00  0.1934E+00  0.3023E-01  0.2351E-01  0.5093E+00 -0.4695E-01  0.1621E+04  0.1621E+04  0.1621E+04  0.2248E-03  0.7148E-02  0.8094E-10  0.2123E+01  0.8650E-08  0.7095E-02 -0.1221E-02 -0.1640E-02 -0.5600E-02 -0.3005E-02  0.6290E-02  0.4034E-02
    17  0.1248E+02  0.0000E+00  0.1595E-03  0.1623E-02  0.4118E-10  0.1864E+00  0.1935E+00  0.3009E-01  0.1127E-01  0.5311E+00 -0.4767E-01  0.1619E+04  0.1619E+04  0.1619E+04  0.1758E-03  0.7003E-02  0.8250E-10  0.2195E+01  0.4416E-08  0.6945E-02 -0.1190E-02 -0.1562E-02 -0.6457E-02  0.1446E-02  0.4632E-02  0.3869E-02
    18  0.1326E+02  0.0000E+00  0.1584E-03  0.1605E-02  0.3983E-10  0.1857E+00  0.1936E+00  0.2946E-01  0.5137E-01  0.5486E+00 -0.2598E-01  0.1610E+04  0.1610E+04  0.1610E+04  0.1639E-03  0.6875E-02  0.8331E-10  0.2558E+01  0.3962E-08  0.6794E-02 -0.1061E-02 -0.1605E-02 -0.9093E-02  0.1252E-02  0.5045E-02  0.3863E-02
    19  0.1404E+02  0.0000E+00  0.1566E-03  0.1604E-02  0.3924E-10  0.1858E+00  0.1941E+00  0.3116E-01 -0.3696E-01  0.5569E+00  0.4673E-02  0.1602E+04  0.1602E+04  0.1602E+04  0.2289E-03  0.6838E-02  0.8377E-10  0.2704E+01  0.2619E-08  0.6749E-02 -0.1100E-02 -0.1668E-02 -0.8347E-02 -0.1163E-02  0.7589E-02  0.4235E-02
    20  0.1482E+02  0.0000E+00  0.1563E-03  0.1603E-02  0.3920E-10  0.1842E+00  0.1945E+00  0.3023E-01  0.8214E-01  0.5471E+00  0.3635E-01  0.1598E+04  0.1598E+04  0.1598E+04  0.2334E-03  0.6890E-02  0.8287E-10  0.2383E+01  0.1340E-08  0.6822E-02 -0.1241E-02 -0.1547E-02 -0.5969E-02  0.6400E-03  0.5114E-02  0.4114E-02
    21  0.1560E+02  0.0000E+00  0.1551E-03  0.1586E-02  0.3800E-10  0.1819E+00  0.1948E+00  0.2942E-01  0.8832E-03  0.5363E+00  0.5865E-01  0.1592E+04  0.1592E+04  0.1592E+04  0.1484E-03  0.6924E-02  0.8149E-10  0.2119E+01 -0.2033E-08  0.6871E-02 -0.1224E-02 -0.1556E-02 -0.6321E-02  0.3092E-03  0.3845E-02  0.4059E-02
    22  0.1638E+02  0.0000E+00  0.1538E-03  0.1569E-02  0.3675E-10  0.1802E+00  0.1952E+00  0.3098E-01  0.1244E-01  0.5201E+00  0.5902E-01  0.1580E+04  0.1580E+04  0.1580E+04  0.1601E-03  0.6993E-02  0.7973E-10  0.1925E+01 -0.4165E-08  0.6951E-02 -0.1119E-02 -0.1683E-02 -0.7827E-02 -0.2405E-03  0.6000E-02  0.4173E-02
    23  0.1716E+02  0.0000E+00  0.1526E-03  0.1564E-02  0.3586E-10  0.1822E+00  0.1956E+00  0.3045E-01  0.4578E-01  0.5073E+00  0.3045E-01  0.1573E+04  0.1573E+04  0.1573E+04  0.2299E-03  0.7049E-02  0.7852E-10  0.1494E+01 -0.5438E-08  0.7025E-02 -0.1165E-02 -0.1612E-02 -0.7881E-02  0.6708E-03  0.4431E-02  0.3980E-02
    24  0.1794E+02  0.0000E+00  0.1525E-03  0.1563E-02  0.3543E-10  0.1826E+00  0.1958E+00  0.3034E-01 -0.1079E-02  0.5032E+00 -0.8692E-02  0.1569E+04  0.1569E+04  0.1569E+04  0.1906E-03  0.7067E-02  0.7810E-10  0.1077E+01 -0.2496E-08  0.7055E-02 -0.1273E-02 -0.1539E-02 -0.1024E-01 -0.1077E-02  0.6415E-02  0.4010E-02
    25  0.1872E+02  0.0000E+00  0.1509E-03  0.1563E-02  0.3535E-10  0.1966E+00  0.1959E+00  0.3096E-01  0.1319E-01  0.5129E+00 -0.3066E-01  0.1564E+04  0.1564E+04  0.1564E+04  0.1704E-03  0.7008E-02  0.7879E-10  0.1146E+01 -0.8480E-09  0.6994E-02 -0.1162E-02 -0.1601E-02 -0.5001E-02 -0.8227E-03  0.3773E-02  0.3990E-02
    26  0.1950E+02  0.0000E+00  0.1507E-03  0.1564E-02  0.3521E-10  0.1965E+00  0.1959E+00  0.2985E-01  0.2603E-01  0.5287E+00 -0.4140E-01  0.1560E+04  0.1560E+04  0.1560E+04  0.2267E-03  0.6911E-02  0.8004E-10  0.1313E+01  0.3425E-08  0.6892E-02 -0.1205E-02 -0.1643E-02 -0.5414E-02  0.1476E-02  0.2758E-02  0.4343E-02
    27  0.2028E+02  0.0000E+00  0.1519E-03  0.1566E-02  0.3542E-10  0.1897E+00  0.1957E+00  0.3078E-01  0.5538E-02  0.5441E+00 -0.4093E-01  0.1553E+04  0.1553E+04  0.1553E+04  0.1842E-03  0.6818E-02  0.8134E-10  0.1451E+01  0.5356E-08  0.6794E-02 -0.1286E-02 -0.1607E-02 -0.1030E-01  0.7685E-03  0.4953E-02  0.4561E-02
    28  0.2106E+02  0.0000E+00  0.1504E-03  0.1568E-02  0.3522E-10  0.1913E+00  0.1954E+00  0.3092E-01  0.1224E-02  0.5564E+00 -0.1250E-01  0.1549E+04  0.1549E+04  0.1549E+04  0.1755E-03  0.6729E-02  0.8242E-10  0.1296E+01  0.7729E-08  0.6709E-02 -0.1096E-02 -0.1588E-02 -0.6065E-02 -0.1245E-02  0.4670E-02  0.4101E-02
    29  0.2184E+02  0.0000E+00  0.1503E-03  0.1565E-02  0.3499E-10  0.1962E+00  0.1949E+00  0.3003E-01  0.1914E-01  0.5549E+00  0.2287E-01  0.1545E+04  0.1545E+04  0.1545E+04  0.2377E-03  0.6718E-02  0.8246E-10  0.1190E+01  0.1157E-07  0.6702E-02 -0.1163E-02 -0.1574E-02 -0.7765E-02 -0.1827E-02  0.6196E-02  0.4227E-02
    30  0.2262E+02  0.0000E+00  0.1500E-03  0.1576E-02  0.3511E-10  0.1954E+00  0.1945E+00  0.3048E-01  0.1486E-02  0.5402E+00  0.5309E-01  0.1543E+04  0.1543E+04  0.1543E+04  0.1749E-03  0.6834E-02  0.8179E-10  0.1331E+01  0.1198E-07  0.6814E-02 -0.1277E-02 -0.1601E-02 -0.7606E-02  0.1346E-02  0.4340E-02  0.4443E-02
    31  0.2340E+02  0.0000E+00  0.1482E-03  0.1569E-02  0.3434E-10  0.2074E+00  0.1941E+00  0.2997E-01  0.1418E-01  0.5182E+00  0.6512E-01  0.1536E+04  0.1536E+04  0.1536E+04  0.1748E-03  0.6977E-02  0.8003E-10  0.1946E+01  0.1102E-07  0.6935E-02 -0.1133E-02 -0.1655E-02 -0.6113E-02 -0.2522E-03  0.4255E-02  0.4084E-02
    32  0.2418E+02  0.0000E+00  0.1493E-03  0.1565E-02  0.3442E-10  0.2081E+00  0.1937E+00  0.3057E-01 -0.1497E-02  0.4999E+00  0.4889E-01  0.1533E+04  0.1533E+04  0.1533E+04  0.2267E-03  0.7082E-02  0.7854E-10  0.2066E+01  0.7402E-08  0.7035E-02 -0.1056E-02 -0.1589E-02 -0.8779E-02  0.1719E-02  0.4758E-02  0.3580E-02
    33  0.2496E+02  0.0000E+00  0.1480E-03  0.1555E-02  0.3376E-10  0.2080E+00  0.1935E+00  0.2978E-01  0.1292E-01  0.4925E+00  0.9143E-02  0.1527E+04  0.1527E+04  0.1527E+04  0.2371E-03  0.7103E-02  0.7780E-10  0.2200E+01  0.8012E-08  0.7051E-02 -0.1165E-02 -0.1597E-02 -0.6588E-02 -0.1693E-02  0.6091E-02  0.3820E-02
    34  0.2574E+02  0.0000E+00  0.1479E-03  0.1552E-02  0.3380E-10  0.2159E+00  0.1934E+00  0.3062E-01  0.8968E-02  0.4975E+00 -0.2827E-01  0.1522E+04  0.1522E+04  0.1522E+04  0.2105E-03  0.7069E-02  0.7811E-10  0.2334E+01  0.6355E-08  0.7010E-02 -0.1229E-02 -0.1579E-02 -0.7042E-02 -0.1277E-02  0.6325E-02  0.3946E-02
    35  0.2652E+02  0.0000E+00  0.1485E-03  0.1553E-02  0.3410E-10  0.2091E+00  0.1934E+00  0.2967E-01  0.6002E-02  0.5132E+00 -0.5291E-01  0.1520E+04  0.1520E+04  0.1520E+04  0.1688E-03  0.6963E-02  0.7931E-10  0.2174E+01  0.2470E-08  0.6910E-02 -0.1094E-02 -0.1592E-02 -0.6775E-02  0.9671E-03  0.5025E-02  0.3790E-02
    36  0.2730E+02  0.0000E+00  0.1482E-03  0.1533E-02  0.3335E-10  0.2115E+00  0.1936E+00  0.3018E-01  0.5049E-01  0.5369E+00 -0.5211E-01  0.1513E+04  0.1513E+04  0.1513E+04  0.2252E-03  0.6791E-02  0.8053E-10  0.2564E+01  0.1184E-08  0.6717E-02 -0.1064E-02 -0.1657E-02 -0.8865E-02  0.3829E-03  0.5441E-02  0.4141E-02
    37  0.2808E+02  0.0000E+00  0.1460E-03  0.1527E-02  0.3243E-10  0.2133E+00  0.1939E+00  0.3063E-01 -0.2848E-01  0.5551E+00 -0.1924E-01  0.1509E+04  0.1509E+04  0.1509E+04  0.2521E-03  0.6665E-02  0.8164E-10  0.2579E+01 -0.3788E-09  0.6593E-02 -0.1184E-02 -0.1606E-02 -0.7543E-02 -0.1608E-03  0.6382E-02  0.4427E-02
    38  0.2886E+02  0.0000E+00  0.1466E-03  0.1523E-02  0.3275E-10  0.2154E+00  0.1943E+00  0.3085E-01  0.5496E-01  0.5544E+00  0.1901E-01  0.1508E+04  0.1508E+04  0.1508E+04  0.2096E-03  0.6654E-02  0.8140E-10  0.2210E+01 -0.3726E-08  0.6598E-02 -0.1234E-02 -0.1530E-02 -0.5407E-02 -0.1109E-02  0.5643E-02  0.4324E-02
    39  0.2964E+02  0.0000E+00  0.1469E-03  0.1511E-02  0.3236E-10  0.2132E+00  0.1946E+00  0.2971E-01  0.1507E-01  0.5441E+00  0.5137E-01  0.1505E+04  0.1505E+04  0.1505E+04  0.1708E-03  0.6691E-02  0.8022E-10  0.1861E+01 -0.4533E-08  0.6650E-02 -0.1146E-02 -0.1603E-02 -0.7522E-02 -0.2241E-04  0.4543E-02  0.4302E-02
    40  0.3042E+02  0.0000E+00  0.1463E-03  0.1514E-02  0.3189E-10  0.2202E+00  0.1950E+00  0.3117E-01  0.6389E-02  0.5265E+00  0.5716E-01  0.1499E+04  0.1499E+04  0.1499E+04  0.2285E-03  0.6813E-02  0.7884E-10  0.1761E+01 -0.2547E-08  0.6778E-02 -0.1132E-02 -0.1676E-02 -0.8767E-02  0.1337E-02  0.4467E-02  0.4384E-02
    41  0.3120E+02  0.0000E+00  0.1456E-03  0.1510E-02  0.3144E-10  0.2183E+00  0.1953E+00  0.3006E-01  0.2804E-01  0.5083E+00  0.3618E-01  0.1494E+04  0.1494E+04  0.1494E+04  0.2461E-03  0.6910E-02  0.7728E-10  0.1248E+01 -0.2434E-08  0.6893E-02 -0.1210E-02 -0.1587E-02 -0.8187E-02  0.3274E-04  0.5146E-02  0.4166E-02
    42  0.3198E+02  0.0000E+00  0.1455E-03  0.1506E-02  0.3134E-10  0.2214E+00  0.1956E+00  0.3128E-01  0.1760E-01  0.5014E+00  0.2072E-02  0.1490E+04  0.1490E+04  0.1490E+04  0.2068E-03  0.6951E-02  0.7657E-10  0.1275E+01  0.8721E-09  0.6934E-02 -0.1227E-02 -0.1545E-02 -0.8801E-02 -0.8003E-03  0.4750E-02  0.4032E-02
    43  0.3276E+02  0.0000E+00  0.1439E-03  0.1495E-02  0.3073E-10  0.2226E+00  0.1958E+00  0.2995E-01  0.2410E-02  0.5087E+00 -0.2564E-01  0.1484E+04  0.1484E+04  0.1484E+04  0.2083E-03  0.6882E-02  0.7678E-10  0.1324E+01 -0.3675E-09  0.6864E-02 -0.1153E-02 -0.1634E-02 -0.4988E-02 -0.1822E-02  0.5091E-02  0.4228E-02
    44  0.3354E+02  0.0000E+00  0.1444E-03  0.1500E-02  0.3090E-10  0.2259E+00  0.1958E+00  0.3155E-01  0.3026E-01  0.5241E+00 -0.4341E-01  0.1479E+04  0.1479E+04  0.1479E+04  0.2520E-03  0.6798E-02  0.7807E-10  0.1366E+01  0.4793E-08  0.6779E-02 -0.1253E-02 -0.1614E-02 -0.6465E-02  0.1252E-02  0.2864E-02  0.4513E-02
    45  0.3432E+02  0.0000E+00  0.1446E-03  0.1502E-02  0.3082E-10  0.2116E+00  0.1957E+00  0.3019E-01  0.4227E-02  0.5394E+00 -0.4153E-01  0.1477E+04  0.1477E+04  0.1477E+04  0.1720E-03  0.6704E-02  0.7933E-10  0.1401E+01  0.6081E-08  0.6683E-02 -0.1236E-02 -0.1586E-02 -0.9878E-02  0.2559E-02  0.3504E-02  0.4491E-02
    46  0.3510E+02  0.0000E+00  0.1433E-03  0.1500E-02  0.3046E-10  0.2162E+00  0.1954E+00  0.3107E-01  0.5515E-02  0.5522E+00 -0.1477E-01  0.1473E+04  0.1473E+04  0.1473E+04  0.2094E-03  0.6597E-02  0.8031E-10  0.9205E+00  0.8676E-08  0.6588E-02 -0.1098E-02 -0.1645E-02 -0.6305E-02 -0.2624E-02  0.5262E-02  0.4486E-02
    47  0.3588E+02  0.0000E+00  0.1441E-03  0.1505E-02  0.3079E-10  0.2173E+00  0.1950E+00  0.3070E-01  0.2260E-01  0.5510E+00  0.1959E-01  0.1471E+04  0.1471E+04  0.1471E+04  0.2563E-03  0.6618E-02  0.8049E-10  0.1358E+01  0.8836E-08  0.6598E-02 -0.1205E-02 -0.1562E-02 -0.9319E-02 -0.3299E-03  0.5846E-02  0.4429E-02
    48  0.3666E+02  0.0000E+00  0.1435E-03  0.1516E-02  0.3085E-10  0.2099E+00  0.1946E+00  0.3005E-01  0.1023E-01  0.5391E+00  0.4114E-01  0.1467E+04  0.1467E+04  0.1467E+04  0.1710E-03  0.6713E-02  0.8005E-10  0.1583E+01  0.1109E-07  0.6687E-02 -0.1249E-02 -0.1558E-02 -0.7775E-02  0.3372E-03  0.4158E-02  0.4380E-02
    49  0.3744E+02  0.0000E+00  0.1433E-03  0.1511E-02  0.3090E-10  0.2104E+00  0.1942E+00  0.3083E-01 -0.1813E-01  0.5211E+00  0.4784E-01  0.1465E+04  0.1465E+04  0.1465E+04  0.1791E-03  0.6812E-02  0.7874E-10  0.1686E+01  0.1153E-07  0.6783E-02 -0.1090E-02 -0.1654E-02 -0.5958E-02  0.5287E-03  0.4352E-02  0.4174E-02
    50  0.3822E+02  0.0000E+00  0.1433E-03  0.1511E-02  0.3059E-10  0.2023E+00  0.1937E+00  0.2994E-01  0.3262E-01  0.5051E+00  0.3890E-01  0.1460E+04  0.1460E+04  0.1460E+04  0.2332E-03  0.6903E-02  0.7760E-10  0.1662E+01  0.1023E-07  0.6875E-02 -0.1118E-02 -0.1639E-02 -0.8280E-02  0.7619E-03  0.5395E-02  0.4073E-02
    51  0.3900E+02  0.0000E+00  0.1431E-03  0.1513E-02  0.3067E-10  0.2067E+00  0.1935E+00  0.3032E-01  0.2152E-02  0.4977E+00  0.1001E-01  0.1459E+04  0.1459E+04  0.1459E+04  0.2198E-03  0.6952E-02  0.7722E-10  0.1828E+01  0.1303E-07  0.6919E-02 -0.1202E-02 -0.1545E-02 -0.6874E-02 -0.1742E-02  0.5387E-02  0.3903E-02
