#BLTrackFile VirtualDetector/beamDet
#x y z Px Py Pz t PDGid EventID TrackID ParentID Weight
#mm mm mm MeV/c MeV/c MeV/c ns - - - - -
1.47397 16.3894 76260 -19.259 -11.7089 183.704 1042.9 -13 304 1 0 1
-15.4802 31.2222 76260 -61.3458 43.374 223.12 1043.08 -13 611 1 0 1
21.8445 -0.75006 76260 7.75585 20.2566 195.484 1042.82 -13 713 1 0 1
-28.4208 -20.5879 76260 -12.3804 -51.0544 211.814 1042.71 -13 721 1 0 1
-24.6197 33.4456 76260 -50.0317 -9.31742 183.253 1042.91 -13 910 1 0 1
-7.58646 37.957 76260 -48.044 33.9176 209.235 1042.44 -13 1194 1 0 1
-35.6428 43.4897 76260 -65.7844 7.70339 210.33 1042.65 -13 1395 1 0 1
