#NTuple/Z0
#Units are ns, meters, GeV/c, Tesla, and V/m
#IEVT IPNUM IPTYP IPFLG JSRG T X Y Z Px Py Pz Bx By Bz Weight Ex Ey Ez SARC POLx POLy POLz
0 1 2 0 1 1.6399e-06 -0.00102307 -0.00154223 0 0 0 0.195 0 0 0 1.0000 0 0 0 0   0 0 0
0 1 2 0 2 1.64286e-06 -0.00102307 -0.00154223 0.78 0 0 0.195 0 0 0 1.0000 0 0 0 0   0 0 0
0 1 2 0 3 1.64582e-06 -0.00102307 -0.00154223 1.56 0 0 0.195 0 0 0 1.0000 0 0 0 0   0 0 0
0 1 2 0 4 1.64878e-06 -0.00102307 -0.00154223 2.34 0 0 0.195 0 0 0 1.0000 0 0 0 0   0 0 0
0 1 2 0 5 1.65174e-06 -0.00102307 -0.00154223 3.12 0 0 0.195 0 0 0 1.0000 0 0 0 0   0 0 0
0 1 2 0 6 1.6547e-06 -0.00102307 -0.00154223 3.9 0 0 0.195 0 0 0 1.0000 0 0 0 0   0 0 0
0 1 2 0 7 1.65766e-06 -0.00102307 -0.00154223 4.68 0 0 0.195 0 0 0 1.0000 0 0 0 0   0 0 0
0 1 2 0 8 1.66061e-06 -0.00102307 -0.00154223 5.46 0 0 0.195 0 0 0 1.0000 0 0 0 0   0 0 0
0 1 2 0 9 1.66357e-06 -0.00102307 -0.00154223 6.24 0 0 0.195 0 0 0 1.0000 0 0 0 0   0 0 0
0 1 2 0 10 1.66653e-06 -0.00102307 -0.00154223 7.02 0 0 0.195 0 0 0 1.0000 0 0 0 0   0 0 0
0 1 2 0 11 1.66949e-06 -0.00102307 -0.00154223 7.8 0 0 0.195 0 0 0 1.0000 0 0 0 0   0 0 0
0 1 2 0 12 1.67245e-06 -0.00102307 -0.00154223 8.58 0 0 0.195 0 0 0 1.0000 0 0 0 0   0 0 0
0 1 2 0 13 1.67541e-06 -0.00102307 -0.00154223 9.36 0 0 0.195 0 0 0 1.0000 0 0 0 0   0 0 0
0 1 2 0 14 1.67837e-06 -0.00102307 -0.00154223 10.14 0 0 0.195 0 0 0 1.0000 0 0 0 0   0 0 0
0 1 2 0 15 1.68133e-06 -0.00102307 -0.00154223 10.92 0 0 0.195 0 0 0 1.0000 0 0 0 0   0 0 0
0 1 2 0 16 1.68429e-06 -0.00102307 -0.00154223 11.7 0 0 0.195 0 0 0 1.0000 0 0 0 0   0 0 0
0 1 2 0 17 1.68725e-06 -0.00102307 -0.00154223 12.48 0 0 0.195 0 0 0 1.0000 0 0 0 0   0 0 0
0 1 2 0 18 1.69021e-06 -0.00102307 -0.00154223 13.26 0 0 0.195 0 0 0 1.0000 0 0 0 0   0 0 0
0 1 2 0 19 1.69317e-06 -0.00102307 -0.00154223 14.04 0 0 0.195 0 0 0 1.0000 0 0 0 0   0 0 0
0 1 2 0 20 1.69612e-06 -0.00102307 -0.00154223 14.82 0 0 0.195 0 0 0 1.0000 0 0 0 0   0 0 0
0 1 2 0 21 1.69908e-06 -0.00102307 -0.00154223 15.6 0 0 0.195 0 0 0 1.0000 0 0 0 0   0 0 0
0 1 2 0 22 1.70204e-06 -0.00102307 -0.00154223 16.38 0 0 0.195 0 0 0 1.0000 0 0 0 0   0 0 0
0 1 2 0 23 1.705e-06 -0.00102307 -0.00154223 17.16 0 0 0.195 0 0 0 1.0000 0 0 0 0   0 0 0
0 1 2 0 24 1.70796e-06 -0.00102307 -0.00154223 17.94 0 0 0.195 0 0 0 1.0000 0 0 0 0   0 0 0
0 1 2 0 25 1.71092e-06 -0.00102307 -0.00154223 18.72 0 0 0.195 0 0 0 1.0000 0 0 0 0   0 0 0
0 1 2 0 26 1.71388e-06 -0.00102307 -0.00154223 19.5 0 0 0.195 0 0 0 1.0000 0 0 0 0   0 0 0
0 1 2 0 27 1.71684e-06 -0.00102307 -0.00154223 20.28 0 0 0.195 0 0 0 1.0000 0 0 0 0   0 0 0
0 1 2 0 28 1.7198e-06 -0.00102307 -0.00154223 21.06 0 0 0.195 0 0 0 1.0000 0 0 0 0   0 0 0
0 1 2 0 29 1.72276e-06 -0.00102307 -0.00154223 21.84 0 0 0.195 0 0 0 1.0000 0 0 0 0   0 0 0
0 1 2 0 30 1.72572e-06 -0.00102307 -0.00154223 22.62 0 0 0.195 0 0 0 1.0000 0 0 0 0   0 0 0
0 1 2 0 31 1.72868e-06 -0.00102307 -0.00154223 23.4 0 0 0.195 0 0 0 1.0000 0 0 0 0   0 0 0
0 1 2 0 32 1.73163e-06 -0.00102307 -0.00154223 24.18 0 0 0.195 0 0 0 1.0000 0 0 0 0   0 0 0
0 1 2 0 33 1.73459e-06 -0.00102307 -0.00154223 24.96 0 0 0.195 0 0 0 1.0000 0 0 0 0   0 0 0
0 1 2 0 34 1.73755e-06 -0.00102307 -0.00154223 25.74 0 0 0.195 0 0 0 1.0000 0 0 0 0   0 0 0
0 1 2 0 35 1.74051e-06 -0.00102307 -0.00154223 26.52 0 0 0.195 0 0 0 1.0000 0 0 0 0   0 0 0
0 1 2 0 36 1.74347e-06 -0.00102307 -0.00154223 27.3 0 0 0.195 0 0 0 1.0000 0 0 0 0   0 0 0
0 1 2 0 37 1.74643e-06 -0.00102307 -0.00154223 28.08 0 0 0.195 0 0 0 1.0000 0 0 0 0   0 0 0
0 1 2 0 38 1.74939e-06 -0.00102307 -0.00154223 28.86 0 0 0.195 0 0 0 1.0000 0 0 0 0   0 0 0
0 1 2 0 39 1.75235e-06 -0.00102307 -0.00154223 29.64 0 0 0.195 0 0 0 1.0000 0 0 0 0   0 0 0
0 1 2 0 40 1.75531e-06 -0.00102307 -0.00154223 30.42 0 0 0.195 0 0 0 1.0000 0 0 0 0   0 0 0
0 1 2 0 41 1.75827e-06 -0.00102307 -0.00154223 31.2 0 0 0.195 0 0 0 1.0000 0 0 0 0   0 0 0
0 1 2 0 42 1.76123e-06 -0.00102307 -0.00154223 31.98 0 0 0.195 0 0 0 1.0000 0 0 0 0   0 0 0
0 1 2 0 43 1.76419e-06 -0.00102307 -0.00154223 32.76 0 0 0.195 0 0 0 1.0000 0 0 0 0   0 0 0
0 1 2 0 44 1.76714e-06 -0.00102307 -0.00154223 33.54 0 0 0.195 0 0 0 1.0000 0 0 0 0   0 0 0
0 1 2 0 45 1.7701e-06 -0.00102307 -0.00154223 34.32 0 0 0.195 0 0 0 1.0000 0 0 0 0   0 0 0
0 1 2 0 46 1.77306e-06 -0.00102307 -0.00154223 35.1 0 0 0.195 0 0 0 1.0000 0 0 0 0   0 0 0
0 1 2 0 47 1.77602e-06 -0.00102307 -0.00154223 35.88 0 0 0.195 0 0 0 1.0000 0 0 0 0   0 0 0
0 1 2 0 48 1.77898e-06 -0.00102307 -0.00154223 36.66 0 0 0.195 0 0 0 1.0000 0 0 0 0   0 0 0
0 1 2 0 49 1.78194e-06 -0.00102307 -0.00154223 37.44 0 0 0.195 0 0 0 1.0000 0 0 0 0   0 0 0
0 1 2 0 50 1.7849e-06 -0.00102307 -0.00154223 38.22 0 0 0.195 0 0 0 1.0000 0 0 0 0   0 0 0
0 1 2 0 51 1.78786e-06 -0.00102307 -0.00154223 39 0 0 0.195 0 0 0 1.0000 0 0 0 0   0 0 0
0 1 2 0 52 1.79082e-06 -0.00102307 -0.00154223 39.78 0 0 0.195 0 0 0 1.0000 0 0 0 0   0 0 0
0 1 2 0 53 1.79378e-06 -0.00102307 -0.00154223 40.56 0 0 0.195 0 0 0 1.0000 0 0 0 0   0 0 0
0 1 2 0 54 1.79674e-06 -0.00102307 -0.00154223 41.34 0 0 0.195 0 0 0 1.0000 0 0 0 0   0 0 0
0 1 2 0 55 1.7997e-06 -0.00102307 -0.00154223 42.12 0 0 0.195 0 0 0 1.0000 0 0 0 0   0 0 0
0 1 2 0 56 1.80266e-06 -0.00102307 -0.00154223 42.9 0 0 0.195 0 0 0 1.0000 0 0 0 0   0 0 0
0 1 2 0 57 1.80561e-06 -0.00102307 -0.00154223 43.68 0 0 0.195 0 0 0 1.0000 0 0 0 0   0 0 0
0 1 2 0 58 1.80857e-06 -0.00102307 -0.00154223 44.46 0 0 0.195 0 0 0 1.0000 0 0 0 0   0 0 0
0 1 2 0 59 1.81153e-06 -0.00102307 -0.00154223 45.24 0 0 0.195 0 0 0 1.0000 0 0 0 0   0 0 0
0 1 2 0 60 1.81449e-06 -0.00102307 -0.00154223 46.02 0 0 0.195 0 0 0 1.0000 0 0 0 0   0 0 0
0 1 2 0 61 1.81745e-06 -0.00102307 -0.00154223 46.8 0 0 0.195 0 0 0 1.0000 0 0 0 0   0 0 0
