#BLTrackFile VirtualDetector/beamDet
#x y z Px Py Pz t PDGid EventID TrackID ParentID Weight
#mm mm mm MeV/c MeV/c MeV/c ns - - - - -
4.08928 49.8938 0 -50.8886 50.4268 220.799 906.525 -13 133 1 0 1
-38.8293 -0.373096 0 -24.0775 -31.4704 184.057 906.128 -13 218 1 0 1
-18.1138 38.4179 0 -53.7078 4.00721 213.015 906.446 -13 341 1 0 1
19.1231 13.3011 0 5.24807 38.4965 230.901 906.404 -13 408 1 0 1
10.4006 51.7786 0 -63.2445 46.8789 211.241 906.219 -13 445 1 0 1
8.46261 34.7742 0 -39.4699 29.6795 213.856 906.315 -13 463 1 0 1
-17.1677 24.3564 0 -50.8174 23.6787 235.359 906.388 -13 465 1 0 1
-2.98289 24.7898 0 -22.7149 17.3317 224.359 906.607 -13 519 1 0 1
24.1988 15.2746 0 3.82888 31.6605 230.689 906.495 -13 536 1 0 1
-9.75175 11.0994 0 -13.391 -14.0822 196.465 906.076 -13 589 1 0 1
-31.4203 92.3768 0 -95.2705 -0.117834 196.679 906.899 -13 636 1 0 1
-56.2948 2.73288 0 -61.9501 -53.1373 215.019 906.493 -13 666 1 0 1
31.9518 42.5879 0 -22.6997 62.1977 214.129 906.415 -13 764 1 0 1
1.06464 25.1735 0 -21.1167 15.8341 226.364 906.468 -13 859 1 0 1
1.34042 2.78766 0 -6.86957 -0.670931 219.142 906.697 -13 876 1 0 1
-16.7616 -20.5531 0 12.0025 -20.607 210.247 906.11 -13 933 1 0 1
-16.5067 3.36791 0 -30.8797 13.5523 229.797 906.898 -13 1017 1 0 1
-87.5996 28.9691 0 -52.3216 -68.2545 202.754 903.437 -13 1219 1 0 1
-42.8001 26.3782 0 -80.4879 -14.4568 222.884 906.505 -13 1284 1 0 1
-4.4383 28.8211 0 -33.8429 35.0271 235.945 906.537 -13 1461 1 0 1
12.4447 44.2935 0 -32.4606 26.6861 209.58 906.39 -13 1555 1 0 1
-59.0443 9.90121 0 -56.4233 -14.4488 223.278 906.361 -13 1578 1 0 1
-47.2304 51.7135 0 -84.5184 -5.03163 206.522 903.754 -13 1606 1 0 1
-16.5585 16.65 0 -47.0868 -23.3804 200.227 906.182 -13 1690 1 0 1
-24.005 32.9402 0 -58.3066 15.3334 227.527 906.383 -13 1897 1 0 1
-13.9476 5.74888 0 -18.0572 -15.2865 180.186 906.404 -13 1910 1 0 1
4.2325 1.84766 0 6.68724 1.90078 194.399 906.301 -13 1930 1 0 1
-0.127572 10.9958 0 -19.261 -5.81951 221.451 906.471 -13 1942 1 0 1
-36.5457 24.3475 0 -67.7745 -8.50536 218.838 906.471 -13 2135 1 0 1
7.39628 -31.5494 0 13.5757 -31.4292 222.04 906.022 -13 2446 1 0 1
-42.4314 52.9324 0 -76.0398 -36.0923 177.222 905.002 -13 2464 1 0 1
30.2721 83.0446 0 -55.7131 77.9281 209.905 906.517 -13 2552 1 0 1
17.8705 9.33679 0 10.2788 -1.12569 242.569 906.46 -13 2558 1 0 1
-8.21857 42.6343 0 -33.9863 -12.28 198 906.441 -13 2665 1 0 1
-18.5112 2.05191 0 -30.25 -4.53181 211.583 906.568 -13 2803 1 0 1
-22.1275 15.6863 0 -30.8008 -11.9167 199.294 906.633 -13 2872 1 0 1
-12.1413 46.1798 0 -55.7232 0.792808 200.092 906.594 -13 2919 1 0 1
6.16523 5.39921 0 -8.24465 12.0376 235.815 906.488 -13 2942 1 0 1
-33.8118 6.5377 0 -41.8954 -35.5139 205.616 906.498 -13 3026 1 0 1
-29.9313 25.6341 0 -35.0606 -22.353 188.736 906.585 -13 3136 1 0 1
3.80755 33.8602 0 -28.4159 43.0594 204.693 906.424 -13 3147 1 0 1
48.7165 1.68059 0 77.5362 48.055 237.15 906.173 -13 3244 1 0 1
22.6898 12.4494 0 2.88992 50.7703 229.872 906.609 -13 3331 1 0 1
-45.0493 -0.692049 0 -45.3226 -21.3204 214 906.384 -13 3519 1 0 1
10.3006 75.4374 0 -78.5223 43.4901 202.045 903.952 -13 3774 1 0 1
-64.1464 43.4131 0 -93.9082 -47.5663 194.791 906.595 -13 3847 1 0 1
2.28125 15.1539 0 -22.4636 22.1706 230.658 906.437 -13 3867 1 0 1
-22.705 28.7154 0 -61.872 18.3765 241.471 906.312 -13 3940 1 0 1
-10.1533 17.5561 0 -45.2824 2.32431 219.391 906.503 -13 3974 1 0 1
-13.4497 0.36661 0 -12.4722 -24.6287 225.793 906.375 -13 4053 1 0 1
1.04426 26.8473 0 -16.6399 36.0223 221.145 903.575 -13 4100 1 0 1
-2.13825 10.6138 0 -15.1804 25.7484 233.838 906.523 -13 4184 1 0 1
14.5726 27.1277 0 -20.753 48.1594 223.475 906.584 -13 4247 1 0 1
14.3365 23.1564 0 -24.9281 19.8911 197.048 903.004 -13 4485 1 0 1
27.6786 69.6034 0 -43.2864 74.3331 207.351 903.587 -13 4547 1 0 1
12.7264 39.0686 0 -28.4466 53.2373 226.835 906.455 -13 4551 1 0 1
-14.0242 -10.3225 0 2.7894 -28.2612 230.185 906.549 -13 4912 1 0 1
-48.38 16.5018 0 -30.6414 -40.4388 208.243 906.336 -13 5221 1 0 1
-33.5974 33.142 0 -77.8261 7.39641 229.996 906.469 -13 5223 1 0 1
-1.38133 -6.7448 0 3.97996 -14.992 231.818 906.494 -13 5254 1 0 1
13.8459 21.782 0 -1.18996 41.782 231.508 906.448 -13 5434 1 0 1
17.2125 30.5173 0 -18.0943 34.292 209.245 906.467 -13 5634 1 0 1
11.7607 39.8377 0 -42.4601 4.41354 199.612 906.444 -13 5648 1 0 1
-9.6353 70.5703 0 -73.6733 47.8449 204.85 906.62 -13 5873 1 0 1
-39.8685 10.7267 0 -42.8612 -29.537 213.526 906.653 -13 6137 1 0 1
3.54066 -6.2352 0 0.743493 -14.6945 232.626 903.221 -13 6140 1 0 1
-22.7227 17.6337 0 -42.0387 -23.8927 198.414 906.309 -13 6272 1 0 1
11.2201 27.8854 0 -3.95475 45.0073 222.617 906.544 -13 6320 1 0 1
5.93687 -5.85706 0 -3.58078 -9.76185 194.991 906.372 -13 6677 1 0 1
-1.05169 45.8995 0 -43.1284 33.7503 216.258 907.22 -13 6681 1 0 1
-59.5369 17.8448 0 -45.9718 -41.8585 198.831 906.608 -13 6748 1 0 1
-17.9769 4.34101 0 -32.6149 -14.496 217.411 906.545 -13 6815 1 0 1
-28.6154 22.6607 0 -55.011 -6.27834 221.276 906.554 -13 6956 1 0 1
-16.1125 10.3696 0 -36.7789 -10.5021 220.183 906.113 -13 7318 1 0 1
-31.6954 -12.9846 0 -13.9686 -41.2419 201.689 906.542 -13 7639 1 0 1
-27.724 -18.1483 0 -10.3461 -37.0692 223.162 906.553 -13 7898 1 0 1
19.5062 -6.60948 0 9.86151 9.70279 202.139 906.263 -13 7904 1 0 1
-19.0825 13.4978 0 -24.0375 -21.6166 178.944 906.094 -13 7947 1 0 1
2.26604 -6.96444 0 -3.88226 -14.3839 225.705 906.331 -13 8061 1 0 1
4.46722 26.6711 0 -9.30952 22.6638 226.697 906.523 -13 8070 1 0 1
-5.5858 13.1401 0 -19.6855 -1.42398 225.291 906.311 -13 8205 1 0 1
-31.5945 21.5895 0 -57.9481 4.96607 228.348 906.492 -13 8306 1 0 1
3.68306 16.2402 0 -13.4921 29.5912 222.973 906.359 -13 8312 1 0 1
-18.2758 3.16822 0 -28.1333 -18.1212 232.18 906.511 -13 8358 1 0 1
-9.92429 48.2456 0 -69.4421 -5.82764 191.014 906.465 -13 8585 1 0 1
-9.67333 2.55328 0 -8.52241 -8.57104 196.339 905.954 -13 8700 1 0 1
-43.1579 -3.91741 0 -43.9517 -41.8121 224.636 906.458 -13 8759 1 0 1
-9.73577 24.3766 0 -36.9408 17.7828 207.988 903.143 -13 8781 1 0 1
-10.669 24.3952 0 -53.3614 12.1647 216.983 906.448 -13 8832 1 0 1
-0.18969 31.0835 0 -39.9939 58.1874 230.111 903.862 -13 8918 1 0 1
-32.2995 -23.5352 0 -2.43948 -54.155 213.473 906.312 -13 8921 1 0 1
1.80891 1.88309 0 -11.6117 -21.1957 222.856 903.464 -13 8987 1 0 1
-4.62616 13.0351 0 -8.9684 5.14546 219.255 906.61 -13 9032 1 0 1
10.2664 8.29788 0 0.634627 25.75 235.938 906.697 -13 9262 1 0 1
-7.85182 19.0559 0 -25.041 23.9551 229.854 906.464 -13 9434 1 0 1
-15.0577 -18.0316 0 -10.5632 -33.2252 222.197 906.495 -13 9435 1 0 1
-21.7365 9.85794 0 -28.1903 -23.3332 215.317 906.48 -13 9436 1 0 1
-23.656 -47.9776 0 5.01002 -80.5021 212.655 906.308 -13 9547 1 0 1
-1.17989 -43.4573 0 36.2555 -22.3694 219.773 906.551 -13 9625 1 0 1
12.0975 36.277 0 -29.3268 38.9736 216.227 906.276 -13 9698 1 0 1
27.6745 -17.1575 0 31.5955 1.01675 217.429 906.363 -13 9932 1 0 1
-18.6861 47.144 0 -57.3957 30.8407 202.551 906.184 -13 10302 1 0 1
-12.7827 12.7586 0 -14.9415 -10.7867 190.518 906.668 -13 10324 1 0 1
-10.2647 5.59064 0 -23.011 11.5417 235.021 906.762 -13 10780 1 0 1
-4.12825 34.9828 0 -26.1962 -0.238931 188.693 906.309 -13 10869 1 0 1
-27.4046 41.4435 0 -61.8574 14.7573 207.756 906.378 -13 11161 1 0 1
-4.84497 51.0389 0 -50.4283 38.0284 206.566 903.424 -13 11303 1 0 1
-38.4004 9.79999 0 -45.5913 -22.9936 227.011 906.597 -13 11411 1 0 1
-31.104 40.2466 0 -54.2797 -0.820547 223.982 906.734 -13 11497 1 0 1
-23.3881 55.4383 0 -63.2765 13.9585 202.944 906.604 -13 11508 1 0 1
0.0528111 20.4381 0 -28.1597 14.7027 216.801 906.661 -13 11546 1 0 1
11.5344 19.2741 0 -18.9214 4.44907 228.169 906.581 -13 11621 1 0 1
37.1269 25.3796 0 -11.3435 54.2444 223.143 906.7 -13 11739 1 0 1
0.94538 9.7786 0 -15.392 15.9977 226.976 906.264 -13 11860 1 0 1
0.74192 45.8587 0 -41.1592 36.0794 221.67 906.554 -13 12000 1 0 1
-19.3757 14.4414 0 -32.9894 -24.552 182.241 906.294 -13 12069 1 0 1
-13.7148 30.0617 0 -38.2585 0.457574 210.112 906.617 -13 12276 1 0 1
-16.5998 65.4201 0 -76.0643 42.6679 210.032 906.49 -13 12411 1 0 1
-7.16084 13.268 0 -12.3639 -0.63908 236.337 906.498 -13 12594 1 0 1
-38.6345 29.1272 0 -49.2936 -16.4003 191.217 906.496 -13 12640 1 0 1
-61.3651 -46.7185 0 -3.42879 -76.7525 214.917 906.157 -13 12667 1 0 1
-14.0954 34.6465 0 -48.2565 0.858868 219.401 906.56 -13 12917 1 0 1
-1.61607 4.90773 0 -17.2597 -4.52405 231.916 906.417 -13 12990 1 0 1
-18.3804 -0.606155 0 -21.4041 -11.7122 230.354 906.54 -13 13210 1 0 1
11.5284 45.7767 0 -55.1309 28.3757 206.468 906.735 -13 13460 1 0 1
-47.7415 -13.7125 0 -1.76752 -50.8177 190.328 906.261 -13 13604 1 0 1
16.1889 41.4708 0 -36.5178 50.3914 211.823 906.523 -13 13607 1 0 1
-15.1562 6.37971 0 -29.2719 -0.647434 228.489 906.428 -13 13633 1 0 1
-73.7793 21.5085 0 -60.0774 -60.5837 201.35 906.561 -13 13923 1 0 1
-30.278 61.8342 0 -71.2805 -24.5509 193.117 906.479 -13 14257 1 0 1
-7.40805 18.2044 0 -17.8569 10.1674 209.918 906.624 -13 14484 1 0 1
6.09981 15.4744 0 -12.2669 22.4461 230.833 906.622 -13 14505 1 0 1
-57.081 -9.74569 0 -38.9124 -61.8573 213.266 906.659 -13 14618 1 0 1
9.39109 21.7605 0 -24.1662 36.7683 226.576 906.655 -13 14638 1 0 1
12.0236 -1.54682 0 1.52171 16.9836 225.4 906.612 -13 14699 1 0 1
-71.4395 11.9156 0 -59.4097 -68.2645 207.954 906.305 -13 15055 1 0 1
-35.6301 -9.78334 0 -7.23538 -39.3044 200.26 906.068 -13 15123 1 0 1
4.05353 21.2738 0 -45.4136 24.9998 232.481 906.67 -13 15397 1 0 1
-18.6441 29.5246 0 -44.6002 1.35985 217.73 906.631 -13 15400 1 0 1
-32.5784 10.4794 0 -35.0398 -29.4024 220.53 906.271 -13 15618 1 0 1
16.7915 51.2406 0 -60.41 28.0005 199.052 906.133 -13 15688 1 0 1
-9.91034 -28.6691 0 24.8904 -13.618 207.724 903.538 -13 15819 1 0 1
-10.785 34.3655 0 -43.0759 5.68217 200.4 906.678 -13 15879 1 0 1
20.4494 7.64199 0 3.29825 42.7697 235.539 906.482 -13 16063 1 0 1
-4.74892 21.0483 0 -12.415 -13.5954 212.511 906.392 -13 16086 1 0 1
6.95782 17.2571 0 22.5933 29.5549 217.693 904.07 -13 16372 1 0 1
-13.0946 21.5924 0 -18.9313 -19.7446 178.108 906.436 -13 16373 1 0 1
-29.2235 18.776 0 -32.1128 -20.2621 181.66 906.132 -13 16400 1 0 1
-17.0362 19.6878 0 -29.6094 -10.5736 216.182 906.446 -13 16417 1 0 1
-4.95238 30.4104 0 -11.4626 50.8691 225.199 906.159 -13 16478 1 0 1
-8.53284 37.0253 0 -36.7162 7.79362 212.052 906.598 -13 16612 1 0 1
-1.42306 37.8391 0 -47.2092 50.9541 224.955 906.36 -13 16639 1 0 1
12.2023 13.8318 0 -21.07 10.9988 221.558 906.576 -13 16823 1 0 1
-30.2827 9.4867 0 -37.3323 -4.89609 219.904 906.599 -13 16865 1 0 1
-43.2074 -46.5897 0 -9.67397 -102.277 229.401 903.691 -13 17002 1 0 1
0.0253073 6.02512 0 -19.8434 17.142 208.389 906.016 -13 17004 1 0 1
-13.1513 49.64 0 -57.0137 7.2913 199.201 906.717 -13 17055 1 0 1
-8.59882 28.7931 0 -40.498 21.5383 223.414 906.413 -13 17060 1 0 1
0.922464 -0.189418 0 -7.06704 1.92313 229.849 906.718 -13 17251 1 0 1
-39.2471 -19.1556 0 -23.9659 -52.2602 220.609 906.615 -13 17302 1 0 1
-7.19588 12.7417 0 -32.9172 18.1714 220.829 906.247 -13 17372 1 0 1
12.368 47.7161 0 -57.888 49.7112 216.579 906.713 -13 17393 1 0 1
12.8674 36.2029 0 -25.6126 44.6629 217.266 906.222 -13 17508 1 0 1
3.42214 47.3377 0 -60.3567 -8.47217 190.446 906.621 -13 17852 1 0 1
-4.38682 1.84645 0 4.50648 6.44574 233.288 906.474 -13 17881 1 0 1
-12.7273 4.43226 0 -17.6377 -4.93092 209.156 906.635 -13 17894 1 0 1
-13.6182 12.1252 0 -30.9803 9.98744 228.859 906.374 -13 18019 1 0 1
17.0554 19.6287 0 -19.9236 20.6045 213.262 906.432 -13 18114 1 0 1
-41.0931 20.8718 0 -64.0372 -16.999 224.316 906.743 -13 18212 1 0 1
-3.23618 24.5182 0 -31.5619 -4.01117 209.951 906.572 -13 18228 1 0 1
-2.29777 16.2853 0 -27.738 17.5611 222.838 906.24 -13 18415 1 0 1
-23.2674 38.2311 0 -58.0741 -12.8544 210.177 906.553 -13 18535 1 0 1
-32.8444 5.04586 0 -38.1389 -32.833 193.125 903.368 -13 18663 1 0 1
-13.3326 -1.5983 0 2.94294 -22.2595 178.396 906.263 -13 18758 1 0 1
-13.747 15.4322 0 -27.3857 -8.64027 221.987 906.578 -13 18773 1 0 1
-23.8017 -33.7408 0 30.6359 -39.792 181.203 906.268 -13 18796 1 0 1
15.4762 47.9641 0 -44.2031 53.2862 216.776 906.454 -13 18858 1 0 1
-11.6265 27.516 0 -38.1884 5.31748 227.755 906.279 -13 18906 1 0 1
-26.5993 -22.8494 0 -3.24081 -48.2317 212.09 905.949 -13 18977 1 0 1
15.0888 6.18282 0 -3.728 24.2055 219.507 906.313 -13 19052 1 0 1
-34.2854 27.6219 0 -76.9029 -5.65293 230.948 906.596 -13 19131 1 0 1
-17.5347 -5.56229 0 -8.39842 -9.44859 229.295 906.322 -13 19168 1 0 1
-6.72885 45.8727 0 -52.6661 9.39151 202.757 906.602 -13 19181 1 0 1
4.02893 17.4004 0 -18.8828 30.686 228.943 906.464 -13 19199 1 0 1
-13.0579 39.4 0 -56.7629 -5.8774 216.807 906.533 -13 19522 1 0 1
-19.5301 23.5457 0 -26.8018 -13.3964 206.096 906.213 -13 19733 1 0 1
-11.152 -8.70266 0 -7.50584 -37.8003 201.305 906.313 -13 19849 1 0 1
8.99596 45.0816 0 -29.9873 38.6211 205.386 906.236 -13 19865 1 0 1
-41.8195 44.2828 0 -59.2013 -15.4385 192.365 906.563 -13 20105 1 0 1
-15.7963 10.2104 0 -20.3584 -4.14462 185.466 906.14 -13 20176 1 0 1
-19.6902 -8.32753 0 -16.8082 -30.7932 228.454 906.473 -13 20177 1 0 1
54.1427 64.1878 0 -22.0265 85.4353 211.278 906.314 -13 20485 1 0 1
-7.10523 16.7745 0 -18.9647 -11.0027 182.669 906.357 -13 20488 1 0 1
-4.57815 12.2919 0 -5.47986 -0.66261 218.429 906.678 -13 20497 1 0 1
-5.05624 -28.439 0 17.1111 -21.0999 185.469 906.303 -13 20742 1 0 1
-36.446 -29.5148 0 -25.1892 -58.8329 239.741 906.543 -13 20775 1 0 1
-1.92669 23.5069 0 -23.8462 37.5622 223.314 906.537 -13 20821 1 0 1
-18.3703 38.7991 0 -66.9967 9.68608 215.283 906.403 -13 20871 1 0 1
22.1664 9.0571 0 18.5148 29.8268 203.589 906.239 -13 20951 1 0 1
-33.3595 -2.21867 0 -39.9321 -19.7875 246.33 906.249 -13 20978 1 0 1
-26.2216 38.1275 0 -67.6593 -1.20466 218.552 906.622 -13 21005 1 0 1
-36.6466 -4.23388 0 -24.3921 -41.8158 204.064 906.666 -13 21107 1 0 1
-33.6525 1.37159 0 -15.9494 -29.1182 187.312 906.18 -13 21174 1 0 1
15.3574 31.5395 0 -33.4019 29.724 223.824 906.649 -13 21182 1 0 1
-8.09194 -11.0215 0 -2.69194 -10.657 206.112 906.464 -13 21456 1 0 1
10.6618 -28.1862 0 38.873 -32.5411 234.35 906.523 -13 21486 1 0 1
-7.91229 0.628209 0 -4.11969 -1.02173 235.367 906.208 -13 21577 1 0 1
-30.6488 48.601 0 -70.6476 16.6748 218.463 906.612 -13 21579 1 0 1
16.6954 19.2274 0 -32.6274 55.9428 224.679 906.225 -13 21598 1 0 1
-0.330196 -20.6511 0 9.97244 -17.578 225.505 906.464 -13 21743 1 0 1
-14.512 29.7762 0 -48.148 22.3325 223.467 906.345 -13 21760 1 0 1
-17.5459 6.09459 0 -36.9505 0.879515 203.028 906.208 -13 21992 1 0 1
13.752 14.162 0 -2.38308 33.4737 225.558 906.296 -13 22016 1 0 1
-45.4518 -1.36426 0 -52.5603 -52.6891 224.423 906.508 -13 22215 1 0 1
-11.0199 -0.579697 0 -11.1286 -20.5783 208.961 906.619 -13 22220 1 0 1
21.2383 -29.3171 0 28.7905 -1.42049 213.842 906.212 -13 22253 1 0 1
-14.8967 7.79906 0 -19.4005 -2.89435 235.311 906.433 -13 22404 1 0 1
-4.7496 21.7212 0 -18.949 13.9953 190.61 906.386 -13 22416 1 0 1
18.3285 33.3112 0 -16.7558 47.9849 220.149 906.257 -13 22500 1 0 1
-16.5025 -26.3071 0 9.3216 -39.469 196.794 906.147 -13 22596 1 0 1
28.9713 -12.3702 0 41.8344 17.3501 214.492 906.32 -13 22680 1 0 1
-20.284 7.0005 0 -30.2753 -7.34216 191.407 906.367 -13 22750 1 0 1
-55.3791 20.2341 0 -62.4727 -28.8258 201.873 906.65 -13 22870 1 0 1
-13.9925 22.9531 0 -21.2325 23.8106 231.491 906.684 -13 22876 1 0 1
-54.6606 52.7937 0 -106.07 -17.8318 216.588 906.694 -13 22877 1 0 1
-75.0596 58.1103 0 -95.2237 -35.854 198.686 906.726 -13 22879 1 0 1
-25.0225 7.27517 0 -44.9998 -19.7247 204.076 905.984 -13 22908 1 0 1
-10.9885 26.3562 0 -34.321 17.5081 225.875 906.633 -13 23010 1 0 1
17.8072 -11.475 0 26.6628 12.488 230.606 906.531 -13 23131 1 0 1
-5.98846 8.45093 0 -12.1208 7.49533 191.231 906.46 -13 23195 1 0 1
-22.3168 18.1402 0 -35.3731 7.06562 208.953 906.611 -13 23221 1 0 1
-7.48388 8.21705 0 -23.6351 3.82868 224.133 906.307 -13 23354 1 0 1
-9.28086 10.9436 0 -11.6863 12.3931 233.255 906.507 -13 23370 1 0 1
-26.561 -10.3772 0 -11.8338 -38.8226 221.191 906.612 -13 23419 1 0 1
0.566317 -1.40863 0 -1.623 -11.8993 214.297 906.593 -13 23587 1 0 1
4.52818 1.44123 0 -15.2964 -17.6144 207.771 906.427 -13 23612 1 0 1
-5.11876 -2.53406 0 -7.56162 -7.8193 228.583 906.502 -13 23719 1 0 1
-22.7114 29.5911 0 -46.669 -29.4816 180.284 906.438 -13 23759 1 0 1
30.227 17.4982 0 7.25321 62.6168 229.285 906.464 -13 23914 1 0 1
-21.8884 -7.63368 0 -15.0096 -22.9391 199.715 906.451 -13 24012 1 0 1
-16.2915 1.80525 0 -18.7987 -7.33612 224.848 906.604 -13 24096 1 0 1
37.9427 22.7899 0 6.35721 32.3737 195.534 906.449 -13 24122 1 0 1
-0.312647 24.945 0 -25.2637 16.7602 226.226 906.342 -13 24172 1 0 1
1.70479 44.9265 0 -44.4343 43.0931 221.147 906.62 -13 24249 1 0 1
-16.1145 23.9677 0 -42.1775 1.33471 215.427 906.296 -13 24814 1 0 1
-5.95219 15.1375 0 -19.4001 -12.7473 208.349 906.408 -13 24849 1 0 1
3.4548 59.0953 0 -66.64 68.7427 216.176 906.395 -13 24878 1 0 1
12.9851 39.0782 0 -18.3337 58.4789 229.566 906.462 -13 25136 1 0 1
-20.3036 54.9567 0 -63.2259 34.515 203.569 906.228 -13 25263 1 0 1
16.6904 40.6548 0 -28.1599 56.6916 220.748 906.42 -13 25294 1 0 1
-4.38971 36.955 0 -30.64 28.6272 202.362 906.469 -13 25402 1 0 1
-3.45918 14.6668 0 -9.97089 19.3566 228.806 906.403 -13 25435 1 0 1
-24.1304 55.7405 0 -80.3807 24.7812 218.025 906.465 -13 25549 1 0 1
-16.7843 51.4713 0 -58.6311 -18.1542 191.999 906.889 -13 25560 1 0 1
-14.9966 34.1231 0 -48.7182 -4.48408 198.788 906.698 -13 25589 1 0 1
31.38 45.8096 0 -19.3601 72.5562 220.34 906.5 -13 25829 1 0 1
-18.7726 24.7017 0 -36.1923 21.9673 233.458 906.603 -13 25898 1 0 1
-7.09933 -0.346094 0 3.50233 11.5602 226.338 906.085 -13 25973 1 0 1
-12.8312 -0.813094 0 -10.2748 -29.4426 230.38 906.315 -13 26062 1 0 1
18.5402 4.28942 0 23.7288 19.4695 229.353 906.43 -13 26075 1 0 1
-49.9501 -19.3339 0 -30.9588 -63.7573 221.429 906.631 -13 26287 1 0 1
58.598 11.8594 0 14.4281 69.6759 232.889 906.467 -13 26313 1 0 1
-15.1425 25.3701 0 -35.6128 -2.70548 221.291 906.537 -13 26366 1 0 1
-5.76089 9.92677 0 -18.0333 -2.21175 226.738 906.34 -13 26488 1 0 1
-19.0378 7.45879 0 -29.1046 -19.165 237.04 906.334 -13 26535 1 0 1
1.43437 17.4994 0 -25.9417 7.77809 219.8 906.333 -13 26687 1 0 1
-18.96 40.9597 0 -58.8249 4.61634 225.424 906.743 -13 26733 1 0 1
10.3028 16.8636 0 -22.9416 -0.993105 205.461 906.146 -13 26776 1 0 1
-4.76856 9.57701 0 -5.02164 12.8953 228.906 906.508 -13 26809 1 0 1
13.2167 19.8311 0 -4.64969 41.1556 238.329 906.376 -13 27080 1 0 1
-24.8988 47.6802 0 -76.0022 15.158 211.573 906.29 -13 27093 1 0 1
6.42467 5.39506 0 6.78236 2.91237 235.265 906.648 -13 27152 1 0 1
-13.8918 -4.13684 0 -2.7902 -0.485188 199.723 906.327 -13 27314 1 0 1
-25.7222 14.0628 0 -33.3867 -9.73368 220.133 906.219 -13 27421 1 0 1
-0.0226131 40.8018 0 -41.3186 6.30665 194.966 906.588 -13 27501 1 0 1
-43.3441 -6.34643 0 -28.5782 -39.4719 201.76 906.523 -13 27519 1 0 1
-0.657267 -8.82323 0 -2.08325 -14.6886 219.968 906.446 -13 27913 1 0 1
-38.3012 -6.12758 0 -32.7395 -37.3684 223.969 906.355 -13 27932 1 0 1
10.3834 6.9058 0 -17.7503 18.9172 203.699 906.529 -13 27955 1 0 1
-8.50314 18.0861 0 -25.5994 10.8836 213.044 906.639 -13 27989 1 0 1
11.3892 43.0341 0 -21.1206 55.0225 222.157 906.416 -13 28376 1 0 1
-35.8467 -39.5884 0 13.9627 -37.2278 203.713 906.312 -13 28379 1 0 1
-0.275419 -7.73655 0 8.39019 6.18206 207.817 906.409 -13 28432 1 0 1
-24.0949 -7.51251 0 -18.0725 -11.6574 225.062 906.658 -13 28456 1 0 1
-45.3374 -11.4529 0 -44.669 -48.0577 231.995 906.373 -13 28547 1 0 1
-42.8689 -12.3354 0 -6.37208 -38.3178 186.783 905.944 -13 28549 1 0 1
-15.2831 12.3853 0 -36.8837 1.30961 229.217 906.678 -13 28651 1 0 1
6.53879 38.3735 0 -38.1716 19.9312 198.958 906.475 -13 28780 1 0 1
-21.2177 14.2081 0 -35.7852 -2.74433 234.135 906.438 -13 28964 1 0 1
-22.7093 17.7148 0 -34.8667 -12.1527 199.091 906.659 -13 29002 1 0 1
4.09252 -1.17007 0 2.58721 6.24374 228.452 906.518 -13 29047 1 0 1
-0.482298 -17.1507 0 3.10603 -14.9069 230.432 906.428 -13 29140 1 0 1
-46.6927 -17.2695 0 -3.36764 -38.7456 212.997 906.268 -13 29258 1 0 1
10.3478 -6.04453 0 20.2423 -17.2738 193.334 906.331 -13 29621 1 0 1
-11.1812 -8.76282 0 5.83977 -29.436 200.79 906.316 -13 29624 1 0 1
-5.65601 52.1663 0 -44.5303 24.9664 196.807 903.575 -13 29741 1 0 1
-13.2861 24.4142 0 -45.805 13.9889 223.977 906.663 -13 30001 1 0 1
-43.2142 -26.4287 0 -8.86498 -39.7579 228.292 906.851 -13 30084 1 0 1
11.6728 57.5149 0 -50.9529 58.4909 222.145 906.515 -13 30113 1 0 1
-71.5129 52.6094 0 -88.8841 -46.0086 204.554 906.804 -13 30310 1 0 1
22.7103 8.2616 0 -14.2353 3.74962 224.76 906.32 -13 30334 1 0 1
1.21185 -17.4277 0 26.1468 -5.40457 185.236 903.392 -13 30449 1 0 1
53.2739 49.1375 0 2.02678 84.8809 218.54 906.75 -13 30529 1 0 1
-19.4132 16.0008 0 -35.1599 -5.79205 196.762 906.449 -13 30593 1 0 1
-5.09513 -4.61852 0 -8.7229 -4.91357 209.75 906.264 -13 30627 1 0 1
-40.7408 13.6075 0 -46.3741 -28.3934 216.203 906.559 -13 30861 1 0 1
-16.4567 37.0853 0 -53.6749 17.7493 223.221 906.461 -13 30949 1 0 1
29.2499 9.22291 0 5.64851 28.6712 177.796 906.247 -13 30959 1 0 1
26.9829 35.5957 0 -6.63673 42.9839 222.976 906.653 -13 31275 1 0 1
-33.2563 15.0717 0 -37.1073 -30.2173 217.294 906.503 -13 31314 1 0 1
-8.7184 1.43753 0 -10.0032 0.222606 231.544 906.459 -13 31717 1 0 1
10.2611 20.9534 0 -10.7497 40.1967 230.539 906.363 -13 32089 1 0 1
-15.2453 16.9168 0 -29.2253 -6.33954 218.559 906.627 -13 32367 1 0 1
-11.4189 23.3934 0 -33.7997 34.0349 234.494 906.514 -13 32404 1 0 1
28.3812 5.5706 0 1.91306 44.1811 221.926 906.082 -13 32423 1 0 1
-36.5789 8.93866 0 -44.0315 -16.0821 225.145 906.439 -13 32592 1 0 1
-21.1421 22.4494 0 -34.1345 9.85359 220.896 903.332 -13 32807 1 0 1
-22.0568 6.04716 0 -9.94495 -29.1365 182.253 906.01 -13 32895 1 0 1
22.6275 -1.35951 0 -17.6855 39.7657 212.351 906.215 -13 32962 1 0 1
37.3744 -74.392 0 117.871 -43.3384 222.198 903.575 -13 32963 1 0 1
-12.0817 16.7178 0 -34.7312 13.3764 228.81 906.814 -13 33148 1 0 1
-29.0259 24.7356 0 -50.3687 -11.6301 217.048 906.376 -13 33188 1 0 1
0.899705 9.61192 0 -23.2418 13.2671 227.487 906.493 -13 33576 1 0 1
-16.2794 -5.31871 0 -10.1906 -1.52348 218.666 906.7 -13 33758 1 0 1
32.2847 36.3996 0 -47.4012 45.0863 201.04 906.579 -13 33809 1 0 1
-4.7886 6.97163 0 -14.766 -6.33465 228.73 906.517 -13 34232 1 0 1
-19.7005 38.2142 0 -47.2879 -3.01963 193.69 906.685 -13 34482 1 0 1
-52.5263 9.79921 0 -27.7488 -30.3997 209.143 906.324 -13 34514 1 0 1
30.0558 -7.32743 0 17.8175 19.8065 207.5 906.499 -13 34546 1 0 1
-24.1457 21.1906 0 -48.1397 5.40079 235.238 906.52 -13 34566 1 0 1
2.40477 -4.89696 0 25.5273 -19.1349 204.48 906.474 -13 34598 1 0 1
-25.351 13.7929 0 -24.2298 -11.2608 206.148 906.519 -13 34616 1 0 1
-7.81268 -7.26504 0 -7.79574 -26.6951 206.276 906.295 -13 34923 1 0 1
-46.3868 28.0336 0 -49.1284 -28.8706 201.818 903.846 -13 34928 1 0 1
17.0815 -4.71859 0 21.2677 29.6237 237.315 906.401 -13 34982 1 0 1
1.80808 22.3948 0 -30.832 32.5945 238.102 906.549 -13 35013 1 0 1
-56.7368 4.48031 0 -28.5903 -38.0121 210.106 906.068 -13 35151 1 0 1
-11.8233 43.9382 0 -66.0985 -7.18839 186.139 906.566 -13 35153 1 0 1
-23.8466 15.265 0 -34.3927 -19.3017 211.089 906.683 -13 35193 1 0 1
-48.0251 13.1774 0 -32.3032 -8.45613 225.91 906.364 -13 35226 1 0 1
6.82909 21.9752 0 -25.3774 16.9423 204.218 906.551 -13 35287 1 0 1
-35.875 26.4944 0 -45.0292 -25.8198 199.071 906.635 -13 35297 1 0 1
4.18129 22.5658 0 -24.678 35.3483 234.058 906.484 -13 35338 1 0 1
-6.38512 34.2329 0 -41.6823 38.5341 231.292 906.425 -13 35442 1 0 1
-38.0036 -9.07914 0 -19.4003 -35.9992 223.116 906.616 -13 35556 1 0 1
-25.9193 34.0474 0 -38.6147 -38.8424 180.532 906.31 -13 35841 1 0 1
-19.9317 35.4384 0 -60.5098 -0.525723 214.476 906.604 -13 35850 1 0 1
-25.3314 42.2863 0 -62.7037 -3.7136 198.94 906.43 -13 35880 1 0 1
8.78812 30.1222 0 -26.451 31.8047 200.775 906.449 -13 35980 1 0 1
-17.0604 37.7271 0 -51.132 -15.8057 191.838 906.287 -13 36043 1 0 1
14.3677 -8.25817 0 5.14963 -8.95667 205.53 906.402 -13 36044 1 0 1
18.7237 12.4166 0 -16.2913 2.43401 201.712 906.322 -13 36125 1 0 1
-31.3146 29.5665 0 -53.8396 -9.04991 209.148 907.15 -13 36126 1 0 1
4.10064 63.1435 0 -67.3776 8.87831 198.32 906.5 -13 36218 1 0 1
-21.1726 7.88122 0 -25.2956 -9.03603 230.63 906.407 -13 36375 1 0 1
6.36796 13.1333 0 8.29452 33.5046 236.309 906.621 -13 36441 1 0 1
-16.2863 3.33452 0 -34.579 -29.1957 199.708 906.196 -13 36501 1 0 1
5.57977 12.7579 0 -16.0353 19.3387 228.455 906.319 -13 36520 1 0 1
-12.0577 2.98172 0 -30.5238 -8.00425 212.115 906.709 -13 36627 1 0 1
-14.5026 -34.3686 0 10.9576 -39.1389 216.842 906.217 -13 36662 1 0 1
-34.5146 16.464 0 -39.9949 -20.7934 217.768 906.358 -13 36666 1 0 1
-17.8242 29.3301 0 -44.2696 19.4477 230.018 906.668 -13 36724 1 0 1
-33.517 99.3791 0 -102.399 -22.9576 190.217 907.018 -13 36785 1 0 1
-28.5227 7.24 0 -35.9285 -3.45394 237.086 906.508 -13 36934 1 0 1
-4.86303 -16.1586 0 14.7449 -24.8618 203.58 906.304 -13 36944 1 0 1
17.0178 28.8176 0 -14.922 38.882 227.388 906.565 -13 37076 1 0 1
-45.6226 29.8356 0 -55.9821 -47.9112 192.359 906.628 -13 37080 1 0 1
-6.20626 29.6862 0 -52.875 21.651 219.582 906.118 -13 37137 1 0 1
10.4854 -25.3076 0 11.9752 -18.9341 198.1 906.351 -13 37215 1 0 1
3.71217 36.4012 0 -46.4635 26.2519 229.762 906.576 -13 37387 1 0 1
24.2258 43.3481 0 -39.4935 44.9252 208.036 903.726 -13 37483 1 0 1
-10.8208 19.4575 0 -31.8121 14.4208 226.364 906.649 -13 37623 1 0 1
-10.4391 23.3575 0 -32.2458 1.15863 216.614 906.362 -13 37658 1 0 1
-46.081 44.271 0 -54.2039 -42.0685 182.637 906.251 -13 37675 1 0 1
9.38436 26.6173 0 -31.2706 54.295 222.223 906.219 -13 37800 1 0 1
29.3071 -3.20504 0 14.9041 26.0148 207.928 905.82 -13 37846 1 0 1
-4.06301 36.961 0 -44.6576 21.7881 217.03 906.653 -13 37974 1 0 1
-24.2833 -12.4766 0 -3.25285 -27.8074 198.934 905.952 -13 38037 1 0 1
-41.7229 -25.7337 0 -5.15997 -54.9821 202.969 906.729 -13 38149 1 0 1
-8.21623 62.6214 0 -71.8284 32.0551 206.704 906.876 -13 38250 1 0 1
-29.0479 13.778 0 -38.2012 -14.385 227.548 906.301 -13 38367 1 0 1
-4.10313 11.7379 0 -22.3136 20.2784 235.922 906.488 -13 38371 1 0 1
-13.7456 38.6621 0 -41.2023 2.99251 188.147 906.166 -13 38517 1 0 1
-19.5897 14.5806 0 -29.0051 -23.3767 197.092 906.492 -13 38597 1 0 1
20.9431 10.7562 0 -17.3179 4.58957 230.577 906.25 -13 38650 1 0 1
17.0647 17.0741 0 -0.153034 41.2549 236.795 906.618 -13 38713 1 0 1
-22.8947 27.8632 0 -58.8529 -5.37544 191.799 906.419 -13 38805 1 0 1
3.41807 -1.3547 0 1.90093 -2.29365 234.91 906.396 -13 38819 1 0 1
-12.436 -9.10365 0 -19.6257 -18.4218 240.985 906.425 -13 39677 1 0 1
32.569 40.0335 0 -17.2929 62.9901 217.364 906.634 -13 39753 1 0 1
-1.44445 10.2261 0 -11.6348 19.1344 237.207 906.403 -13 39801 1 0 1
-36.4205 -2.19562 0 -51.5587 -47.5056 230.366 906.489 -13 39812 1 0 1
-20.0434 29.8588 0 -46.5419 10.603 207.923 906.536 -13 39927 1 0 1
-36.1278 37.4367 0 -53.6147 8.91857 217.919 906.011 -13 40029 1 0 1
-29.2567 -1.03943 0 -24.2805 -23.8273 226.769 906.745 -13 40260 1 0 1
-15.3764 34.0032 0 -41.3855 -13.3031 208.582 906.414 -13 40295 1 0 1
-1.68877 -1.0542 0 -4.89111 -21.4579 189.849 906.346 -13 40373 1 0 1
1.21817 17.6377 0 -14.2069 20.6073 227.555 906.581 -13 40374 1 0 1
-17.2257 41.0637 0 -45.8715 13.2694 217.971 906.41 -13 40416 1 0 1
-49.2536 5.45647 0 -34.6082 -15.6271 232.596 906.18 -13 40430 1 0 1
-0.548331 9.55419 0 -16.3205 24.8179 213.998 906.092 -13 40433 1 0 1
11.4184 24.9687 0 -16.2805 33.8571 226.97 906.327 -13 40493 1 0 1
25.294 12.6354 0 5.82499 42.8079 229.953 906.51 -13 40562 1 0 1
-11.942 -11.3846 0 -2.45272 -8.40537 214.476 903.458 -13 40699 1 0 1
-18.4531 12.6766 0 -30.1944 -10.0167 221.353 906.568 -13 40792 1 0 1
-37.9311 34.688 0 -38.5523 -34.7174 182.265 906.336 -13 41076 1 0 1
-65.7617 35.8517 0 -92.8852 -29.3624 223.748 906.566 -13 41091 1 0 1
-18.2212 17.3759 0 -45.6151 9.38287 233.414 906.627 -13 41304 1 0 1
-32.7426 44.9404 0 -73.8673 8.45359 214.306 905.958 -13 41322 1 0 1
-32.741 41.8901 0 -61.2033 -14.1199 206.914 906.702 -13 41333 1 0 1
17.9199 66.8009 0 -42.7142 51.1109 203.371 906.663 -13 41335 1 0 1
-4.64426 30.789 0 -28.4177 24.6342 219.185 906.65 -13 41399 1 0 1
-29.8805 -8.93834 0 -12.1871 -27.2407 204.781 906.627 -13 41534 1 0 1
0.971488 50.1599 0 -47.6352 61.4557 221.176 906.724 -13 41649 1 0 1
-14.9133 10.9653 0 -22.0094 -14.0819 195.044 906.552 -13 41979 1 0 1
-4.10554 25.0753 0 -38.4876 19.5707 219.463 906.408 -13 42190 1 0 1
-24.9491 24.6512 0 -58.5868 4.46831 231.018 906.59 -13 42600 1 0 1
-17.657 9.38538 0 -30.4361 -3.01572 228.204 906.66 -13 42624 1 0 1
17.6458 1.80666 0 -3.36226 20.0704 245.079 906.537 -13 42707 1 0 1
-8.56473 2.78533 0 -18.5444 15.9623 231.746 906.439 -13 42754 1 0 1
4.79944 36.0372 0 -37.7949 48.1046 220.44 906.289 -13 42767 1 0 1
-49.3757 56.6032 0 -86.2993 2.84461 224.936 906.72 -13 42912 1 0 1
0.711308 0.180377 0 -21.7939 -24.564 207.018 906.134 -13 43142 1 0 1
10.8751 51.7978 0 -43.0749 34.7069 207.275 906.658 -13 43260 1 0 1
-21.5034 4.72865 0 -30.7741 -1.86104 229.133 906.488 -13 43484 1 0 1
-2.51634 -1.05325 0 -4.31196 0.995183 229.257 906.463 -13 43485 1 0 1
38.5533 12.3956 0 18.7464 56.4237 231.34 906.655 -13 43486 1 0 1
1.73066 -24.1966 0 13.6673 -12.7326 182.839 906.216 -13 43645 1 0 1
-45.5429 36.4742 0 -73.0942 -18.3585 217.832 906.076 -13 43744 1 0 1
16.4647 24.2169 0 5.77035 1.14027 228.44 906.165 -13 44154 1 0 1
-11.9942 -3.70577 0 -9.3601 -14.6961 220.363 906.591 -13 44451 1 0 1
-14.5951 21.5424 0 -28.5524 0.751137 224.163 906.356 -13 44537 1 0 1
-37.9515 21.5027 0 -50.1534 -19.5164 215.515 906.681 -13 44627 1 0 1
-55.2568 21.193 0 -39.4699 -50.9792 199.519 906.365 -13 44669 1 0 1
3.77264 0.559048 0 3.59258 12.3847 231.503 906.598 -13 44846 1 0 1
14.3089 10.5083 0 12.1697 26.2413 235.873 906.513 -13 44945 1 0 1
-9.46359 20.0504 0 -36.157 4.10822 229.948 906.63 -13 44961 1 0 1
-26.114 24.9766 0 -54.1411 -0.0490287 220.997 906.449 -13 45131 1 0 1
-16.9061 22.9432 0 -42.3514 -20.9699 213.918 906.482 -13 45237 1 0 1
-28.7849 7.334 0 -27.7791 -8.2036 217.343 906.62 -13 45349 1 0 1
16.5329 22.6168 0 -7.37688 54.7049 229.579 906.499 -13 45418 1 0 1
40.6429 -42.1988 0 58.3878 22.4778 218.776 903.474 -13 45862 1 0 1
-20.907 -25.7709 0 -7.02812 -51.2321 226.345 906.495 -13 45968 1 0 1
-5.48037 21.7888 0 -25.5248 19.0075 231.664 906.499 -13 46056 1 0 1
-26.6995 29.7627 0 -57.2038 1.42709 220.995 906.353 -13 46064 1 0 1
-36.0264 32.7021 0 -68.3478 -31.9963 193.641 906.535 -13 46181 1 0 1
-36.9321 4.9804 0 -41.3973 -25.71 224.708 906.609 -13 46297 1 0 1
-46.9223 -34.7753 0 -23.4667 -53.8222 236.133 903.549 -13 46377 1 0 1
-8.20725 16.0552 0 -22.1972 -25.8709 224.369 906.398 -13 46453 1 0 1
-14.2892 66.887 0 -76.4698 10.0685 202.275 906.524 -13 46629 1 0 1
-7.85384 28.7163 0 -35.5212 14.9641 230.823 906.542 -13 46780 1 0 1
22.974 29.4313 0 -21.805 34.1159 209.954 906.668 -13 46992 1 0 1
-47.1785 47.2654 0 -72.1121 -32.7248 196.329 906.623 -13 47020 1 0 1
-15.4275 20.7963 0 -43.4096 12.7253 228.295 906.524 -13 47049 1 0 1
-9.78792 33.7856 0 -41.2283 15.4525 221.789 903.735 -13 47222 1 0 1
-7.03203 6.59927 0 -11.2991 -29.875 198.1 906.283 -13 47283 1 0 1
-13.3985 28.6683 0 -39.5857 17.6345 229.171 906.475 -13 47385 1 0 1
18.0704 36.0054 0 -25.5019 33.4799 225.58 906.103 -13 47488 1 0 1
-26.0937 12.7023 0 -16.8744 -11.7102 216.133 906.406 -13 47599 1 0 1
44.9201 45.6576 0 -35.6661 46.9965 199.677 906.364 -13 47728 1 0 1
-6.59933 70.9165 0 -80.3842 12.1289 203.471 906.367 -13 47752 1 0 1
-2.20383 36.7913 0 -40.6613 -9.25279 191.071 906.037 -13 47828 1 0 1
-4.17497 -22.4475 0 12.3858 -5.83761 194.324 906.168 -13 47856 1 0 1
-8.77235 -14.7518 0 5.23279 -25.7041 195.487 906.441 -13 47881 1 0 1
-40.0247 -9.95159 0 2.20255 -36.6898 209.527 906.21 -13 47891 1 0 1
-27.1942 15.8625 0 -39.7862 -12.0576 214.688 906.721 -13 47925 1 0 1
-15.3934 49.7442 0 -58.4009 49.8996 212.414 906.586 -13 48062 1 0 1
-25.3457 22.3969 0 -66.1038 -8.43376 210.639 903.3 -13 48069 1 0 1
-38.2517 -3.93977 0 -56.3041 -44.0822 221.046 906.447 -13 48301 1 0 1
4.30386 41.7246 0 -39.8045 23.5841 204.712 906.474 -13 48303 1 0 1
-7.99922 -24.3415 0 16.1221 -21.3333 193.794 906.224 -13 48431 1 0 1
7.42578 28.3875 0 -24.7397 22.639 238.175 906.377 -13 48503 1 0 1
-18.6194 13.1192 0 -31.3366 -12.2181 207.303 906.298 -13 48654 1 0 1
7.78605 15.0938 0 -28.4011 4.65718 218.947 906.501 -13 48709 1 0 1
-7.01713 5.23318 0 -25.5628 11.9871 204.31 906.366 -13 48795 1 0 1
-2.79495 14.744 0 -20.5174 22.384 232.42 906.612 -13 48817 1 0 1
-27.4156 3.8947 0 -30.7272 -21.3037 222.77 906.704 -13 48888 1 0 1
-4.7504 48.0148 0 -57.7057 42.2924 208.537 906.598 -13 48988 1 0 1
-4.41212 -3.95926 0 -14.6153 -36.8338 229.652 906.379 -13 49179 1 0 1
8.71488 37.6022 0 -42.1388 24.2644 224.179 906.667 -13 49243 1 0 1
-34.7049 -15.9963 0 -17.6739 -42.7489 233.921 906.584 -13 49264 1 0 1
13.7385 8.16896 0 9.0715 9.15775 215.317 906.052 -13 49302 1 0 1
14.2289 12.6106 0 -8.87579 5.26139 187.237 906.321 -13 49627 1 0 1
-19.4048 -37.4532 0 9.50071 -42.2733 208.495 906.329 -13 49748 1 0 1
-35.8872 13.6199 0 -19.8096 -51.4074 183.115 906.544 -13 49770 1 0 1
14.6187 25.7291 0 -19.2147 7.96262 216.318 906.978 -13 49779 1 0 1
-24.8078 5.14901 0 -35.2718 -16.6418 221.862 906.541 -13 49846 1 0 1
-10.1624 -12.7374 0 4.81181 -15.4396 219.431 906.756 -13 49857 1 0 1
-20.01 15.0772 0 -18.0973 -22.7591 210.768 906.548 -13 50165 1 0 1
-15.5442 2.7735 0 -18.3538 -2.69062 232.528 906.511 -13 50175 1 0 1
22.2753 57.8457 0 -40.9419 62.2148 225.138 906.675 -13 50366 1 0 1
-36.4676 5.468 0 -36.0774 -21.1668 214.093 906.637 -13 50549 1 0 1
-1.74916 10.5025 0 -18.1631 16.9127 217.933 906.242 -13 50550 1 0 1
2.12299 44.5094 0 -33.5357 66.2441 230.046 906.42 -13 50556 1 0 1
-8.88342 27.9503 0 -9.48884 12.5426 204.205 906.324 -13 50809 1 0 1
-21.2176 7.4471 0 -29.2448 -16.8169 198.597 906.521 -13 50849 1 0 1
-45.6745 -28.5322 0 -12.1022 -55.3743 204.238 906.432 -13 50895 1 0 1
-19.8665 9.38182 0 -26.5336 -35.9204 185.154 906.103 -13 50899 1 0 1
19.7679 14.1353 0 18.794 57.3691 223.922 906.536 -13 50973 1 0 1
-5.21528 4.53554 0 -15.5428 6.35533 222.112 906.515 -13 51021 1 0 1
2.80453 -4.87661 0 -5.77939 1.24469 229.932 906.351 -13 51028 1 0 1
19.0069 1.74562 0 -4.78269 21.5129 214.871 906.572 -13 51079 1 0 1
4.11283 2.63293 0 -0.021099 22.3353 222.795 906.389 -13 51100 1 0 1
27.8904 54.7091 0 -27.6768 84.2959 218.466 906.505 -13 51292 1 0 1
-30.3611 54.3865 0 -74.0042 -13.1378 193.465 906.235 -13 51776 1 0 1
-16.2238 11.6251 0 -35.3093 0.49773 235.89 906.607 -13 51923 1 0 1
-46.6609 -15.2154 0 -32.5259 -55.2398 218.942 906.561 -13 51932 1 0 1
-14.8542 20.743 0 -69.3453 -9.42105 219.941 906.318 -13 52088 1 0 1
-10.0146 3.62519 0 -21.7646 6.04604 211.33 906.273 -13 52169 1 0 1
5.11604 47.0863 0 -48.5113 38.5875 212.391 906.462 -13 52434 1 0 1
-7.55284 46.4186 0 -43.6976 14.9663 186.419 906.257 -13 52556 1 0 1
-4.13596 36.7743 0 -37.5867 16.2795 207.295 906.574 -13 52654 1 0 1
-66.5846 21.6744 0 -59.5755 -51.5794 198.299 906.583 -13 52711 1 0 1
13.4364 37.7993 0 -41.5572 -1.24905 207.452 906.218 -13 52741 1 0 1
-15.3024 16.1798 0 -50.7744 12.0849 223.594 906.471 -13 52902 1 0 1
-99.6928 20.4419 0 -78.3432 -83.7967 207.42 906.348 -13 53007 1 0 1
6.28272 41.5275 0 -18.4641 42.908 214.299 906.448 -13 53065 1 0 1
-35.3511 -14.2271 0 -32.0612 -47.1294 230.778 903.284 -13 53121 1 0 1
13.7535 43.8387 0 -28.1098 50.2548 223.223 906.674 -13 53308 1 0 1
-26.667 13.0145 0 -38.2393 -10.3087 216.129 906.536 -13 53482 1 0 1
-9.69797 -12.6708 0 0.916347 -7.44307 235.473 906.652 -13 53562 1 0 1
-12.5734 51.4007 0 -51.7346 -6.85639 182.696 906.436 -13 53754 1 0 1
-17.7351 -5.71121 0 -27.2717 -14.9731 224.856 906.575 -13 53851 1 0 1
-17.2195 19.4046 0 -38.9243 11.6758 224.892 906.489 -13 53873 1 0 1
-29.0672 44.5986 0 -79.8225 13.8964 212.955 906.616 -13 54165 1 0 1
6.48671 12.1353 0 -9.30288 19.9071 231.802 906.505 -13 54178 1 0 1
-48.7236 28.3612 0 -73.566 -20.3121 204.294 906.311 -13 54198 1 0 1
6.59744 18.0675 0 -14.0019 8.22271 213.743 906.399 -13 54259 1 0 1
-11.2648 16.3347 0 -29.7645 -0.374866 221.143 906.787 -13 54312 1 0 1
20.3438 2.21082 0 22.025 4.20014 231.91 906.38 -13 54349 1 0 1
-23.7474 2.11263 0 -33.6267 -15.4688 230.693 906.658 -13 54399 1 0 1
34.6498 -2.83241 0 17.7468 32.5034 209.194 905.907 -13 54575 1 0 1
-1.80125 12.9016 0 -17.6125 -23.4155 181.928 906.025 -13 54626 1 0 1
-32.1553 27.0393 0 -24.2932 -8.39567 213.865 906.333 -13 54656 1 0 1
-49.0983 3.38021 0 -59.1971 -20.8146 220.676 906.887 -13 54667 1 0 1
-8.94741 5.64461 0 -22.1374 -2.38679 226.018 904.044 -13 54671 1 0 1
1.87153 6.14309 0 -18.8089 22.494 221.589 906.44 -13 54789 1 0 1
-14.3999 -9.12829 0 -0.242004 -15.1935 224.369 906.397 -13 54851 1 0 1
-35.864 49.4502 0 -74.4989 -10.8963 193.325 906.47 -13 54859 1 0 1
-9.80634 29.0847 0 -47.9161 27.8062 219.579 906.429 -13 55147 1 0 1
-21.4963 9.81642 0 -35.8313 -16.1131 226.514 906.611 -13 55411 1 0 1
-11.9727 26.9632 0 -40.2984 1.60732 220.192 906.264 -13 55451 1 0 1
-9.58166 17.3956 0 -37.8839 -14.9898 213.664 906.531 -13 55570 1 0 1
8.94648 -4.03776 0 -10.2637 3.6443 202.231 906.119 -13 55621 1 0 1
-12.7599 27.2835 0 -33.6475 -4.64369 224.85 906.606 -13 55644 1 0 1
-20.0883 -0.772551 0 -25.9319 -13.6267 223.464 906.47 -13 55653 1 0 1
-54.799 13.897 0 -105.403 -34.3023 234.221 906.355 -13 55679 1 0 1
-19.1032 -13.9588 0 4.18433 -21.1924 218.67 906.235 -13 55685 1 0 1
-19.5538 -1.72712 0 -5.93748 -39.2093 191.105 906.501 -13 55729 1 0 1
-32.8122 33.7216 0 -53.8804 -36.6913 185.731 906.596 -13 55798 1 0 1
-3.37084 8.38991 0 -9.76093 12.2161 229.534 906.353 -13 56133 1 0 1
-2.14575 -3.46354 0 0.148748 -22.2796 208.701 906.416 -13 56158 1 0 1
9.0419 10.5534 0 -0.507203 -2.76569 196.895 906.579 -13 56193 1 0 1
-3.20409 41.2387 0 -60.8271 16.3244 207.855 906.381 -13 56287 1 0 1
-78.9758 41.4619 0 -110.17 -18.6542 228.767 903.591 -13 56466 1 0 1
6.77286 19.3994 0 -7.81394 18.9966 197.678 906.488 -13 56486 1 0 1
-16.9184 23.9896 0 -60.8447 -4.8435 212.18 906.451 -13 56550 1 0 1
-33.9689 37.673 0 -44.1267 -29.915 200.264 906.372 -13 56667 1 0 1
-37.3357 55.0892 0 -57.4498 -3.84015 201.73 906.277 -13 56789 1 0 1
