#NTuple/Z0
#Units are ns, meters, GeV/c, Tesla, and V/m
#IEVT IPNUM IPTYP IPFLG JSRG T X Y Z Px Py Pz Bx By Bz Weight Ex Ey Ez SARC POLx POLy POLz
0 1 2 0 1 1.03723e-06 -0.00294599 -0.00361502 0 0 0 0.203 0 0 0 1.0000 0 0 0 0   0 0 0
0 1 2 0 2 1.04043e-06 -0.00294599 -0.00361502 0.85 0 0 0.203 0 0 0 1.0000 0 0 0 0   0 0 0
0 1 2 0 3 1.04362e-06 -0.00294599 -0.00361502 1.7 0 0 0.203 0 0 0 1.0000 0 0 0 0   0 0 0
0 1 2 0 4 1.04682e-06 -0.00294599 -0.00361502 2.55 0 0 0.203 0 0 0 1.0000 0 0 0 0   0 0 0
0 1 2 0 5 1.05002e-06 -0.00294599 -0.00361502 3.4 0 0 0.203 0 0 0 1.0000 0 0 0 0   0 0 0
0 1 2 0 6 1.05321e-06 -0.00294599 -0.00361502 4.25 0 0 0.203 0 0 0 1.0000 0 0 0 0   0 0 0
0 1 2 0 7 1.05641e-06 -0.00294599 -0.00361502 5.1 0 0 0.203 0 0 0 1.0000 0 0 0 0   0 0 0
0 1 2 0 8 1.0596e-06 -0.00294599 -0.00361502 5.95 0 0 0.203 0 0 0 1.0000 0 0 0 0   0 0 0
0 1 2 0 9 1.0628e-06 -0.00294599 -0.00361502 6.8 0 0 0.203 0 0 0 1.0000 0 0 0 0   0 0 0
0 1 2 0 10 1.066e-06 -0.00294599 -0.00361502 7.65 0 0 0.203 0 0 0 1.0000 0 0 0 0   0 0 0
0 1 2 0 11 1.06919e-06 -0.00294599 -0.00361502 8.5 0 0 0.203 0 0 0 1.0000 0 0 0 0   0 0 0
0 1 2 0 12 1.07239e-06 -0.00294599 -0.00361502 9.35 0 0 0.203 0 0 0 1.0000 0 0 0 0   0 0 0
0 1 2 0 13 1.07559e-06 -0.00294599 -0.00361502 10.2 0 0 0.203 0 0 0 1.0000 0 0 0 0   0 0 0
0 1 2 0 14 1.07878e-06 -0.00294599 -0.00361502 11.05 0 0 0.203 0 0 0 1.0000 0 0 0 0   0 0 0
0 1 2 0 15 1.08198e-06 -0.00294599 -0.00361502 11.9 0 0 0.203 0 0 0 1.0000 0 0 0 0   0 0 0
0 1 2 0 16 1.08518e-06 -0.00294599 -0.00361502 12.75 0 0 0.203 0 0 0 1.0000 0 0 0 0   0 0 0
0 1 2 0 17 1.08837e-06 -0.00294599 -0.00361502 13.6 0 0 0.203 0 0 0 1.0000 0 0 0 0   0 0 0
0 1 2 0 18 1.09157e-06 -0.00294599 -0.00361502 14.45 0 0 0.203 0 0 0 1.0000 0 0 0 0   0 0 0
0 1 2 0 19 1.09476e-06 -0.00294599 -0.00361502 15.3 0 0 0.203 0 0 0 1.0000 0 0 0 0   0 0 0
0 1 2 0 20 1.09796e-06 -0.00294599 -0.00361502 16.15 0 0 0.203 0 0 0 1.0000 0 0 0 0   0 0 0
0 1 2 0 21 1.10116e-06 -0.00294599 -0.00361502 17 0 0 0.203 0 0 0 1.0000 0 0 0 0   0 0 0
0 1 2 0 22 1.10435e-06 -0.00294599 -0.00361502 17.85 0 0 0.203 0 0 0 1.0000 0 0 0 0   0 0 0
0 1 2 0 23 1.10755e-06 -0.00294599 -0.00361502 18.7 0 0 0.203 0 0 0 1.0000 0 0 0 0   0 0 0
0 1 2 0 24 1.11075e-06 -0.00294599 -0.00361502 19.55 0 0 0.203 0 0 0 1.0000 0 0 0 0   0 0 0
0 1 2 0 25 1.11394e-06 -0.00294599 -0.00361502 20.4 0 0 0.203 0 0 0 1.0000 0 0 0 0   0 0 0
0 1 2 0 26 1.11714e-06 -0.00294599 -0.00361502 21.25 0 0 0.203 0 0 0 1.0000 0 0 0 0   0 0 0
0 1 2 0 27 1.12034e-06 -0.00294599 -0.00361502 22.1 0 0 0.203 0 0 0 1.0000 0 0 0 0   0 0 0
0 1 2 0 28 1.12353e-06 -0.00294599 -0.00361502 22.95 0 0 0.203 0 0 0 1.0000 0 0 0 0   0 0 0
0 1 2 0 29 1.12673e-06 -0.00294599 -0.00361502 23.8 0 0 0.203 0 0 0 1.0000 0 0 0 0   0 0 0
0 1 2 0 30 1.12992e-06 -0.00294599 -0.00361502 24.65 0 0 0.203 0 0 0 1.0000 0 0 0 0   0 0 0
0 1 2 0 31 1.13312e-06 -0.00294599 -0.00361502 25.5 0 0 0.203 0 0 0 1.0000 0 0 0 0   0 0 0
0 1 2 0 32 1.13632e-06 -0.00294599 -0.00361502 26.35 0 0 0.203 0 0 0 1.0000 0 0 0 0   0 0 0
0 1 2 0 33 1.13951e-06 -0.00294599 -0.00361502 27.2 0 0 0.203 0 0 0 1.0000 0 0 0 0   0 0 0
0 1 2 0 34 1.14271e-06 -0.00294599 -0.00361502 28.05 0 0 0.203 0 0 0 1.0000 0 0 0 0   0 0 0
0 1 2 0 35 1.14591e-06 -0.00294599 -0.00361502 28.9 0 0 0.203 0 0 0 1.0000 0 0 0 0   0 0 0
0 1 2 0 36 1.1491e-06 -0.00294599 -0.00361502 29.75 0 0 0.203 0 0 0 1.0000 0 0 0 0   0 0 0
0 1 2 0 37 1.1523e-06 -0.00294599 -0.00361502 30.6 0 0 0.203 0 0 0 1.0000 0 0 0 0   0 0 0
0 1 2 0 38 1.1555e-06 -0.00294599 -0.00361502 31.45 0 0 0.203 0 0 0 1.0000 0 0 0 0   0 0 0
0 1 2 0 39 1.15869e-06 -0.00294599 -0.00361502 32.3 0 0 0.203 0 0 0 1.0000 0 0 0 0   0 0 0
0 1 2 0 40 1.16189e-06 -0.00294599 -0.00361502 33.15 0 0 0.203 0 0 0 1.0000 0 0 0 0   0 0 0
0 1 2 0 41 1.16508e-06 -0.00294599 -0.00361502 34 0 0 0.203 0 0 0 1.0000 0 0 0 0   0 0 0
0 1 2 0 42 1.16828e-06 -0.00294599 -0.00361502 34.85 0 0 0.203 0 0 0 1.0000 0 0 0 0   0 0 0
0 1 2 0 43 1.17148e-06 -0.00294599 -0.00361502 35.7 0 0 0.203 0 0 0 1.0000 0 0 0 0   0 0 0
0 1 2 0 44 1.17467e-06 -0.00294599 -0.00361502 36.55 0 0 0.203 0 0 0 1.0000 0 0 0 0   0 0 0
0 1 2 0 45 1.17787e-06 -0.00294599 -0.00361502 37.4 0 0 0.203 0 0 0 1.0000 0 0 0 0   0 0 0
0 1 2 0 46 1.18107e-06 -0.00294599 -0.00361502 38.25 0 0 0.203 0 0 0 1.0000 0 0 0 0   0 0 0
0 1 2 0 47 1.18426e-06 -0.00294599 -0.00361502 39.1 0 0 0.203 0 0 0 1.0000 0 0 0 0   0 0 0
0 1 2 0 48 1.18746e-06 -0.00294599 -0.00361502 39.95 0 0 0.203 0 0 0 1.0000 0 0 0 0   0 0 0
0 1 2 0 49 1.19065e-06 -0.00294599 -0.00361502 40.8 0 0 0.203 0 0 0 1.0000 0 0 0 0   0 0 0
0 1 2 0 50 1.19385e-06 -0.00294599 -0.00361502 41.65 0 0 0.203 0 0 0 1.0000 0 0 0 0   0 0 0
0 1 2 0 51 1.19705e-06 -0.00294599 -0.00361502 42.5 0 0 0.203 0 0 0 1.0000 0 0 0 0   0 0 0
0 1 2 0 52 1.20024e-06 -0.00294599 -0.00361502 43.35 0 0 0.203 0 0 0 1.0000 0 0 0 0   0 0 0
0 1 2 0 53 1.20344e-06 -0.00294599 -0.00361502 44.2 0 0 0.203 0 0 0 1.0000 0 0 0 0   0 0 0
0 1 2 0 54 1.20664e-06 -0.00294599 -0.00361502 45.05 0 0 0.203 0 0 0 1.0000 0 0 0 0   0 0 0
0 1 2 0 55 1.20983e-06 -0.00294599 -0.00361502 45.9 0 0 0.203 0 0 0 1.0000 0 0 0 0   0 0 0
0 1 2 0 56 1.21303e-06 -0.00294599 -0.00361502 46.75 0 0 0.203 0 0 0 1.0000 0 0 0 0   0 0 0
0 1 2 0 57 1.21623e-06 -0.00294599 -0.00361502 47.6 0 0 0.203 0 0 0 1.0000 0 0 0 0   0 0 0
0 1 2 0 58 1.21942e-06 -0.00294599 -0.00361502 48.45 0 0 0.203 0 0 0 1.0000 0 0 0 0   0 0 0
0 1 2 0 59 1.22262e-06 -0.00294599 -0.00361502 49.3 0 0 0.203 0 0 0 1.0000 0 0 0 0   0 0 0
0 1 2 0 60 1.22581e-06 -0.00294599 -0.00361502 50.15 0 0 0.203 0 0 0 1.0000 0 0 0 0   0 0 0
0 1 2 0 61 1.22901e-06 -0.00294599 -0.00361502 51 0 0 0.203 0 0 0 1.0000 0 0 0 0   0 0 0
