#NTuple/Z0
#Units are ns, meters, GeV/c, Tesla, and V/m
#IEVT IPNUM IPTYP IPFLG JSRG T X Y Z Px Py Pz Bx By Bz Weight Ex Ey Ez SARC POLx POLy POLz
0 1 2 0 1 1.20983e-06 -0.00179611 -0.00235141 0 0 0 0.203 0 0 0 1.0000 0 0 0 0   0 0 0
0 1 2 0 2 1.21284e-06 -0.00179611 -0.00235141 0.8 0 0 0.203 0 0 0 1.0000 0 0 0 0   0 0 0
0 1 2 0 3 1.21585e-06 -0.00179611 -0.00235141 1.6 0 0 0.203 0 0 0 1.0000 0 0 0 0   0 0 0
0 1 2 0 4 1.21885e-06 -0.00179611 -0.00235141 2.4 0 0 0.203 0 0 0 1.0000 0 0 0 0   0 0 0
0 1 2 0 5 1.22186e-06 -0.00179611 -0.00235141 3.2 0 0 0.203 0 0 0 1.0000 0 0 0 0   0 0 0
0 1 2 0 6 1.22487e-06 -0.00179611 -0.00235141 4 0 0 0.203 0 0 0 1.0000 0 0 0 0   0 0 0
0 1 2 0 7 1.22788e-06 -0.00179611 -0.00235141 4.8 0 0 0.203 0 0 0 1.0000 0 0 0 0   0 0 0
0 1 2 0 8 1.23089e-06 -0.00179611 -0.00235141 5.6 0 0 0.203 0 0 0 1.0000 0 0 0 0   0 0 0
0 1 2 0 9 1.2339e-06 -0.00179611 -0.00235141 6.4 0 0 0.203 0 0 0 1.0000 0 0 0 0   0 0 0
0 1 2 0 10 1.2369e-06 -0.00179611 -0.00235141 7.2 0 0 0.203 0 0 0 1.0000 0 0 0 0   0 0 0
0 1 2 0 11 1.23991e-06 -0.00179611 -0.00235141 8 0 0 0.203 0 0 0 1.0000 0 0 0 0   0 0 0
0 1 2 0 12 1.24292e-06 -0.00179611 -0.00235141 8.8 0 0 0.203 0 0 0 1.0000 0 0 0 0   0 0 0
0 1 2 0 13 1.24593e-06 -0.00179611 -0.00235141 9.6 0 0 0.203 0 0 0 1.0000 0 0 0 0   0 0 0
0 1 2 0 14 1.24894e-06 -0.00179611 -0.00235141 10.4 0 0 0.203 0 0 0 1.0000 0 0 0 0   0 0 0
0 1 2 0 15 1.25195e-06 -0.00179611 -0.00235141 11.2 0 0 0.203 0 0 0 1.0000 0 0 0 0   0 0 0
0 1 2 0 16 1.25495e-06 -0.00179611 -0.00235141 12 0 0 0.203 0 0 0 1.0000 0 0 0 0   0 0 0
0 1 2 0 17 1.25796e-06 -0.00179611 -0.00235141 12.8 0 0 0.203 0 0 0 1.0000 0 0 0 0   0 0 0
0 1 2 0 18 1.26097e-06 -0.00179611 -0.00235141 13.6 0 0 0.203 0 0 0 1.0000 0 0 0 0   0 0 0
0 1 2 0 19 1.26398e-06 -0.00179611 -0.00235141 14.4 0 0 0.203 0 0 0 1.0000 0 0 0 0   0 0 0
0 1 2 0 20 1.26699e-06 -0.00179611 -0.00235141 15.2 0 0 0.203 0 0 0 1.0000 0 0 0 0   0 0 0
0 1 2 0 21 1.27e-06 -0.00179611 -0.00235141 16 0 0 0.203 0 0 0 1.0000 0 0 0 0   0 0 0
0 1 2 0 22 1.273e-06 -0.00179611 -0.00235141 16.8 0 0 0.203 0 0 0 1.0000 0 0 0 0   0 0 0
0 1 2 0 23 1.27601e-06 -0.00179611 -0.00235141 17.6 0 0 0.203 0 0 0 1.0000 0 0 0 0   0 0 0
0 1 2 0 24 1.27902e-06 -0.00179611 -0.00235141 18.4 0 0 0.203 0 0 0 1.0000 0 0 0 0   0 0 0
0 1 2 0 25 1.28203e-06 -0.00179611 -0.00235141 19.2 0 0 0.203 0 0 0 1.0000 0 0 0 0   0 0 0
0 1 2 0 26 1.28504e-06 -0.00179611 -0.00235141 20 0 0 0.203 0 0 0 1.0000 0 0 0 0   0 0 0
0 1 2 0 27 1.28805e-06 -0.00179611 -0.00235141 20.8 0 0 0.203 0 0 0 1.0000 0 0 0 0   0 0 0
0 1 2 0 28 1.29105e-06 -0.00179611 -0.00235141 21.6 0 0 0.203 0 0 0 1.0000 0 0 0 0   0 0 0
0 1 2 0 29 1.29406e-06 -0.00179611 -0.00235141 22.4 0 0 0.203 0 0 0 1.0000 0 0 0 0   0 0 0
0 1 2 0 30 1.29707e-06 -0.00179611 -0.00235141 23.2 0 0 0.203 0 0 0 1.0000 0 0 0 0   0 0 0
0 1 2 0 31 1.30008e-06 -0.00179611 -0.00235141 24 0 0 0.203 0 0 0 1.0000 0 0 0 0   0 0 0
0 1 2 0 32 1.30309e-06 -0.00179611 -0.00235141 24.8 0 0 0.203 0 0 0 1.0000 0 0 0 0   0 0 0
0 1 2 0 33 1.3061e-06 -0.00179611 -0.00235141 25.6 0 0 0.203 0 0 0 1.0000 0 0 0 0   0 0 0
0 1 2 0 34 1.3091e-06 -0.00179611 -0.00235141 26.4 0 0 0.203 0 0 0 1.0000 0 0 0 0   0 0 0
0 1 2 0 35 1.31211e-06 -0.00179611 -0.00235141 27.2 0 0 0.203 0 0 0 1.0000 0 0 0 0   0 0 0
0 1 2 0 36 1.31512e-06 -0.00179611 -0.00235141 28 0 0 0.203 0 0 0 1.0000 0 0 0 0   0 0 0
0 1 2 0 37 1.31813e-06 -0.00179611 -0.00235141 28.8 0 0 0.203 0 0 0 1.0000 0 0 0 0   0 0 0
0 1 2 0 38 1.32114e-06 -0.00179611 -0.00235141 29.6 0 0 0.203 0 0 0 1.0000 0 0 0 0   0 0 0
0 1 2 0 39 1.32415e-06 -0.00179611 -0.00235141 30.4 0 0 0.203 0 0 0 1.0000 0 0 0 0   0 0 0
0 1 2 0 40 1.32715e-06 -0.00179611 -0.00235141 31.2 0 0 0.203 0 0 0 1.0000 0 0 0 0   0 0 0
0 1 2 0 41 1.33016e-06 -0.00179611 -0.00235141 32 0 0 0.203 0 0 0 1.0000 0 0 0 0   0 0 0
0 1 2 0 42 1.33317e-06 -0.00179611 -0.00235141 32.8 0 0 0.203 0 0 0 1.0000 0 0 0 0   0 0 0
0 1 2 0 43 1.33618e-06 -0.00179611 -0.00235141 33.6 0 0 0.203 0 0 0 1.0000 0 0 0 0   0 0 0
0 1 2 0 44 1.33919e-06 -0.00179611 -0.00235141 34.4 0 0 0.203 0 0 0 1.0000 0 0 0 0   0 0 0
0 1 2 0 45 1.3422e-06 -0.00179611 -0.00235141 35.2 0 0 0.203 0 0 0 1.0000 0 0 0 0   0 0 0
0 1 2 0 46 1.3452e-06 -0.00179611 -0.00235141 36 0 0 0.203 0 0 0 1.0000 0 0 0 0   0 0 0
0 1 2 0 47 1.34821e-06 -0.00179611 -0.00235141 36.8 0 0 0.203 0 0 0 1.0000 0 0 0 0   0 0 0
0 1 2 0 48 1.35122e-06 -0.00179611 -0.00235141 37.6 0 0 0.203 0 0 0 1.0000 0 0 0 0   0 0 0
0 1 2 0 49 1.35423e-06 -0.00179611 -0.00235141 38.4 0 0 0.203 0 0 0 1.0000 0 0 0 0   0 0 0
0 1 2 0 50 1.35724e-06 -0.00179611 -0.00235141 39.2 0 0 0.203 0 0 0 1.0000 0 0 0 0   0 0 0
0 1 2 0 51 1.36025e-06 -0.00179611 -0.00235141 40 0 0 0.203 0 0 0 1.0000 0 0 0 0   0 0 0
0 1 2 0 52 1.36325e-06 -0.00179611 -0.00235141 40.8 0 0 0.203 0 0 0 1.0000 0 0 0 0   0 0 0
0 1 2 0 53 1.36626e-06 -0.00179611 -0.00235141 41.6 0 0 0.203 0 0 0 1.0000 0 0 0 0   0 0 0
0 1 2 0 54 1.36927e-06 -0.00179611 -0.00235141 42.4 0 0 0.203 0 0 0 1.0000 0 0 0 0   0 0 0
0 1 2 0 55 1.37228e-06 -0.00179611 -0.00235141 43.2 0 0 0.203 0 0 0 1.0000 0 0 0 0   0 0 0
0 1 2 0 56 1.37529e-06 -0.00179611 -0.00235141 44 0 0 0.203 0 0 0 1.0000 0 0 0 0   0 0 0
0 1 2 0 57 1.3783e-06 -0.00179611 -0.00235141 44.8 0 0 0.203 0 0 0 1.0000 0 0 0 0   0 0 0
0 1 2 0 58 1.3813e-06 -0.00179611 -0.00235141 45.6 0 0 0.203 0 0 0 1.0000 0 0 0 0   0 0 0
0 1 2 0 59 1.38431e-06 -0.00179611 -0.00235141 46.4 0 0 0.203 0 0 0 1.0000 0 0 0 0   0 0 0
0 1 2 0 60 1.38732e-06 -0.00179611 -0.00235141 47.2 0 0 0.203 0 0 0 1.0000 0 0 0 0   0 0 0
0 1 2 0 61 1.39033e-06 -0.00179611 -0.00235141 48 0 0 0.203 0 0 0 1.0000 0 0 0 0   0 0 0
